NumPatterns 2 
Frame 27 
Patt 1 
r0 0.987282 -0.038948 0.154135 -139.419378 
r1 0.131200 -0.347934 -0.928293 255.756198 
r2 0.089784 0.936710 -0.338399 738.787288 

Frame 94 
Patt 0 
r0 -0.979356 0.050852 0.195644 336.795314 
r1 -0.167493 0.337730 -0.926220 316.168421 
r2 -0.113175 -0.939868 -0.322241 868.378492 

Frame 95 
Patt 0 
r0 -0.980331 0.054210 0.189769 330.460028 
r1 -0.160224 0.342817 -0.925637 314.850605 
r2 -0.115234 -0.937837 -0.327388 876.829946 

Frame 96 
Patt 0 
r0 -0.980331 0.054210 0.189769 330.460028 
r1 -0.160224 0.342817 -0.925637 314.850605 
r2 -0.115234 -0.937837 -0.327388 876.829946 

Frame 97 
Patt 0 
r0 -0.980772 0.055343 0.187145 321.433180 
r1 -0.157342 0.343067 -0.926039 311.905441 
r2 -0.115453 -0.937679 -0.327763 879.403207 

Frame 98 
Patt 0 
r0 -0.981859 0.058373 0.180406 312.289463 
r1 -0.149456 0.347270 -0.925779 311.037843 
r2 -0.116690 -0.935947 -0.332246 888.314458 

Frame 99 
Patt 0 
r0 -0.981500 0.065123 0.180049 300.022233 
r1 -0.146910 0.346901 -0.926324 308.616355 
r2 -0.122785 -0.935638 -0.330916 890.737538 

Frame 100 
Patt 0 
r0 -0.981294 0.072149 0.178485 287.064140 
r1 -0.143068 0.347059 -0.926867 306.533270 
r2 -0.128817 -0.935064 -0.330244 895.113006 

Frame 101 
Patt 0 
r0 -0.981105 0.081210 0.175610 274.654191 
r1 -0.136923 0.349840 -0.926749 304.799425 
r2 -0.136697 -0.933283 -0.332110 901.440469 

Frame 102 
Patt 0 
r0 -0.980030 0.089823 0.177408 263.669872 
r1 -0.135726 0.349869 -0.926914 302.132512 
r2 -0.145328 -0.932482 -0.330691 902.326167 

Frame 103 
Patt 0 
r0 -0.979833 0.096428 0.175012 255.107801 
r1 -0.131451 0.348586 -0.928013 300.182302 
r2 -0.150493 -0.932303 -0.328880 904.053352 

Frame 104 
Patt 0 
r0 -0.979622 0.103200 0.172308 247.189628 
r1 -0.126744 0.347880 -0.928932 298.639033 
r2 -0.155808 -0.931842 -0.327711 906.047904 

Frame 105 
Patt 0 
r0 -0.979821 0.108639 0.167777 239.600586 
r1 -0.120754 0.347159 -0.929999 298.094685 
r2 -0.159279 -0.931492 -0.327035 909.433459 

Frame 106 
Patt 0 
r0 -0.979212 0.111270 0.169594 233.202208 
r1 -0.121901 0.345448 -0.930487 297.432154 
r2 -0.162121 -0.931818 -0.324703 909.315288 

Frame 107 
Patt 0 
r0 -0.978814 0.114361 0.169838 228.710661 
r1 -0.121445 0.343552 -0.931248 298.282552 
r2 -0.164846 -0.932145 -0.322385 910.130618 

Frame 108 
Patt 0 
r0 -0.979474 0.112381 0.167336 225.070242 
r1 -0.120340 0.339962 -0.932708 299.782475 
r2 -0.161706 -0.933701 -0.319460 911.865503 

Frame 109 
Patt 0 
r0 -0.980019 0.111213 0.164907 220.428261 
r1 -0.118928 0.336919 -0.933992 301.436198 
r2 -0.159432 -0.934943 -0.316960 915.559418 

Frame 110 
Patt 0 
r0 -0.979701 0.111269 0.166751 213.099257 
r1 -0.120677 0.336866 -0.933787 300.158087 
r2 -0.160074 -0.934955 -0.316601 920.237231 

Frame 111 
Patt 0 
r0 -0.978467 0.111931 0.173416 207.238212 
r1 -0.126925 0.336246 -0.933182 296.057892 
r2 -0.162763 -0.935099 -0.314799 919.887023 

Frame 112 
Patt 0 
r0 -0.978328 0.110525 0.175095 204.695925 
r1 -0.128871 0.336863 -0.932693 291.802157 
r2 -0.162069 -0.935044 -0.315319 919.542934 

Frame 113 
Patt 0 
r0 -0.979841 0.107958 0.168099 202.566699 
r1 -0.122821 0.338111 -0.933058 288.678173 
r2 -0.157567 -0.934894 -0.318035 923.495850 

Frame 114 
Patt 0 
r0 -0.980512 0.107715 0.164299 196.814887 
r1 -0.119169 0.338783 -0.933287 284.875549 
r2 -0.156190 -0.934679 -0.319344 923.830231 

Frame 115 
Patt 0 
r0 -0.981417 0.109435 0.157619 189.533230 
r1 -0.112196 0.339106 -0.934034 284.050617 
r2 -0.155666 -0.934361 -0.320527 927.585647 

Frame 116 
Patt 0 
r0 -0.980707 0.113487 0.159170 177.775502 
r1 -0.112505 0.338204 -0.934324 282.336417 
r2 -0.159866 -0.934205 -0.318911 930.190446 

Frame 117 
Patt 0 
r0 -0.980132 0.118008 0.159421 164.154386 
r1 -0.111121 0.339081 -0.934171 279.398914 
r2 -0.164296 -0.933326 -0.319231 933.755971 

Frame 118 
Patt 0 
r0 -0.978837 0.123822 0.162931 153.227167 
r1 -0.112710 0.338336 -0.934251 277.177737 
r2 -0.170806 -0.932843 -0.317220 932.403633 

Frame 119 
Patt 0 
r0 -0.979299 0.124848 0.159334 144.547223 
r1 -0.109348 0.336124 -0.935448 276.995686 
r2 -0.170345 -0.933506 -0.315514 934.641065 

Frame 120 
Patt 0 
r0 -0.978840 0.126967 0.160473 134.326239 
r1 -0.109651 0.336674 -0.935215 275.735717 
r2 -0.172768 -0.933022 -0.315627 936.939288 

Frame 121 
Patt 0 
r0 -0.978810 0.128781 0.159204 122.321275 
r1 -0.108105 0.335312 -0.935884 273.514779 
r2 -0.173907 -0.933264 -0.314285 938.536683 

Frame 122 
Patt 0 
r0 -0.977767 0.133657 0.161577 110.228300 
r1 -0.109328 0.332597 -0.936710 270.912110 
r2 -0.178938 -0.933550 -0.310590 937.516418 

Frame 123 
Patt 0 
r0 -0.977280 0.138090 0.160792 100.690649 
r1 -0.107121 0.332806 -0.936891 270.436532 
r2 -0.182888 -0.932830 -0.310452 938.102437 

Frame 124 
Patt 0 
r0 -0.977070 0.136127 0.163717 93.521629 
r1 -0.111267 0.329129 -0.937707 270.373968 
r2 -0.181531 -0.934422 -0.306436 936.042952 

Frame 125 
Patt 0 
r0 -0.977290 0.133830 0.164296 87.156894 
r1 -0.112678 0.328439 -0.937780 271.099533 
r2 -0.179465 -0.934996 -0.305900 938.192674 

Frame 126 
Patt 0 
r0 -0.977710 0.131237 0.163890 77.494908 
r1 -0.112950 0.329243 -0.937465 271.352463 
r2 -0.176990 -0.935081 -0.307081 944.872492 

Frame 127 
Patt 0 
r0 -0.976933 0.134815 0.165608 63.601883 
r1 -0.113047 0.331434 -0.936681 269.437501 
r2 -0.181167 -0.933797 -0.308548 948.143414 

Frame 128 
Patt 0 
r0 -0.975952 0.140105 0.166998 51.313469 
r1 -0.112778 0.331071 -0.936842 267.202031 
r2 -0.186545 -0.933146 -0.307309 944.877997 

Frame 129 
Patt 0 
r0 -0.975256 0.144850 0.167013 41.215351 
r1 -0.111701 0.329078 -0.937673 265.738950 
r2 -0.190782 -0.933127 -0.304756 944.288450 

Frame 130 
Patt 0 
r0 -0.975718 0.145724 0.163523 32.460565 
r1 -0.108116 0.328854 -0.938172 264.348881 
r2 -0.190489 -0.933070 -0.305113 944.238167 

Frame 131 
Patt 0 
r0 -0.974685 0.151260 0.164648 11.362788 
r1 -0.106613 0.332867 -0.936928 258.326134 
r2 -0.196525 -0.930763 -0.308314 943.810174 

Frame 132 
Patt 0 
r0 -0.974685 0.151260 0.164648 11.362788 
r1 -0.106613 0.332867 -0.936928 258.326134 
r2 -0.196525 -0.930763 -0.308314 943.810174 

Frame 133 
Patt 0 
r0 -0.974330 0.158623 0.159751 -5.800554 
r1 -0.099378 0.333680 -0.937433 258.759256 
r2 -0.202005 -0.929245 -0.309351 941.173108 

Frame 134 
Patt 0 
r0 -0.974330 0.158623 0.159751 -5.800554 
r1 -0.099378 0.333680 -0.937433 258.759256 
r2 -0.202005 -0.929245 -0.309351 941.173108 

Frame 135 
Patt 0 
r0 -0.974196 0.162395 0.156749 -26.226765 
r1 -0.095567 0.332374 -0.938293 258.909192 
r2 -0.204473 -0.929061 -0.308278 935.627447 

Frame 136 
Patt 0 
r0 -0.974196 0.162395 0.156749 -26.226765 
r1 -0.095567 0.332374 -0.938293 258.909192 
r2 -0.204473 -0.929061 -0.308278 935.627447 

Frame 137 
Patt 0 
r0 -0.974670 0.162099 0.154086 -36.949634 
r1 -0.093775 0.329274 -0.939566 258.967756 
r2 -0.203040 -0.930216 -0.305732 931.580786 

Frame 138 
Patt 0 
r0 -0.975907 0.160051 0.148287 -48.695733 
r1 -0.088955 0.328721 -0.940228 257.984477 
r2 -0.199229 -0.930767 -0.306564 929.166624 

Frame 139 
Patt 0 
r0 -0.973637 0.169047 0.153145 -59.995625 
r1 -0.091130 0.327205 -0.940549 254.243953 
r2 -0.209107 -0.929710 -0.303174 919.649433 

Frame 140 
Patt 0 
r0 -0.973295 0.171500 0.152590 -69.495172 
r1 -0.089626 0.328060 -0.940396 253.174330 
r2 -0.211336 -0.928959 -0.303928 917.309597 

Frame 141 
Patt 0 
r0 -0.974528 0.169538 0.146803 -78.335221 
r1 -0.084376 0.329320 -0.940441 251.564474 
r2 -0.207786 -0.928873 -0.306626 910.528438 

Frame 142 
Patt 0 
r0 -0.975111 0.170004 0.142328 -87.527173 
r1 -0.079917 0.329288 -0.940841 250.757292 
r2 -0.206814 -0.928799 -0.307506 906.783064 

Frame 143 
Patt 0 
r0 -0.976020 0.165601 0.141286 -96.615748 
r1 -0.079713 0.332064 -0.939883 251.693070 
r2 -0.202562 -0.928606 -0.310900 902.448149 

Frame 144 
Patt 0 
r0 -0.975773 0.161647 0.147439 -108.301161 
r1 -0.087729 0.328265 -0.940503 251.926791 
r2 -0.200428 -0.930651 -0.306131 895.309887 

Frame 145 
Patt 0 
r0 -0.976133 0.158980 0.147951 -119.085024 
r1 -0.089708 0.325249 -0.941364 253.770997 
r2 -0.197779 -0.932169 -0.303225 886.962714 

Frame 146 
Patt 0 
r0 -0.977477 0.152300 0.146095 -127.410552 
r1 -0.090970 0.320576 -0.942844 258.512555 
r2 -0.190430 -0.934899 -0.299501 879.148814 

Frame 147 
Patt 0 
r0 -0.978546 0.142307 0.148983 -138.357639 
r1 -0.098081 0.314157 -0.944291 258.897635 
r2 -0.181184 -0.938645 -0.293460 872.467230 

Frame 148 
Patt 0 
r0 -0.978118 0.137349 0.156273 -151.896489 
r1 -0.106561 0.314396 -0.943292 254.437580 
r2 -0.178692 -0.939303 -0.292880 865.928236 

Frame 149 
Patt 0 
r0 -0.977400 0.131970 0.165148 -163.393023 
r1 -0.116441 0.315943 -0.941606 250.675243 
r2 -0.176441 -0.939555 -0.293436 860.003389 

Frame 150 
Patt 0 
r0 -0.977953 0.126464 0.166178 -173.970584 
r1 -0.119154 0.315591 -0.941385 246.598627 
r2 -0.171496 -0.940430 -0.293564 855.470990 

Frame 151 
Patt 0 
r0 -0.978003 0.122901 0.168538 -182.391612 
r1 -0.122046 0.318093 -0.940171 241.211128 
r2 -0.169159 -0.940060 -0.296096 849.981981 

Frame 152 
Patt 0 
r0 -0.979928 0.114985 0.162846 -189.634200 
r1 -0.118787 0.319225 -0.940205 237.789265 
r2 -0.160094 -0.940677 -0.299158 847.186748 

Frame 153 
Patt 0 
r0 -0.981280 0.107055 0.160088 -200.581337 
r1 -0.117932 0.323142 -0.938974 235.028752 
r2 -0.152253 -0.940276 -0.304468 845.215036 

Frame 154 
Patt 0 
r0 -0.980280 0.114068 0.161369 -214.569765 
r1 -0.117082 0.322584 -0.939272 230.436437 
r2 -0.159196 -0.939642 -0.302868 837.158553 

Frame 155 
Patt 0 
r0 -0.979857 0.118278 0.160903 -229.913980 
r1 -0.115107 0.323898 -0.939063 225.423208 
r2 -0.163187 -0.938669 -0.303760 831.779818 

Frame 156 
Patt 0 
r0 -0.978868 0.122593 0.163671 -242.026857 
r1 -0.116286 0.324662 -0.938654 220.926167 
r2 -0.168210 -0.937852 -0.303545 827.017196 

Frame 157 
Patt 0 
r0 -0.978660 0.122432 0.165029 -253.725453 
r1 -0.117112 0.327588 -0.937534 214.605157 
r2 -0.168846 -0.936855 -0.306259 822.403205 

Frame 158 
Patt 0 
r0 -0.979399 0.122050 0.160878 -264.943842 
r1 -0.112516 0.331726 -0.936642 208.373440 
r2 -0.167685 -0.935447 -0.311160 817.399511 

Frame 159 
Patt 0 
r0 -0.978880 0.127264 0.159994 -276.978402 
r1 -0.109451 0.334764 -0.935924 203.889211 
r2 -0.172670 -0.933669 -0.313764 812.144829 

Frame 160 
Patt 0 
r0 -0.978583 0.132391 0.157629 -288.904559 
r1 -0.104978 0.337726 -0.935372 200.029467 
r2 -0.177071 -0.931887 -0.316595 807.172070 

Frame 161 
Patt 0 
r0 -0.978367 0.136455 0.155495 -299.508615 
r1 -0.101156 0.340106 -0.934930 197.551580 
r2 -0.180461 -0.930434 -0.318945 801.968890 

Frame 162 
Patt 0 
r0 -0.978718 0.140003 0.150032 -309.029482 
r1 -0.094755 0.340187 -0.935572 196.537914 
r2 -0.182022 -0.929877 -0.319681 795.205148 

