NumPatterns 2 
Frame 1 
Patt 0 
r0 -0.859555 0.511042 -0.001206 -35.955384 
r1 0.489711 0.822996 -0.287856 -53.231976 
r2 -0.146114 -0.248018 -0.957673 874.613584 

Frame 2 
Patt 0 
r0 -0.856319 0.516382 0.008236 -36.388654 
r1 0.491367 0.819540 -0.294808 -53.558697 
r2 -0.158983 -0.248402 -0.955521 873.502204 

Frame 3 
Patt 0 
r0 -0.857547 0.514375 0.005637 -35.711010 
r1 0.490415 0.820812 -0.292850 -55.480059 
r2 -0.155261 -0.248368 -0.956142 872.197971 

Frame 4 
Patt 0 
r0 -0.858659 0.512477 0.008481 -34.094122 
r1 0.487523 0.821732 -0.295091 -57.074204 
r2 -0.158196 -0.249248 -0.955432 870.865976 

Frame 5 
Patt 0 
r0 -0.861604 0.507533 -0.006952 -34.877543 
r1 0.485020 0.819193 -0.306069 -64.917629 
r2 -0.149645 -0.267082 -0.951984 867.407909 

Frame 6 
Patt 0 
r0 -0.861604 0.507533 -0.006952 -34.877543 
r1 0.485020 0.819193 -0.306069 -64.917629 
r2 -0.149645 -0.267082 -0.951984 867.407909 

Frame 7 
Patt 0 
r0 -0.861822 0.507189 -0.004746 -40.487372 
r1 0.487396 0.825526 -0.284522 -69.170745 
r2 -0.140388 -0.247520 -0.958658 865.608245 

Frame 8 
Patt 0 
r0 -0.849893 0.524203 0.053792 -37.422393 
r1 0.494185 0.828312 -0.263969 -71.705089 
r2 -0.182930 -0.197762 -0.963030 871.174541 

Frame 9 
Patt 0 
r0 -0.857432 0.514568 0.005532 -28.854828 
r1 0.494167 0.826341 -0.270110 -73.811690 
r2 -0.143561 -0.228867 -0.962814 865.218381 

Frame 10 
Patt 0 
r0 -0.858969 0.511890 -0.011909 -28.683789 
r1 0.494974 0.824181 -0.275183 -76.007538 
r2 -0.131049 -0.242268 -0.961318 862.019339 

Frame 11 
Patt 0 
r0 -0.858256 0.513069 -0.012532 -29.074853 
r1 0.495776 0.822523 -0.278680 -79.461932 
r2 -0.132674 -0.245391 -0.960302 860.068566 

Frame 12 
Patt 0 
r0 -0.857936 0.513511 -0.015918 -32.157129 
r1 0.501360 0.830065 -0.244194 -85.836943 
r2 -0.112184 -0.217483 -0.969596 857.847586 

Frame 13 
Patt 0 
r0 -0.857936 0.513511 -0.015918 -32.157129 
r1 0.501360 0.830065 -0.244194 -85.836943 
r2 -0.112184 -0.217483 -0.969596 857.847586 

Frame 14 
Patt 0 
r0 -0.853967 0.520312 -0.003860 -30.526875 
r1 0.504979 0.826967 -0.247228 -85.369925 
r2 -0.125444 -0.213074 -0.968950 856.100145 

Frame 15 
Patt 0 
r0 -0.853140 0.521678 -0.001919 -23.917156 
r1 0.505411 0.825614 -0.250841 -84.447371 
r2 -0.129274 -0.214973 -0.968026 858.256077 

Frame 16 
Patt 0 
r0 -0.856626 0.514558 -0.037712 -20.888063 
r1 0.506765 0.825423 -0.248728 -85.376304 
r2 -0.096857 -0.232178 -0.967839 855.579404 

Frame 17 
Patt 0 
r0 -0.854655 0.518551 -0.025871 -20.032041 
r1 0.507020 0.822847 -0.256619 -87.347911 
r2 -0.111783 -0.232438 -0.966166 854.045614 

Frame 18 
Patt 0 
r0 -0.855037 0.517327 -0.035838 -18.714058 
r1 0.508543 0.822983 -0.253145 -88.645742 
r2 -0.101464 -0.234674 -0.966764 851.760365 

Frame 19 
Patt 0 
r0 -0.855587 0.515938 -0.042183 -20.348903 
r1 0.508794 0.823121 -0.252191 -89.041720 
r2 -0.095393 -0.237234 -0.966758 850.849736 

Frame 20 
Patt 0 
r0 -0.853592 0.520331 -0.025247 -20.482552 
r1 0.509523 0.823808 -0.248448 -90.185187 
r2 -0.108477 -0.224937 -0.968316 851.904330 

Frame 21 
Patt 0 
r0 -0.851002 0.525161 0.001045 -13.519705 
r1 0.510511 0.827726 -0.232913 -92.129376 
r2 -0.123182 -0.197676 -0.972497 858.986106 

Frame 22 
Patt 0 
r0 -0.857308 0.514288 -0.023047 -4.183542 
r1 0.504674 0.830759 -0.234828 -91.763238 
r2 -0.101623 -0.212951 -0.971764 856.049223 

Frame 23 
Patt 0 
r0 -0.861313 0.507018 -0.032756 2.271812 
r1 0.499043 0.832139 -0.241870 -90.204853 
r2 -0.095375 -0.224672 -0.969756 854.618676 

Frame 24 
Patt 0 
r0 -0.863984 0.502288 -0.035184 7.443009 
r1 0.494617 0.833555 -0.246048 -89.970747 
r2 -0.094259 -0.229984 -0.968619 854.447828 

Frame 25 
Patt 0 
r0 -0.868216 0.493018 -0.055979 10.688030 
r1 0.491056 0.837571 -0.239458 -89.286537 
r2 -0.071170 -0.235390 -0.969292 854.108214 

Frame 26 
Patt 0 
r0 -0.870183 0.491429 -0.035761 13.647441 
r1 0.484198 0.839416 -0.246846 -88.026019 
r2 -0.091289 -0.232117 -0.968395 853.685710 

Frame 27 
Patt 0 
r0 -0.874890 0.483086 -0.034577 29.357060 
r1 0.476457 0.845675 -0.240463 -87.022810 
r2 -0.086924 -0.226853 -0.970042 856.703954 

Frame 28 
Patt 0 
r0 -0.878556 0.475508 -0.045064 33.504850 
r1 0.471064 0.846996 -0.246366 -86.249490 
r2 -0.078980 -0.237674 -0.968129 853.303220 

Frame 29 
Patt 0 
r0 -0.878556 0.475508 -0.045064 33.504850 
r1 0.471064 0.846996 -0.246366 -86.249490 
r2 -0.078980 -0.237674 -0.968129 853.303220 

Frame 30 
Patt 0 
r0 -0.881314 0.470489 -0.043881 36.793996 
r1 0.465911 0.849722 -0.246779 -85.950596 
r2 -0.078820 -0.237934 -0.968078 852.986268 

Frame 31 
Patt 0 
r0 -0.884159 0.465460 -0.040124 39.431252 
r1 0.460032 0.852429 -0.248467 -87.208687 
r2 -0.081449 -0.238143 -0.967809 851.067370 

Frame 32 
Patt 0 
r0 -0.885769 0.463594 -0.022216 45.167827 
r1 0.454938 0.857761 -0.239327 -88.750054 
r2 -0.091895 -0.222095 -0.970685 852.270605 

Frame 33 
Patt 0 
r0 -0.891461 0.452007 -0.031411 52.332027 
r1 0.445755 0.862474 -0.239668 -89.191341 
r2 -0.081241 -0.227656 -0.970347 849.690645 

Frame 34 
Patt 0 
r0 -0.895407 0.444156 -0.031152 56.708918 
r1 0.437842 0.865650 -0.242785 -89.283369 
r2 -0.080868 -0.231032 -0.969580 847.437999 

Frame 35 
Patt 0 
r0 -0.897624 0.439215 -0.036905 60.065854 
r1 0.434449 0.867537 -0.242145 -88.756656 
r2 -0.074338 -0.233389 -0.969538 846.730132 

Frame 36 
Patt 0 
r0 -0.898667 0.437382 -0.033090 63.576816 
r1 0.431844 0.869018 -0.241492 -88.391060 
r2 -0.076869 -0.231310 -0.969838 847.435503 

Frame 37 
Patt 0 
r0 -0.900757 0.433101 -0.032562 67.812246 
r1 0.427813 0.871826 -0.238527 -88.572557 
r2 -0.074918 -0.228785 -0.970590 848.051244 

Frame 38 
Patt 0 
r0 -0.902024 0.431046 -0.023479 73.706213 
r1 0.423844 0.874011 -0.237616 -88.089461 
r2 -0.081902 -0.224287 -0.971075 849.219310 

Frame 39 
Patt 0 
r0 -0.903392 0.428618 -0.013035 82.728240 
r1 0.419020 0.875883 -0.239272 -88.191773 
r2 -0.091139 -0.221618 -0.970865 851.081301 

Frame 40 
Patt 0 
r0 -0.908782 0.415529 -0.038083 90.227626 
r1 0.411646 0.877854 -0.244787 -89.548417 
r2 -0.068285 -0.238135 -0.968829 848.747412 

Frame 41 
Patt 0 
r0 -0.911466 0.407435 -0.056799 92.897090 
r1 0.408750 0.881404 -0.236750 -91.767841 
r2 -0.046398 -0.239006 -0.969909 847.066076 

Frame 42 
Patt 0 
r0 -0.915205 0.401978 -0.028523 106.568204 
r1 0.396752 0.886375 -0.238594 -93.472799 
r2 -0.070627 -0.229679 -0.970700 844.170081 

Frame 43 
Patt 0 
r0 -0.915205 0.401978 -0.028523 106.568204 
r1 0.396752 0.886375 -0.238594 -93.472799 
r2 -0.070627 -0.229679 -0.970700 844.170081 

Frame 44 
Patt 0 
r0 -0.918783 0.393236 -0.034695 113.220421 
r1 0.389931 0.890313 -0.235154 -93.901646 
r2 -0.061582 -0.229584 -0.971339 843.244289 

Frame 45 
Patt 0 
r0 -0.920842 0.388604 -0.032204 119.646071 
r1 0.384785 0.892192 -0.236502 -93.647592 
r2 -0.063173 -0.230173 -0.971097 841.537577 

Frame 46 
Patt 0 
r0 -0.924284 0.379429 -0.041620 125.668504 
r1 0.377995 0.894677 -0.238063 -92.611604 
r2 -0.053091 -0.235770 -0.970358 840.834419 

Frame 47 
Patt 0 
r0 -0.926117 0.374597 -0.044541 129.159484 
r1 0.373995 0.896294 -0.238296 -92.656437 
r2 -0.049343 -0.237348 -0.970171 840.422803 

Frame 48 
Patt 0 
r0 -0.926319 0.375221 -0.033809 133.161618 
r1 0.371880 0.896308 -0.241529 -92.508237 
r2 -0.060323 -0.236306 -0.969804 839.905193 

Frame 49 
Patt 0 
r0 -0.926880 0.374441 -0.026207 140.441320 
r1 0.369184 0.896804 -0.243814 -93.407984 
r2 -0.067791 -0.235661 -0.969468 841.066872 

Frame 50 
Patt 0 
r0 -0.931148 0.360135 -0.057146 154.402868 
r1 0.362953 0.900325 -0.240167 -97.807889 
r2 -0.035042 -0.244372 -0.969048 838.848221 

Frame 51 
Patt 0 
r0 -0.931148 0.360135 -0.057146 154.402868 
r1 0.362953 0.900325 -0.240167 -97.807889 
r2 -0.035042 -0.244372 -0.969048 838.848221 

Frame 52 
Patt 0 
r0 -0.931335 0.361803 -0.041395 157.249619 
r1 0.360784 0.901264 -0.239914 -99.120827 
r2 -0.049494 -0.238375 -0.969911 837.868325 

Frame 53 
Patt 0 
r0 -0.933517 0.355780 -0.044334 162.277704 
r1 0.355731 0.903691 -0.238322 -100.058314 
r2 -0.044726 -0.238249 -0.970174 837.750378 

Frame 54 
Patt 0 
r0 -0.935514 0.350485 -0.044417 167.202327 
r1 0.350489 0.904944 -0.241317 -102.745259 
r2 -0.044383 -0.241323 -0.969429 837.824901 

Frame 55 
Patt 0 
r0 -0.938786 0.342596 -0.036186 174.928070 
r1 0.341198 0.910128 -0.235056 -108.808732 
r2 -0.047596 -0.233014 -0.971308 834.413128 

Frame 56 
Patt 0 
r0 -0.938786 0.342596 -0.036186 174.928070 
r1 0.341198 0.910128 -0.235056 -108.808732 
r2 -0.047596 -0.233014 -0.971308 834.413128 

Frame 57 
Patt 0 
r0 -0.940221 0.339965 -0.020199 180.229144 
r1 0.335133 0.913047 -0.232446 -111.095205 
r2 -0.060581 -0.225320 -0.972400 832.224125 

Frame 58 
Patt 0 
r0 -0.942680 0.333301 -0.016281 188.841404 
r1 0.328033 0.916619 -0.228481 -111.208930 
r2 -0.061230 -0.220725 -0.973412 831.473462 

Frame 59 
Patt 0 
r0 -0.946154 0.322815 -0.024129 194.684141 
r1 0.319900 0.920993 -0.222339 -109.925432 
r2 -0.049552 -0.218086 -0.974671 832.770628 

Frame 60 
Patt 0 
r0 -0.947126 0.320711 -0.009878 201.098377 
r1 0.314274 0.921029 -0.230080 -108.311596 
r2 -0.064691 -0.221019 -0.973121 833.042722 

Frame 61 
Patt 0 
r0 -0.949668 0.313047 -0.011487 210.626399 
r1 0.306999 0.922773 -0.232899 -107.834493 
r2 -0.062309 -0.224703 -0.972433 833.500029 

Frame 62 
Patt 0 
r0 -0.954113 0.299110 -0.014218 225.251352 
r1 0.294234 0.927621 -0.230098 -107.726256 
r2 -0.055636 -0.223723 -0.973064 835.264009 

Frame 63 
Patt 0 
r0 -0.954113 0.299110 -0.014218 225.251352 
r1 0.294234 0.927621 -0.230098 -107.726256 
r2 -0.055636 -0.223723 -0.973064 835.264009 

Frame 64 
Patt 0 
r0 -0.957490 0.288314 -0.009362 240.155647 
r1 0.282420 0.930321 -0.233968 -106.764253 
r2 -0.058747 -0.226666 -0.972199 835.128296 

Frame 65 
Patt 0 
r0 -0.959006 0.283186 -0.010607 249.145015 
r1 0.277745 0.931831 -0.233556 -105.997058 
r2 -0.056256 -0.226928 -0.972285 835.048619 

Frame 66 
Patt 0 
r0 -0.960850 0.276730 -0.013732 257.120602 
r1 0.272158 0.933363 -0.234014 -105.910003 
r2 -0.051942 -0.228590 -0.972136 836.153431 

Frame 67 
Patt 0 
r0 -0.960850 0.276730 -0.013732 257.120602 
r1 0.272158 0.933363 -0.234014 -105.910003 
r2 -0.051942 -0.228590 -0.972136 836.153431 

Frame 68 
Patt 0 
r0 -0.962661 0.270251 -0.015744 263.517146 
r1 0.266350 0.935162 -0.233516 -106.882401 
r2 -0.048385 -0.228990 -0.972225 835.820447 

Frame 69 
Patt 0 
r0 -0.963621 0.266934 -0.013446 269.163854 
r1 0.262706 0.936696 -0.231489 -107.490368 
r2 -0.049197 -0.226600 -0.972745 835.144560 

Frame 70 
Patt 0 
r0 -0.964681 0.263244 -0.009685 276.572003 
r1 0.257958 0.936583 -0.237214 -107.726402 
r2 -0.053375 -0.231334 -0.971409 832.874049 

Frame 71 
Patt 0 
r0 -0.965846 0.258743 -0.013926 285.753436 
r1 0.254577 0.937533 -0.237112 -108.115481 
r2 -0.048295 -0.232559 -0.971382 832.186229 

Frame 72 
Patt 0 
r0 -0.968367 0.248871 -0.018130 300.643495 
r1 0.246105 0.940553 -0.234078 -109.248363 
r2 -0.041203 -0.231136 -0.972049 830.758574 

Frame 73 
Patt 0 
r0 -0.968367 0.248871 -0.018130 300.643495 
r1 0.246105 0.940553 -0.234078 -109.248363 
r2 -0.041203 -0.231136 -0.972049 830.758574 

Frame 74 
Patt 0 
r0 -0.969301 0.245127 -0.019179 307.902810 
r1 0.242749 0.941656 -0.233144 -110.211462 
r2 -0.039089 -0.230643 -0.972253 828.690485 

Frame 75 
Patt 0 
r0 -0.970382 0.240534 -0.022397 315.046111 
r1 0.239152 0.943414 -0.229729 -111.482490 
r2 -0.034129 -0.228282 -0.972997 828.028694 

Frame 76 
Patt 0 
r0 -0.971293 0.236921 -0.021392 320.145971 
r1 0.235528 0.945148 -0.226323 -112.448340 
r2 -0.033402 -0.224864 -0.973817 826.841262 

Frame 136 
Patt 1 
r0 0.994818 -0.005325 -0.101530 -244.399390 
r1 -0.020875 -0.988050 -0.152712 -62.221587 
r2 -0.099503 0.154040 -0.983042 845.904673 

Frame 137 
Patt 1 
r0 0.995682 0.003005 -0.092783 -235.873525 
r1 -0.010148 -0.989962 -0.140966 -67.670706 
r2 -0.092275 0.141299 -0.985657 846.723152 

