NumPatterns 2 
Frame 1 
Patt 0 
r0 -0.989838 0.141594 -0.013127 -147.538894 
r1 0.133552 0.893960 -0.427784 110.657163 
r2 -0.048837 -0.425190 -0.903786 668.679548 

Frame 2 
Patt 0 
r0 -0.989639 0.142593 -0.016791 -148.579922 
r1 0.135127 0.885467 -0.444622 111.522075 
r2 -0.048532 -0.442284 -0.895561 667.380272 

Frame 3 
Patt 0 
r0 -0.989609 0.142849 -0.016395 -148.350424 
r1 0.135786 0.890950 -0.433325 113.196014 
r2 -0.047293 -0.431049 -0.901088 669.049352 

Frame 4 
Patt 0 
r0 -0.989460 0.144803 0.001118 -146.167956 
r1 0.130565 0.895456 -0.425572 115.631649 
r2 -0.062625 -0.420940 -0.904924 673.026539 

Frame 5 
Patt 0 
r0 -0.990434 0.136178 -0.022257 -136.111782 
r1 0.132618 0.894901 -0.426105 110.980367 
r2 -0.038108 -0.424981 -0.904400 676.058417 

Frame 6 
Patt 0 
r0 -0.990236 0.138580 -0.015133 -132.984748 
r1 0.131457 0.892144 -0.432202 109.194902 
r2 -0.046393 -0.429971 -0.901650 675.248095 

Frame 7 
Patt 0 
r0 -0.990236 0.138580 -0.015133 -132.984748 
r1 0.131457 0.892144 -0.432202 109.194902 
r2 -0.046393 -0.429971 -0.901650 675.248095 

Frame 8 
Patt 0 
r0 -0.989796 0.139440 -0.029335 -132.743306 
r1 0.138313 0.890695 -0.433050 106.916345 
r2 -0.034256 -0.432689 -0.900892 673.143068 

Frame 9 
Patt 0 
r0 -0.989217 0.141927 -0.036150 -135.007461 
r1 0.143507 0.889986 -0.432818 106.983916 
r2 -0.029256 -0.433338 -0.900756 671.926288 

Frame 10 
Patt 0 
r0 -0.988597 0.148471 -0.025137 -138.084816 
r1 0.144371 0.887048 -0.438524 105.026907 
r2 -0.042811 -0.437153 -0.898368 669.972469 

Frame 11 
Patt 0 
r0 -0.988748 0.148660 -0.016641 -139.759436 
r1 0.141867 0.896610 -0.419480 104.026911 
r2 -0.047440 -0.417121 -0.907612 672.135660 

Frame 12 
Patt 0 
r0 -0.988880 0.148164 -0.012762 -138.049952 
r1 0.139589 0.895192 -0.423257 103.460915 
r2 -0.051287 -0.420332 -0.905920 671.398940 

Frame 13 
Patt 0 
r0 -0.988880 0.148164 -0.012762 -138.049952 
r1 0.139589 0.895192 -0.423257 103.460915 
r2 -0.051287 -0.420332 -0.905920 671.398940 

Frame 14 
Patt 0 
r0 -0.988842 0.148388 -0.013147 -135.824460 
r1 0.140369 0.898563 -0.415789 102.656949 
r2 -0.049885 -0.412995 -0.909366 673.139357 

Frame 15 
Patt 0 
r0 -0.988674 0.148433 -0.022155 -133.340595 
r1 0.144498 0.901606 -0.407710 104.309830 
r2 -0.040542 -0.406294 -0.912842 672.356429 

Frame 16 
Patt 0 
r0 -0.988146 0.151843 -0.022609 -131.109831 
r1 0.147111 0.894480 -0.422212 105.317632 
r2 -0.043887 -0.420533 -0.906215 673.118699 

Frame 17 
Patt 0 
r0 -0.988158 0.148767 -0.037585 -127.999029 
r1 0.150356 0.889912 -0.430640 105.129536 
r2 -0.030618 -0.431191 -0.901741 670.863119 

Frame 18 
Patt 0 
r0 -0.988466 0.147787 -0.033086 -125.524829 
r1 0.147453 0.889331 -0.432838 104.923119 
r2 -0.034543 -0.432724 -0.900864 673.652642 

Frame 19 
Patt 0 
r0 -0.988842 0.141653 -0.046117 -123.118812 
r1 0.147454 0.886632 -0.438339 103.789277 
r2 -0.021204 -0.440248 -0.897626 670.682604 

Frame 20 
Patt 0 
r0 -0.988979 0.144200 -0.033565 -122.819843 
r1 0.144467 0.890285 -0.431882 104.415712 
r2 -0.032395 -0.431972 -0.901305 673.653903 

Frame 21 
Patt 0 
r0 -0.989211 0.142114 -0.035570 -122.226319 
r1 0.143879 0.896755 -0.418484 104.312955 
r2 -0.027575 -0.419086 -0.907528 673.698553 

Frame 22 
Patt 0 
r0 -0.989910 0.137351 -0.034830 -120.830271 
r1 0.138554 0.886749 -0.440998 105.334524 
r2 -0.029686 -0.441374 -0.896832 672.733406 

Frame 23 
Patt 0 
r0 -0.990488 0.133604 -0.032905 -119.076522 
r1 0.134516 0.889900 -0.435872 102.807705 
r2 -0.028952 -0.436152 -0.899407 675.018310 

Frame 24 
Patt 0 
r0 -0.991145 0.126950 -0.038930 -117.275483 
r1 0.131136 0.889766 -0.437172 101.279974 
r2 -0.020861 -0.438406 -0.898535 673.802647 

Frame 25 
Patt 0 
r0 -0.991304 0.126048 -0.037790 -117.156359 
r1 0.129956 0.892608 -0.431697 100.394622 
r2 -0.020682 -0.432854 -0.901227 674.657727 

Frame 26 
Patt 0 
r0 -0.990316 0.133997 -0.036325 -120.322856 
r1 0.136380 0.889959 -0.435171 103.650208 
r2 -0.025984 -0.435910 -0.899615 671.092391 

Frame 27 
Patt 0 
r0 -0.990316 0.133997 -0.036325 -120.322856 
r1 0.136380 0.889959 -0.435171 103.650208 
r2 -0.025984 -0.435910 -0.899615 671.092391 

Frame 28 
Patt 0 
r0 -0.989835 0.137833 -0.035067 -121.681960 
r1 0.139072 0.886396 -0.441545 104.201658 
r2 -0.029776 -0.441933 -0.896554 671.611794 

Frame 29 
Patt 0 
r0 -0.989363 0.141848 -0.032263 -122.319143 
r1 0.141230 0.883430 -0.446772 104.312927 
r2 -0.034871 -0.446576 -0.894066 670.514241 

Frame 30 
Patt 0 
r0 -0.988981 0.144918 -0.030263 -122.393340 
r1 0.143130 0.883726 -0.445581 103.616083 
r2 -0.037829 -0.445003 -0.894730 671.350591 

Frame 31 
Patt 0 
r0 -0.988951 0.146707 -0.021293 -121.771973 
r1 0.141558 0.891903 -0.429501 105.013471 
r2 -0.044020 -0.427769 -0.902816 674.367736 

Frame 32 
Patt 0 
r0 -0.989048 0.146990 -0.013357 -120.128074 
r1 0.138023 0.889046 -0.436516 104.086083 
r2 -0.052288 -0.433579 -0.899597 676.855761 

Frame 33 
Patt 0 
r0 -0.989730 0.140641 -0.025569 -117.369335 
r1 0.137530 0.888099 -0.438595 101.693852 
r2 -0.038977 -0.437607 -0.898321 676.774594 

Frame 34 
Patt 0 
r0 -0.989911 0.138577 -0.029548 -115.135598 
r1 0.137427 0.888227 -0.438367 100.306273 
r2 -0.034503 -0.438005 -0.898310 677.056767 

Frame 35 
Patt 0 
r0 -0.989546 0.141621 -0.027227 -113.900449 
r1 0.139179 0.888362 -0.437542 99.542517 
r2 -0.037778 -0.436757 -0.898786 676.804895 

Frame 36 
Patt 0 
r0 -0.988945 0.144576 -0.032961 -113.424834 
r1 0.144489 0.889532 -0.433422 100.035526 
r2 -0.033342 -0.433393 -0.900588 677.023780 

Frame 37 
Patt 0 
r0 -0.988068 0.149462 -0.037194 -113.281825 
r1 0.150324 0.883222 -0.444209 100.936859 
r2 -0.033542 -0.444500 -0.895151 676.157385 

Frame 38 
Patt 0 
r0 -0.987249 0.156233 -0.030514 -112.674356 
r1 0.153252 0.880975 -0.447656 99.578737 
r2 -0.043057 -0.446625 -0.893685 678.231050 

Frame 39 
Patt 0 
r0 -0.987019 0.157261 -0.032595 -110.957263 
r1 0.155306 0.882902 -0.443131 96.800793 
r2 -0.040909 -0.442441 -0.895864 678.235177 

Frame 40 
Patt 0 
r0 -0.987143 0.155411 -0.037354 -109.087616 
r1 0.155616 0.881109 -0.446576 94.621852 
r2 -0.036490 -0.446647 -0.893966 678.359493 

Frame 41 
Patt 0 
r0 -0.987219 0.155102 -0.036620 -107.745972 
r1 0.155239 0.883958 -0.441043 92.551118 
r2 -0.036036 -0.441091 -0.896739 678.499577 

Frame 42 
Patt 0 
r0 -0.987768 0.151704 -0.036046 -104.948205 
r1 0.151811 0.882875 -0.444392 86.120998 
r2 -0.035592 -0.444429 -0.895107 679.352006 

Frame 43 
Patt 0 
r0 -0.987890 0.151657 -0.032753 -103.744506 
r1 0.150686 0.887528 -0.435417 83.222353 
r2 -0.036964 -0.435080 -0.899633 679.766188 

Frame 44 
Patt 0 
r0 -0.987890 0.151657 -0.032753 -103.744506 
r1 0.150686 0.887528 -0.435417 83.222353 
r2 -0.036964 -0.435080 -0.899633 679.766188 

Frame 45 
Patt 0 
r0 -0.988141 0.149353 -0.035646 -102.334400 
r1 0.149835 0.887168 -0.436443 81.573796 
r2 -0.033560 -0.436608 -0.899026 679.200683 

Frame 46 
Patt 0 
r0 -0.988174 0.149777 -0.032834 -100.559815 
r1 0.149188 0.889695 -0.431493 81.735294 
r2 -0.035416 -0.431289 -0.901518 679.943833 

Frame 47 
Patt 0 
r0 -0.988109 0.151493 -0.026295 -97.786266 
r1 0.147849 0.889190 -0.432992 80.646184 
r2 -0.042214 -0.431731 -0.901014 682.796547 

Frame 48 
Patt 0 
r0 -0.988350 0.150136 -0.024972 -93.123841 
r1 0.146283 0.891761 -0.428211 79.296928 
r2 -0.042021 -0.426875 -0.903334 684.198517 

Frame 49 
Patt 0 
r0 -0.988733 0.147361 -0.026319 -87.498133 
r1 0.144379 0.892351 -0.427627 77.588301 
r2 -0.039530 -0.426609 -0.903572 685.889416 

Frame 50 
Patt 0 
r0 -0.989157 0.143119 -0.032948 -81.825041 
r1 0.143251 0.890791 -0.431243 75.080513 
r2 -0.032370 -0.431287 -0.901634 686.405834 

Frame 51 
Patt 0 
r0 -0.989398 0.139731 -0.039583 -77.367862 
r1 0.143159 0.892508 -0.427708 72.278163 
r2 -0.024436 -0.428840 -0.903050 685.023211 

Frame 52 
Patt 0 
r0 -0.989248 0.138442 -0.047147 -74.768494 
r1 0.145222 0.891691 -0.428716 72.070964 
r2 -0.017312 -0.430954 -0.902208 683.759726 

Frame 53 
Patt 0 
r0 -0.988866 0.138538 -0.054324 -73.715468 
r1 0.148381 0.890337 -0.430446 72.336789 
r2 -0.011266 -0.433714 -0.900980 682.832133 

Frame 54 
Patt 0 
r0 -0.988492 0.140134 -0.056975 -73.365026 
r1 0.151005 0.891642 -0.426817 73.504243 
r2 -0.009010 -0.430508 -0.902542 681.930619 

Frame 55 
Patt 0 
r0 -0.988433 0.143359 -0.049485 -73.080127 
r1 0.150527 0.887569 -0.435389 74.680145 
r2 -0.018496 -0.437801 -0.898881 682.596906 

Frame 56 
Patt 0 
r0 -0.988249 0.145481 -0.046904 -72.433043 
r1 0.151472 0.890889 -0.428221 75.310944 
r2 -0.020512 -0.430294 -0.902456 682.338312 

Frame 57 
Patt 0 
r0 -0.987923 0.147938 -0.046067 -71.101972 
r1 0.153263 0.889322 -0.430833 76.607971 
r2 -0.022768 -0.432690 -0.901255 682.313748 

Frame 58 
Patt 0 
r0 -0.987717 0.150378 -0.042441 -68.472853 
r1 0.153958 0.890247 -0.428669 76.759510 
r2 -0.026680 -0.429938 -0.902464 683.961779 

Frame 59 
Patt 0 
r0 -0.987493 0.149924 -0.048796 -64.843157 
r1 0.156494 0.894371 -0.419058 77.879389 
r2 -0.019185 -0.421453 -0.906647 683.616125 

Frame 60 
Patt 0 
r0 -0.987287 0.146741 -0.061084 -60.830457 
r1 0.158791 0.893566 -0.419911 79.714357 
r2 -0.007035 -0.424272 -0.905507 684.202157 

Frame 61 
Patt 0 
r0 -0.987248 0.146741 -0.061719 -57.413623 
r1 0.159034 0.891848 -0.423457 82.031124 
r2 -0.007095 -0.427873 -0.903811 683.075800 

Frame 62 
Patt 0 
r0 -0.986666 0.145295 -0.073347 -55.987926 
r1 0.162733 0.888643 -0.428756 85.848897 
r2 0.002884 -0.434975 -0.900438 682.593049 

Frame 63 
Patt 0 
r0 -0.985602 0.147597 -0.082482 -56.559362 
r1 0.168833 0.885499 -0.432881 89.544739 
r2 0.009145 -0.440574 -0.897670 681.448673 

Frame 64 
Patt 0 
r0 -0.984912 0.151948 -0.082832 -58.670407 
r1 0.172923 0.883053 -0.436251 93.837273 
r2 0.006858 -0.443992 -0.896004 681.097259 

Frame 65 
Patt 0 
r0 -0.984344 0.157637 -0.078850 -60.918071 
r1 0.176257 0.881811 -0.437428 97.838239 
r2 0.000576 -0.444478 -0.895790 680.543924 

Frame 66 
Patt 0 
r0 -0.984249 0.160852 -0.073358 -62.080270 
r1 0.176690 0.881014 -0.438856 100.699027 
r2 -0.005962 -0.444905 -0.895558 680.540878 

Frame 67 
Patt 0 
r0 -0.984430 0.160935 -0.070693 -62.126536 
r1 0.175552 0.879766 -0.441807 102.982633 
r2 -0.008909 -0.447338 -0.894320 680.858764 

Frame 68 
Patt 0 
r0 -0.984535 0.160004 -0.071341 -61.971618 
r1 0.175028 0.880988 -0.439573 103.719325 
r2 -0.007483 -0.445262 -0.895369 680.061126 

Frame 69 
Patt 0 
r0 -0.984668 0.159484 -0.070672 -61.802564 
r1 0.174218 0.878592 -0.444662 105.028569 
r2 -0.008825 -0.450156 -0.892906 679.839826 

Frame 70 
Patt 0 
r0 -0.984957 0.158539 -0.068746 -61.380557 
r1 0.172525 0.879714 -0.443101 103.563319 
r2 -0.009772 -0.448296 -0.893832 679.501943 

Frame 71 
Patt 0 
r0 -0.985165 0.154901 -0.073868 -60.800299 
r1 0.171597 0.883507 -0.435856 102.896474 
r2 -0.002252 -0.442065 -0.896980 677.785948 

Frame 72 
Patt 0 
r0 -0.985790 0.149491 -0.076614 -60.167146 
r1 0.167964 0.883420 -0.437444 104.372380 
r2 0.002289 -0.444096 -0.895976 676.468877 

Frame 73 
Patt 0 
r0 -0.986930 0.144229 -0.071884 -59.836091 
r1 0.161143 0.879247 -0.448284 102.673716 
r2 -0.001452 -0.454008 -0.890996 676.988703 

Frame 74 
Patt 0 
r0 -0.987305 0.136707 -0.080870 -60.588511 
r1 0.158433 0.883827 -0.440168 100.139483 
r2 0.011301 -0.447393 -0.894266 674.112930 

Frame 75 
Patt 0 
r0 -0.988150 0.131772 -0.078709 -62.752066 
r1 0.153029 0.885490 -0.438736 99.835850 
r2 0.011883 -0.445582 -0.895162 673.503383 

Frame 76 
Patt 0 
r0 -0.988921 0.126387 -0.077857 -65.373187 
r1 0.147905 0.883551 -0.444367 98.324580 
r2 0.012628 -0.450959 -0.892455 672.471594 

Frame 77 
Patt 0 
r0 -0.989662 0.123256 -0.073323 -67.700528 
r1 0.143009 0.886642 -0.439789 95.214469 
r2 0.010804 -0.445729 -0.895103 672.045512 

Frame 78 
Patt 0 
r0 -0.989592 0.119549 -0.080101 -69.140799 
r1 0.142313 0.895556 -0.421577 96.708257 
r2 0.021335 -0.428588 -0.903248 669.486929 

Frame 79 
Patt 0 
r0 -0.990542 0.117031 -0.071633 -68.727309 
r1 0.136526 0.892801 -0.429264 103.070214 
r2 0.013717 -0.434983 -0.900334 670.216883 

Frame 80 
Patt 0 
r0 -0.990768 0.115850 -0.070405 -67.027115 
r1 0.135019 0.889852 -0.435814 104.807797 
r2 0.012161 -0.441297 -0.897279 671.744771 

Frame 81 
Patt 0 
r0 -0.990392 0.113085 -0.079600 -64.943199 
r1 0.136489 0.891952 -0.431036 105.321902 
r2 0.022256 -0.437759 -0.898817 671.893230 

Frame 82 
Patt 0 
r0 -0.990160 0.113220 -0.082247 -63.868815 
r1 0.137814 0.890990 -0.432601 105.774486 
r2 0.024303 -0.439679 -0.897826 672.531099 

Frame 83 
Patt 0 
r0 -0.988176 0.107195 -0.109622 -64.377480 
r1 0.145017 0.885579 -0.441272 106.285678 
r2 0.049777 -0.451951 -0.890653 667.567912 

Frame 84 
Patt 0 
r0 -0.987642 0.109319 -0.112310 -66.529723 
r1 0.148511 0.881751 -0.447726 110.690848 
r2 0.050085 -0.458873 -0.887089 666.279172 

Frame 85 
Patt 0 
r0 -0.988490 0.115462 -0.097758 -69.429643 
r1 0.147294 0.881998 -0.447644 111.198887 
r2 0.034537 -0.456890 -0.888852 669.334690 

Frame 86 
Patt 0 
r0 -0.987534 0.117347 -0.104908 -72.920537 
r1 0.152087 0.883118 -0.443815 111.056317 
r2 0.040566 -0.454238 -0.889956 664.940370 

Frame 87 
Patt 0 
r0 -0.988476 0.126029 -0.083855 -76.315687 
r1 0.150347 0.881882 -0.446857 112.039912 
r2 0.017634 -0.454314 -0.890667 668.196501 

Frame 88 
Patt 0 
r0 -0.987877 0.129102 -0.086212 -79.032959 
r1 0.153900 0.887283 -0.434791 109.627265 
r2 0.020362 -0.442788 -0.896395 665.907409 

Frame 89 
Patt 0 
r0 -0.987961 0.132763 -0.079417 -80.170431 
r1 0.154194 0.886687 -0.435903 112.804707 
r2 0.012546 -0.442900 -0.896483 664.689263 

Frame 90 
Patt 0 
r0 -0.988622 0.137526 -0.060929 -79.336783 
r1 0.150256 0.884077 -0.442529 111.499511 
r2 -0.006993 -0.446649 -0.894682 667.702809 

Frame 91 
Patt 0 
r0 -0.988292 0.138001 -0.065069 -73.134865 
r1 0.152558 0.887927 -0.433950 113.811221 
r2 -0.002109 -0.438796 -0.898584 666.345937 

Frame 92 
Patt 0 
r0 -0.988292 0.138001 -0.065069 -73.134865 
r1 0.152558 0.887927 -0.433950 113.811221 
r2 -0.002109 -0.438796 -0.898584 666.345937 

Frame 93 
Patt 0 
r0 -0.988135 0.141248 -0.060313 -69.113882 
r1 0.153401 0.888348 -0.432789 111.448868 
r2 -0.007552 -0.436907 -0.899475 666.322811 

Frame 94 
Patt 0 
r0 -0.987347 0.144625 -0.065028 -65.547088 
r1 0.158493 0.887087 -0.433539 109.941985 
r2 -0.005016 -0.438360 -0.898785 664.847183 

Frame 95 
Patt 0 
r0 -0.986652 0.149806 -0.063841 -61.851107 
r1 0.162732 0.892654 -0.420341 109.418219 
r2 -0.005982 -0.425120 -0.905117 665.378145 

Frame 96 
Patt 0 
r0 -0.985584 0.156358 -0.064626 -57.236770 
r1 0.169037 0.893926 -0.415118 109.848615 
r2 -0.007136 -0.420058 -0.907469 665.566825 

Frame 97 
Patt 0 
r0 -0.985290 0.162556 -0.052719 -50.185416 
r1 0.169430 0.888955 -0.425503 110.352315 
r2 -0.022303 -0.428176 -0.903420 668.405972 

Frame 98 
Patt 0 
r0 -0.984979 0.166325 -0.046401 -40.702289 
r1 0.170264 0.890744 -0.421409 106.984050 
r2 -0.028759 -0.422979 -0.905683 671.290086 

Frame 99 
Patt 0 
r0 -0.984574 0.165604 -0.056474 -30.129810 
r1 0.174021 0.893291 -0.414426 106.041035 
r2 -0.018183 -0.417860 -0.908329 670.653275 

Frame 100 
Patt 0 
r0 -0.984724 0.165390 -0.054452 -19.644759 
r1 0.172418 0.882520 -0.437527 103.696771 
r2 -0.024308 -0.440232 -0.897555 673.747867 

Frame 101 
Patt 0 
r0 -0.983810 0.166397 -0.066562 -10.779917 
r1 0.178876 0.888817 -0.421909 98.063045 
r2 -0.011043 -0.426984 -0.904192 671.825358 

Frame 102 
Patt 0 
r0 -0.982290 0.170337 -0.078052 -3.572295 
r1 0.187357 0.888578 -0.418721 97.639366 
r2 -0.001969 -0.425929 -0.904755 669.995936 

Frame 103 
Patt 0 
r0 -0.981035 0.181486 -0.068072 11.082864 
r1 0.193038 0.883021 -0.427798 94.050989 
r2 -0.017531 -0.432825 -0.901307 672.890397 

Frame 104 
Patt 0 
r0 -0.981035 0.181486 -0.068072 11.082864 
r1 0.193038 0.883021 -0.427798 94.050989 
r2 -0.017531 -0.432825 -0.901307 672.890397 

Frame 105 
Patt 0 
r0 -0.981026 0.184738 -0.058818 19.952158 
r1 0.191777 0.880157 -0.434219 88.838737 
r2 -0.028447 -0.437260 -0.898885 674.543894 

Frame 106 
Patt 0 
r0 -0.981436 0.183301 -0.056436 41.272563 
r1 0.189526 0.881808 -0.431849 84.215293 
r2 -0.029392 -0.434528 -0.900178 674.425167 

Frame 107 
Patt 0 
r0 -0.981436 0.183301 -0.056436 41.272563 
r1 0.189526 0.881808 -0.431849 84.215293 
r2 -0.029392 -0.434528 -0.900178 674.425167 

Frame 108 
Patt 0 
r0 -0.981976 0.179094 -0.060407 53.587467 
r1 0.187609 0.884786 -0.426564 80.587737 
r2 -0.022948 -0.430208 -0.902438 673.437388 

Frame 109 
Patt 0 
r0 -0.982746 0.172048 -0.067897 66.091923 
r1 0.184358 0.881539 -0.434627 77.430602 
r2 -0.014922 -0.439645 -0.898048 673.339315 

Frame 110 
Patt 0 
r0 -0.982788 0.162165 -0.088485 87.826032 
r1 0.184469 0.887163 -0.422982 72.758805 
r2 0.009907 -0.432025 -0.901807 671.831163 

Frame 111 
Patt 0 
r0 -0.982788 0.162165 -0.088485 87.826032 
r1 0.184469 0.887163 -0.422982 72.758805 
r2 0.009907 -0.432025 -0.901807 671.831163 

Frame 112 
Patt 0 
r0 -0.983043 0.159469 -0.090529 97.625796 
r1 0.183028 0.883574 -0.431042 70.876045 
r2 0.011252 -0.440303 -0.897779 672.309877 

Frame 113 
Patt 0 
r0 -0.983054 0.157500 -0.093806 107.218990 
r1 0.182665 0.884762 -0.428754 68.486819 
r2 0.015467 -0.438623 -0.898538 671.953643 

Frame 114 
Patt 0 
r0 -0.983567 0.155866 -0.091110 117.119010 
r1 0.180010 0.885332 -0.428699 67.786705 
r2 0.013843 -0.438055 -0.898841 671.157888 

Frame 115 
Patt 0 
r0 -0.984195 0.149289 -0.095249 127.793760 
r1 0.176115 0.881415 -0.438283 67.186939 
r2 0.018523 -0.448131 -0.893776 671.221795 

Frame 116 
Patt 0 
r0 -0.984741 0.141454 -0.101373 138.160499 
r1 0.171998 0.879792 -0.443151 63.799176 
r2 0.026502 -0.453825 -0.890697 671.263413 

Frame 117 
Patt 0 
r0 -0.984509 0.135851 -0.110847 147.019572 
r1 0.170741 0.886595 -0.429880 61.826256 
r2 0.039877 -0.442146 -0.896056 670.678822 

Frame 118 
Patt 0 
r0 -0.984756 0.128925 -0.116767 154.420682 
r1 0.167452 0.884328 -0.435802 61.076805 
r2 0.047074 -0.448711 -0.892436 671.138049 

Frame 119 
Patt 0 
r0 -0.985031 0.123538 -0.120221 160.529639 
r1 0.164191 0.884798 -0.436089 58.394741 
r2 0.052498 -0.449300 -0.891837 671.637940 

Frame 120 
Patt 0 
r0 -0.986245 0.116590 -0.117164 169.487752 
r1 0.155954 0.891222 -0.425913 53.360333 
r2 0.054762 -0.438327 -0.897146 672.907521 

Frame 121 
Patt 0 
r0 -0.987121 0.113710 -0.112528 173.057783 
r1 0.151321 0.891911 -0.426142 53.084999 
r2 0.051908 -0.437682 -0.897630 674.148948 

Frame 122 
Patt 0 
r0 -0.987121 0.113710 -0.112528 173.057783 
r1 0.151321 0.891911 -0.426142 53.084999 
r2 0.051908 -0.437682 -0.897630 674.148948 

Frame 123 
Patt 0 
r0 -0.988012 0.112743 -0.105462 176.927113 
r1 0.147347 0.892508 -0.426285 52.721617 
r2 0.046065 -0.436714 -0.898420 675.535920 

Frame 124 
Patt 0 
r0 -0.989079 0.112252 -0.095513 181.156016 
r1 0.142536 0.893396 -0.426059 54.612428 
r2 0.037505 -0.435020 -0.899639 675.974562 

Frame 125 
Patt 0 
r0 -0.989383 0.110671 -0.094197 186.734824 
r1 0.140795 0.890588 -0.432470 58.312928 
r2 0.036029 -0.441141 -0.896714 677.642031 

Frame 126 
Patt 0 
r0 -0.989889 0.104216 -0.096219 193.327347 
r1 0.136652 0.882509 -0.450005 57.955849 
r2 0.038016 -0.458603 -0.887828 679.845075 

Frame 127 
Patt 0 
r0 -0.989593 0.105225 -0.098146 198.098579 
r1 0.137882 0.888516 -0.437640 56.768156 
r2 0.041153 -0.446618 -0.893778 680.101212 

Frame 128 
Patt 0 
r0 -0.989155 0.104416 -0.103289 201.629690 
r1 0.139702 0.885942 -0.442256 57.661616 
r2 0.045330 -0.451890 -0.890921 682.128842 

Frame 129 
Patt 0 
r0 -0.989321 0.104881 -0.101209 205.270351 
r1 0.139417 0.883450 -0.447302 56.412080 
r2 0.042500 -0.456635 -0.888638 685.083401 

Frame 130 
Patt 0 
r0 -0.989798 0.106883 -0.094208 206.170098 
r1 0.137765 0.886588 -0.441569 55.720555 
r2 0.036328 -0.450042 -0.892268 685.770909 

Frame 131 
Patt 0 
r0 -0.989798 0.106883 -0.094208 206.170098 
r1 0.137765 0.886588 -0.441569 55.720555 
r2 0.036328 -0.450042 -0.892268 685.770909 

Frame 132 
Patt 0 
r0 -0.990056 0.106378 -0.092053 207.167881 
r1 0.136543 0.884127 -0.446850 56.114258 
r2 0.033852 -0.454976 -0.889860 687.384495 

Frame 133 
Patt 0 
r0 -0.991155 0.107423 -0.077924 209.169984 
r1 0.131111 0.883493 -0.449721 54.204939 
r2 0.020535 -0.455960 -0.889763 689.066318 

Frame 134 
Patt 0 
r0 -0.991155 0.107423 -0.077924 209.169984 
r1 0.131111 0.883493 -0.449721 54.204939 
r2 0.020535 -0.455960 -0.889763 689.066318 

Frame 135 
Patt 0 
r0 -0.991799 0.107096 -0.069745 211.557497 
r1 0.127203 0.880055 -0.457518 53.402427 
r2 0.012381 -0.462638 -0.886461 689.985649 

Frame 136 
Patt 0 
r0 -0.992285 0.106469 -0.063527 215.702648 
r1 0.123771 0.880503 -0.457597 50.732153 
r2 0.007216 -0.461929 -0.886888 690.284412 

Frame 137 
Patt 0 
r0 -0.992902 0.103688 -0.058257 220.951653 
r1 0.118878 0.880167 -0.459536 48.997559 
r2 0.003627 -0.463200 -0.886246 690.230015 

Frame 138 
Patt 0 
r0 -0.993363 0.099237 -0.058161 227.103567 
r1 0.114896 0.879933 -0.460995 46.467450 
r2 0.005430 -0.464617 -0.885495 691.062981 

Frame 139 
Patt 0 
r0 -0.993686 0.097970 -0.054687 233.278599 
r1 0.112143 0.882707 -0.456348 43.974437 
r2 0.003564 -0.459599 -0.888120 690.655249 

Frame 140 
Patt 0 
r0 -0.994086 0.095693 -0.051347 240.046889 
r1 0.108591 0.881552 -0.459429 43.159666 
r2 0.001301 -0.462288 -0.886729 689.868997 

Frame 447 
Patt 0 
r0 -0.914612 0.303176 -0.267525 143.022133 
r1 0.396991 0.798857 -0.451914 76.423255 
r2 0.076704 -0.519531 -0.851002 671.615225 

Frame 448 
Patt 0 
r0 -0.913153 0.313952 -0.259973 129.893168 
r1 0.403243 0.788959 -0.463614 86.917416 
r2 0.059555 -0.528183 -0.847040 672.285521 

Frame 449 
Patt 0 
r0 -0.911929 0.321358 -0.255175 119.661577 
r1 0.407367 0.783790 -0.468749 93.688842 
r2 0.049367 -0.531416 -0.845671 672.584906 

Frame 450 
Patt 0 
r0 -0.907804 0.325876 -0.264002 109.942886 
r1 0.416229 0.777255 -0.471836 102.621253 
r2 0.051437 -0.538219 -0.841234 672.747598 

Frame 451 
Patt 0 
r0 -0.906595 0.329064 -0.264201 99.650327 
r1 0.419638 0.769139 -0.482005 108.368785 
r2 0.044597 -0.547852 -0.835386 672.461544 

Frame 452 
Patt 0 
r0 -0.902151 0.334990 -0.271854 86.937968 
r1 0.429017 0.763017 -0.483477 115.765527 
r2 0.045469 -0.552799 -0.832073 671.798856 

Frame 453 
Patt 0 
r0 -0.899379 0.343670 -0.270199 72.811958 
r1 0.435698 0.755304 -0.489575 123.659673 
r2 0.035830 -0.558039 -0.829041 671.747952 

Frame 454 
Patt 0 
r0 -0.896892 0.354500 -0.264414 58.383631 
r1 0.441678 0.748412 -0.494772 131.520662 
r2 0.022494 -0.560543 -0.827820 671.276260 

Frame 455 
Patt 0 
r0 -0.893695 0.373015 -0.249335 32.884034 
r1 0.448658 0.738204 -0.503747 144.838475 
r2 -0.003845 -0.562062 -0.827086 670.566546 

Frame 456 
Patt 0 
r0 -0.893209 0.379728 -0.240798 22.371975 
r1 0.449319 0.733512 -0.509973 150.651413 
r2 -0.017022 -0.563708 -0.825799 670.464167 

Frame 457 
Patt 0 
r0 -0.893209 0.379728 -0.240798 22.371975 
r1 0.449319 0.733512 -0.509973 150.651413 
r2 -0.017022 -0.563708 -0.825799 670.464167 

Frame 458 
Patt 0 
r0 -0.891216 0.384920 -0.239939 13.013475 
r1 0.453064 0.730232 -0.511366 154.482582 
r2 -0.021624 -0.564445 -0.825187 668.960151 

Frame 459 
Patt 0 
r0 -0.889885 0.391405 -0.234323 4.158613 
r1 0.455093 0.726168 -0.515335 158.962830 
r2 -0.031547 -0.565227 -0.824332 668.468333 

Frame 460 
Patt 0 
r0 -0.889168 0.399456 -0.223194 -3.933341 
r1 0.455024 0.720381 -0.523454 160.810366 
r2 -0.048312 -0.566997 -0.822302 668.515471 

Frame 461 
Patt 0 
r0 -0.885179 0.405081 -0.228839 -12.336445 
r1 0.463079 0.719628 -0.517391 162.620635 
r2 -0.044906 -0.563954 -0.824584 666.573905 

Frame 462 
Patt 0 
r0 -0.883111 0.413397 -0.221849 -20.269947 
r1 0.465704 0.715083 -0.521322 164.559981 
r2 -0.056872 -0.563701 -0.824018 666.057348 

Frame 463 
Patt 0 
r0 -0.879661 0.420796 -0.221646 -27.829265 
r1 0.472035 0.715496 -0.515023 166.644608 
r2 -0.058133 -0.557671 -0.828024 664.871068 

Frame 464 
Patt 0 
r0 -0.877939 0.427398 -0.215762 -33.983887 
r1 0.474107 0.713340 -0.516110 168.927891 
r2 -0.066673 -0.555407 -0.828902 663.685388 

Frame 465 
Patt 0 
r0 -0.877117 0.432929 -0.207935 -38.555936 
r1 0.474294 0.712681 -0.516847 171.096772 
r2 -0.075567 -0.551958 -0.830441 664.159076 

Frame 466 
Patt 0 
r0 -0.876613 0.434785 -0.206184 -41.903032 
r1 0.474957 0.713016 -0.515775 172.910509 
r2 -0.077238 -0.550064 -0.831543 664.237755 

Frame 472 
Patt 0 
r0 -0.870034 0.447770 -0.206258 -56.373891 
r1 0.485738 0.707096 -0.513882 171.691985 
r2 -0.084256 -0.547282 -0.832696 663.343807 

Frame 473 
Patt 0 
r0 -0.871018 0.447824 -0.201944 -58.048565 
r1 0.482941 0.705294 -0.518968 169.128346 
r2 -0.089977 -0.549558 -0.830597 665.169530 

Frame 474 
Patt 0 
r0 -0.871856 0.444965 -0.204630 -59.448334 
r1 0.483254 0.713696 -0.507054 164.681766 
r2 -0.079577 -0.540966 -0.837271 663.437693 

Frame 475 
Patt 0 
r0 -0.873375 0.441507 -0.205641 -60.749847 
r1 0.481118 0.716376 -0.505303 162.489909 
r2 -0.075779 -0.540256 -0.838082 663.434443 

Frame 476 
Patt 0 
r0 -0.874085 0.438195 -0.209667 -61.823771 
r1 0.480886 0.719478 -0.501099 161.331503 
r2 -0.068728 -0.538829 -0.839607 662.459447 

Frame 477 
Patt 0 
r0 -0.876464 0.435001 -0.206364 -63.478711 
r1 0.476193 0.719922 -0.504929 159.669598 
r2 -0.071079 -0.540821 -0.838129 664.519901 

Frame 478 
Patt 0 
r0 -0.876464 0.435001 -0.206364 -63.478711 
r1 0.476193 0.719922 -0.504929 159.669598 
r2 -0.071079 -0.540821 -0.838129 664.519901 

Frame 479 
Patt 0 
r0 -0.877640 0.432027 -0.207608 -64.281491 
r1 0.474351 0.720633 -0.505647 157.388672 
r2 -0.068845 -0.542255 -0.837389 665.050199 

Frame 480 
Patt 0 
r0 -0.877907 0.429409 -0.211867 -65.585034 
r1 0.474662 0.722175 -0.503150 155.248638 
r2 -0.063052 -0.542284 -0.837826 664.445571 

Frame 481 
Patt 0 
r0 -0.878123 0.427499 -0.214814 -67.347767 
r1 0.474706 0.722562 -0.502552 155.085703 
r2 -0.059624 -0.543275 -0.837435 663.944932 

Frame 482 
Patt 0 
r0 -0.879243 0.429654 -0.205740 -69.093939 
r1 0.470754 0.717519 -0.513378 153.253930 
r2 -0.072953 -0.548237 -0.833135 666.869324 

Frame 483 
Patt 0 
r0 -0.876327 0.430855 -0.215443 -70.444455 
r1 0.478032 0.722581 -0.499361 150.638028 
r2 -0.059477 -0.540592 -0.839180 664.722815 

Frame 484 
Patt 0 
r0 -0.875878 0.434560 -0.209751 -71.060059 
r1 0.477844 0.720677 -0.502284 150.209129 
r2 -0.067110 -0.540168 -0.838877 667.081284 

Frame 485 
Patt 0 
r0 -0.875964 0.437334 -0.203533 -70.766681 
r1 0.476099 0.715987 -0.510580 145.818825 
r2 -0.077567 -0.544152 -0.835393 671.052049 

Frame 486 
Patt 0 
r0 -0.874667 0.436255 -0.211278 -70.061437 
r1 0.480527 0.723163 -0.496115 138.636919 
r2 -0.063644 -0.535460 -0.842159 669.352633 

Frame 487 
Patt 0 
r0 -0.874689 0.433715 -0.216357 -69.852971 
r1 0.481299 0.724571 -0.493303 135.577497 
r2 -0.057187 -0.535619 -0.842521 669.431218 

Frame 488 
Patt 0 
r0 -0.876623 0.428721 -0.218473 -70.208241 
r1 0.478051 0.724305 -0.496839 130.910399 
r2 -0.054764 -0.539982 -0.839893 670.187791 

Frame 489 
Patt 0 
r0 -0.878648 0.422886 -0.221687 -71.832479 
r1 0.475163 0.728851 -0.492946 125.858797 
r2 -0.046883 -0.538464 -0.841343 668.942868 

Frame 490 
Patt 0 
r0 -0.878692 0.417614 -0.231297 -75.563979 
r1 0.476173 0.732161 -0.487031 124.051746 
r2 -0.034044 -0.538088 -0.842201 666.688696 

Frame 491 
Patt 0 
r0 -0.878965 0.418631 -0.228402 -81.026580 
r1 0.475249 0.729311 -0.492183 122.987698 
r2 -0.039467 -0.541159 -0.839993 667.009564 

Frame 492 
Patt 0 
r0 -0.876253 0.423116 -0.230550 -87.099035 
r1 0.480625 0.733376 -0.480790 123.522292 
r2 -0.034351 -0.532102 -0.845983 665.386323 

Frame 493 
Patt 0 
r0 -0.874042 0.434948 -0.216495 -92.435812 
r1 0.483152 0.731238 -0.481514 127.737848 
r2 -0.051125 -0.525463 -0.849279 666.675335 

Frame 494 
Patt 0 
r0 -0.870548 0.442961 -0.214319 -95.027250 
r1 0.488609 0.726442 -0.483262 129.081115 
r2 -0.058376 -0.525421 -0.848837 667.749412 

Frame 495 
Patt 0 
r0 -0.868288 0.445683 -0.217813 -95.092378 
r1 0.493249 0.729013 -0.474600 131.776174 
r2 -0.052733 -0.519526 -0.852826 669.994192 

Frame 496 
Patt 0 
r0 -0.870721 0.446681 -0.205720 -93.427221 
r1 0.486946 0.724616 -0.487664 131.703172 
r2 -0.068763 -0.524793 -0.848448 674.814762 

Frame 497 
Patt 0 
r0 -0.870962 0.441556 -0.215530 -91.466057 
r1 0.487909 0.725390 -0.485545 129.169437 
r2 -0.058052 -0.528050 -0.847226 673.635259 

Frame 498 
Patt 0 
r0 -0.871944 0.438943 -0.216895 -91.045184 
r1 0.486185 0.723970 -0.489379 129.039030 
r2 -0.057784 -0.532162 -0.844668 673.982492 

Frame 499 
Patt 0 
r0 -0.873258 0.437770 -0.213960 -91.508397 
r1 0.483522 0.724269 -0.491570 127.800891 
r2 -0.060230 -0.532721 -0.844145 674.545502 

Frame 500 
Patt 0 
r0 -0.874229 0.436117 -0.213369 -91.991306 
r1 0.481876 0.725699 -0.491077 126.132294 
r2 -0.059325 -0.532131 -0.844581 674.677872 

Frame 501 
Patt 0 
r0 -0.875744 0.434281 -0.210884 -92.048464 
r1 0.479127 0.728227 -0.490023 126.094110 
r2 -0.059237 -0.530175 -0.845817 675.109916 

Frame 502 
Patt 0 
r0 -0.876721 0.432738 -0.209995 -91.559846 
r1 0.477399 0.729536 -0.489763 125.464393 
r2 -0.058740 -0.529637 -0.846188 675.679296 

Frame 503 
Patt 0 
r0 -0.875700 0.431036 -0.217619 -90.454543 
r1 0.480280 0.731051 -0.484660 126.177132 
r2 -0.049816 -0.528935 -0.847199 675.219606 

Frame 504 
Patt 0 
r0 -0.877314 0.433413 -0.206090 -88.516222 
r1 0.475874 0.730010 -0.490540 126.920753 
r2 -0.062159 -0.528430 -0.846698 678.503359 

Frame 505 
Patt 0 
r0 -0.877190 0.431429 -0.210731 -85.169567 
r1 0.476940 0.732311 -0.486054 126.250607 
r2 -0.055377 -0.526868 -0.848141 678.904230 

Frame 506 
Patt 0 
r0 -0.879316 0.428519 -0.207785 -81.184607 
r1 0.472755 0.732750 -0.489469 125.978397 
r2 -0.057493 -0.528630 -0.846903 681.936481 

Frame 507 
Patt 0 
r0 -0.881106 0.421660 -0.214138 -76.954238 
r1 0.470443 0.735218 -0.487993 124.065460 
r2 -0.048329 -0.530713 -0.846172 681.611674 

Frame 508 
Patt 0 
r0 -0.883851 0.414382 -0.217014 -73.461019 
r1 0.465713 0.736087 -0.491211 123.696636 
r2 -0.043808 -0.535223 -0.843574 682.032750 

Frame 509 
Patt 0 
r0 -0.885760 0.408050 -0.221189 -71.017806 
r1 0.462530 0.736307 -0.493881 122.243129 
r2 -0.038665 -0.539766 -0.840926 681.307905 

Frame 510 
Patt 0 
r0 -0.886442 0.403603 -0.226553 -70.173256 
r1 0.461851 0.739345 -0.489961 123.799067 
r2 -0.030249 -0.538956 -0.841791 680.847496 

Frame 511 
Patt 0 
r0 -0.886712 0.404385 -0.224085 -70.280699 
r1 0.460810 0.733893 -0.499054 125.077908 
r2 -0.037355 -0.545778 -0.837097 681.235154 

Frame 512 
Patt 0 
r0 -0.885425 0.407429 -0.223659 -70.423195 
r1 0.463171 0.733447 -0.497521 125.169459 
r2 -0.038662 -0.544111 -0.838122 681.823421 

Frame 513 
Patt 0 
r0 -0.883555 0.409660 -0.226956 -70.069487 
r1 0.467205 0.737495 -0.487669 127.093921 
r2 -0.032400 -0.536917 -0.843012 682.543501 

