NumPatterns 2 
Frame 12 
Patt 1 
r0 0.937094 -0.249158 0.244488 101.868600 
r1 0.121060 -0.424958 -0.897082 265.521660 
r2 0.327412 0.870248 -0.368062 849.686210 

Frame 130 
Patt 0 
r0 -0.979245 0.020687 0.201620 255.979296 
r1 -0.180454 0.363910 -0.913786 320.525351 
r2 -0.092275 -0.931204 -0.352625 859.530873 

Frame 131 
Patt 0 
r0 -0.978730 0.025870 0.203517 243.844046 
r1 -0.180295 0.364869 -0.913436 318.651122 
r2 -0.097887 -0.930700 -0.352444 862.478739 

Frame 132 
Patt 0 
r0 -0.978942 0.028553 0.202131 234.098963 
r1 -0.178069 0.364725 -0.913929 316.416157 
r2 -0.099818 -0.930677 -0.351960 864.365833 

Frame 133 
Patt 0 
r0 -0.980249 0.030400 0.195419 225.749450 
r1 -0.171113 0.365074 -0.915118 313.602567 
r2 -0.099162 -0.930482 -0.352661 868.148687 

Frame 134 
Patt 0 
r0 -0.981332 0.032084 0.189629 215.744442 
r1 -0.164721 0.368740 -0.914821 309.225899 
r2 -0.099275 -0.928979 -0.356571 871.167833 

Frame 135 
Patt 0 
r0 -0.981358 0.036691 0.188653 203.781413 
r1 -0.161953 0.370633 -0.914550 305.037468 
r2 -0.103477 -0.928054 -0.357782 871.316046 

Frame 136 
Patt 0 
r0 -0.981747 0.041175 0.185678 192.958923 
r1 -0.157119 0.374545 -0.913800 302.123442 
r2 -0.107170 -0.926294 -0.361239 872.411836 

Frame 137 
Patt 0 
r0 -0.981903 0.045616 0.183809 182.218905 
r1 -0.153738 0.374790 -0.914274 301.107287 
r2 -0.110595 -0.925987 -0.360994 870.893697 

Frame 138 
Patt 0 
r0 -0.981951 0.049060 0.182665 172.426977 
r1 -0.151561 0.373653 -0.915102 300.805665 
r2 -0.113148 -0.926270 -0.359473 868.736183 

Frame 139 
Patt 0 
r0 -0.982269 0.056784 0.178668 149.586524 
r1 -0.145080 0.373364 -0.916270 298.742529 
r2 -0.118738 -0.925946 -0.358506 864.166906 

Frame 140 
Patt 0 
r0 -0.982269 0.056784 0.178668 149.586524 
r1 -0.145080 0.373364 -0.916270 298.742529 
r2 -0.118738 -0.925946 -0.358506 864.166906 

Frame 141 
Patt 0 
r0 -0.982181 0.060839 0.177817 128.815203 
r1 -0.142480 0.375941 -0.915624 295.586305 
r2 -0.122554 -0.924644 -0.360574 857.281724 

Frame 142 
Patt 0 
r0 -0.982073 0.064506 0.177118 120.691440 
r1 -0.140366 0.376897 -0.915558 294.718471 
r2 -0.125814 -0.924006 -0.361086 851.092366 

Frame 143 
Patt 0 
r0 -0.982073 0.064506 0.177118 120.691440 
r1 -0.140366 0.376897 -0.915558 294.718471 
r2 -0.125814 -0.924006 -0.361086 851.092366 

Frame 144 
Patt 0 
r0 -0.982960 0.064588 0.172097 112.852751 
r1 -0.135774 0.376007 -0.916616 295.255307 
r2 -0.123912 -0.924363 -0.360831 846.240211 

Frame 145 
Patt 0 
r0 -0.983620 0.066187 0.167666 104.248600 
r1 -0.130933 0.376954 -0.916931 295.291091 
r2 -0.123891 -0.923864 -0.362113 840.993873 

Frame 146 
Patt 0 
r0 -0.983663 0.066042 0.167468 93.792896 
r1 -0.130636 0.378194 -0.916462 296.130816 
r2 -0.123861 -0.923367 -0.363388 833.178146 

Frame 147 
Patt 0 
r0 -0.983659 0.067987 0.166712 82.211672 
r1 -0.129525 0.375928 -0.917552 297.465502 
r2 -0.125054 -0.924151 -0.360979 824.653726 

Frame 148 
Patt 0 
r0 -0.983564 0.067049 0.167648 71.754188 
r1 -0.130712 0.376137 -0.917298 298.150181 
r2 -0.124563 -0.924135 -0.361191 814.110686 

