NumPatterns 2 
Frame 53 
Patt 0 
r0 -0.961292 0.210979 0.177216 -325.192117 
r1 -0.112931 0.284979 -0.951858 267.825437 
r2 -0.251325 -0.935027 -0.250122 808.346290 

Frame 54 
Patt 0 
r0 -0.961380 0.208089 0.180131 -317.550918 
r1 -0.115729 0.288174 -0.950559 268.597503 
r2 -0.249710 -0.934695 -0.252963 813.342132 

Frame 55 
Patt 0 
r0 -0.960993 0.202995 0.187846 -302.922581 
r1 -0.124258 0.289894 -0.948958 272.345644 
r2 -0.247089 -0.935283 -0.253363 823.209102 

Frame 56 
Patt 0 
r0 -0.960993 0.202995 0.187846 -302.922581 
r1 -0.124258 0.289894 -0.948958 272.345644 
r2 -0.247089 -0.935283 -0.253363 823.209102 

Frame 57 
Patt 0 
r0 -0.959544 0.203914 0.194152 -294.488858 
r1 -0.130270 0.289788 -0.948184 271.650376 
r2 -0.249611 -0.935116 -0.251500 824.300528 

Frame 58 
Patt 0 
r0 -0.960428 0.198097 0.195794 -286.015978 
r1 -0.132976 0.291551 -0.947267 272.382110 
r2 -0.244735 -0.935818 -0.253672 826.814836 

Frame 59 
Patt 0 
r0 -0.961763 0.193249 0.194079 -277.906033 
r1 -0.132681 0.291169 -0.947426 275.077438 
r2 -0.239599 -0.936950 -0.254395 831.219893 

Frame 60 
Patt 0 
r0 -0.960048 0.195397 0.200322 -267.478086 
r1 -0.138674 0.289579 -0.947055 275.164757 
r2 -0.243060 -0.936997 -0.250913 830.823030 

Frame 61 
Patt 0 
r0 -0.961637 0.187654 0.200102 -259.219281 
r1 -0.140142 0.291017 -0.946398 275.311605 
r2 -0.235829 -0.938134 -0.253555 833.648986 

Frame 62 
Patt 0 
r0 -0.961338 0.183893 0.204970 -249.540956 
r1 -0.145369 0.293270 -0.944913 276.644362 
r2 -0.233874 -0.938177 -0.255199 834.190852 

Frame 63 
Patt 0 
r0 -0.960972 0.183546 0.206990 -238.797361 
r1 -0.147971 0.291165 -0.945160 279.207697 
r2 -0.233748 -0.938901 -0.252641 834.198241 

Frame 64 
Patt 0 
r0 -0.963253 0.174255 0.204398 -229.129300 
r1 -0.147670 0.292085 -0.944923 281.968333 
r2 -0.224360 -0.940384 -0.255620 836.397561 

Frame 65 
Patt 0 
r0 -0.964212 0.170516 0.203028 -219.983048 
r1 -0.147684 0.290546 -0.945395 284.279475 
r2 -0.220194 -0.941545 -0.254966 837.272133 

Frame 66 
Patt 0 
r0 -0.964621 0.168652 0.202642 -210.277051 
r1 -0.147952 0.289892 -0.945554 285.700087 
r2 -0.218214 -0.942082 -0.254683 836.554214 

Frame 67 
Patt 0 
r0 -0.965660 0.163721 0.201731 -200.700475 
r1 -0.148481 0.289392 -0.945624 287.257334 
r2 -0.213198 -0.943105 -0.255145 835.519094 

Frame 68 
Patt 0 
r0 -0.965696 0.160340 0.204262 -191.054138 
r1 -0.151671 0.290214 -0.944866 289.083662 
r2 -0.210779 -0.943434 -0.255940 835.796430 

Frame 69 
Patt 0 
r0 -0.966762 0.156021 0.202557 -181.764413 
r1 -0.151048 0.290686 -0.944821 290.983724 
r2 -0.206293 -0.944012 -0.257457 834.775404 

Frame 70 
Patt 0 
r0 -0.967853 0.151556 0.200728 -165.193699 
r1 -0.150713 0.289464 -0.945249 294.171912 
r2 -0.201362 -0.945114 -0.257317 831.971414 

Frame 71 
Patt 0 
r0 -0.967853 0.151556 0.200728 -165.193699 
r1 -0.150713 0.289464 -0.945249 294.171912 
r2 -0.201362 -0.945114 -0.257317 831.971414 

Frame 72 
Patt 0 
r0 -0.968373 0.149224 0.199967 -155.734142 
r1 -0.150599 0.289423 -0.945280 295.014996 
r2 -0.198934 -0.945498 -0.257796 829.495252 

Frame 73 
Patt 0 
r0 -0.968617 0.145410 0.201586 -145.492580 
r1 -0.153139 0.289685 -0.944791 296.993338 
r2 -0.195779 -0.946012 -0.258326 828.246663 

Frame 74 
Patt 0 
r0 -0.968325 0.144515 0.203625 -134.987829 
r1 -0.155236 0.290318 -0.944255 297.827438 
r2 -0.195575 -0.945955 -0.258688 826.864625 

Frame 75 
Patt 0 
r0 -0.969131 0.139306 0.203419 -124.151245 
r1 -0.156136 0.291751 -0.943665 298.790358 
r2 -0.190806 -0.946296 -0.260994 825.038357 

Frame 76 
Patt 0 
r0 -0.969576 0.137728 0.202368 -114.135115 
r1 -0.155326 0.292811 -0.943470 300.325578 
r2 -0.189198 -0.946199 -0.262510 823.003932 

Frame 77 
Patt 0 
r0 -0.970659 0.134538 0.199302 -103.983161 
r1 -0.152761 0.295080 -0.943182 301.335343 
r2 -0.185704 -0.945953 -0.265869 821.616799 

Frame 78 
Patt 0 
r0 -0.971056 0.133792 0.197864 -96.058491 
r1 -0.150867 0.298661 -0.942359 302.406498 
r2 -0.185175 -0.944934 -0.269832 819.449342 

Frame 79 
Patt 0 
r0 -0.970298 0.136244 0.199896 -88.586052 
r1 -0.151806 0.300441 -0.941642 303.741463 
r2 -0.188350 -0.944019 -0.270835 814.946687 

Frame 80 
Patt 0 
r0 -0.970612 0.139138 0.196351 -83.549796 
r1 -0.146955 0.303433 -0.941452 306.610650 
r2 -0.190571 -0.942639 -0.274069 811.606558 

Frame 113 
Patt 0 
r0 -0.963261 0.196611 0.182955 124.217921 
r1 -0.110185 0.331939 -0.936843 320.063453 
r2 -0.244924 -0.922584 -0.298081 832.550404 

Frame 114 
Patt 0 
r0 -0.963261 0.196611 0.182955 124.217921 
r1 -0.110185 0.331939 -0.936843 320.063453 
r2 -0.244924 -0.922584 -0.298081 832.550404 

Frame 115 
Patt 0 
r0 -0.963432 0.202126 0.175909 131.562443 
r1 -0.099489 0.339728 -0.935247 319.219026 
r2 -0.248799 -0.918548 -0.307196 842.286726 

Frame 116 
Patt 0 
r0 -0.962020 0.204978 0.180283 139.632911 
r1 -0.102975 0.339137 -0.935084 316.363969 
r2 -0.252812 -0.918134 -0.305149 844.681938 

Frame 117 
Patt 0 
r0 -0.960689 0.205846 0.186287 148.846238 
r1 -0.109384 0.336078 -0.935461 314.139251 
r2 -0.255168 -0.919064 -0.300351 844.245532 

Frame 118 
Patt 0 
r0 -0.961538 0.206066 0.181606 159.804288 
r1 -0.104245 0.337927 -0.935381 314.382698 
r2 -0.254120 -0.918337 -0.303449 852.260935 

Frame 119 
Patt 0 
r0 -0.961468 0.210265 0.177110 171.279784 
r1 -0.096964 0.343465 -0.934146 314.458556 
r2 -0.257249 -0.915325 -0.309843 860.302285 

Frame 120 
Patt 0 
r0 -0.960626 0.208875 0.183217 181.862303 
r1 -0.104129 0.340713 -0.934383 311.683859 
r2 -0.257594 -0.916671 -0.305547 859.076591 

Frame 121 
Patt 0 
r0 -0.961585 0.207906 0.179244 194.601419 
r1 -0.099670 0.343974 -0.933674 312.897308 
r2 -0.255772 -0.915673 -0.310039 866.304857 

Frame 122 
Patt 0 
r0 -0.962012 0.202922 0.182636 219.347790 
r1 -0.104381 0.344763 -0.932868 314.912638 
r2 -0.252266 -0.916494 -0.310485 872.466464 

Frame 123 
Patt 0 
r0 -0.962012 0.202922 0.182636 219.347790 
r1 -0.104381 0.344763 -0.932868 314.912638 
r2 -0.252266 -0.916494 -0.310485 872.466464 

Frame 124 
Patt 0 
r0 -0.962253 0.198802 0.185870 231.038602 
r1 -0.109923 0.340871 -0.933662 316.727934 
r2 -0.248971 -0.918850 -0.306151 874.264203 

Frame 125 
Patt 0 
r0 -0.963463 0.192982 0.185734 254.820396 
r1 -0.111814 0.340337 -0.933632 320.055007 
r2 -0.243386 -0.920287 -0.306324 881.885227 

Frame 126 
Patt 0 
r0 -0.963463 0.192982 0.185734 254.820396 
r1 -0.111814 0.340337 -0.933632 320.055007 
r2 -0.243386 -0.920287 -0.306324 881.885227 

Frame 127 
Patt 0 
r0 -0.963568 0.191921 0.186290 266.766461 
r1 -0.112149 0.342406 -0.932835 321.113695 
r2 -0.242817 -0.919742 -0.308408 884.380902 

Frame 128 
Patt 0 
r0 -0.963663 0.190371 0.187385 279.260948 
r1 -0.113321 0.343893 -0.932146 322.438010 
r2 -0.241894 -0.919509 -0.309824 887.257533 

Frame 129 
Patt 0 
r0 -0.964367 0.184219 0.189891 291.036995 
r1 -0.117532 0.344724 -0.931317 324.113439 
r2 -0.237026 -0.920450 -0.310789 890.532561 

Frame 130 
Patt 0 
r0 -0.963807 0.181842 0.194960 300.758882 
r1 -0.123277 0.344424 -0.930685 325.942598 
r2 -0.236386 -0.921035 -0.309542 891.182759 

Frame 131 
Patt 0 
r0 -0.964461 0.177295 0.195911 310.182186 
r1 -0.125562 0.344855 -0.930220 329.511450 
r2 -0.232484 -0.921760 -0.310338 895.171690 

Frame 132 
Patt 0 
r0 -0.963160 0.173006 0.205894 316.610030 
r1 -0.137265 0.342108 -0.929581 329.472189 
r2 -0.231261 -0.923597 -0.305757 889.003232 

Frame 133 
Patt 0 
r0 -0.963601 0.169136 0.207042 325.198067 
r1 -0.140062 0.340269 -0.929838 332.826389 
r2 -0.227719 -0.924992 -0.304194 891.739154 

Frame 134 
Patt 0 
r0 -0.963358 0.165319 0.211215 332.845353 
r1 -0.145758 0.338375 -0.929654 334.059319 
r2 -0.225159 -0.926376 -0.301880 891.299186 

Frame 135 
Patt 0 
r0 -0.963386 0.164271 0.211900 341.514451 
r1 -0.146048 0.341262 -0.928553 336.018814 
r2 -0.224848 -0.925503 -0.304775 894.726050 

Frame 136 
Patt 0 
r0 -0.962836 0.162565 0.215682 347.387466 
r1 -0.151083 0.337755 -0.929029 334.858050 
r2 -0.223875 -0.927089 -0.300642 891.761157 

