NumPatterns 4 
Frame 2 
Patt 0 
r0 0.778702 0.027886 0.626774 -3.701350 
r0 -0.035435 -0.995462 0.088313 -114.950013 
r0 0.626392 -0.090979 -0.774181 854.109588 

Frame 3 
Patt 0 
r0 0.776777 0.028055 0.629151 -5.020961 
r0 -0.038817 -0.994975 0.092292 -98.584175 
r0 0.628578 -0.096112 -0.771785 857.324044 

Frame 4 
Patt 0 
r0 0.800083 0.016628 0.599659 -7.343888 
r0 -0.030240 -0.997227 0.068000 -91.120444 
r0 0.599127 -0.072539 -0.797361 885.964218 

Frame 5 
Patt 0 
r0 0.797874 0.024547 0.602325 -10.644555 
r0 -0.021691 -0.997355 0.069379 -84.428131 
r0 0.602434 -0.068421 -0.795230 890.704342 

Frame 6 
Patt 0 
r0 0.797874 0.024547 0.602325 -10.644555 
r0 -0.021691 -0.997355 0.069379 -84.428131 
r0 0.602434 -0.068421 -0.795230 890.704342 

Frame 7 
Patt 0 
r0 0.798929 0.035947 0.600350 -9.785910 
r0 -0.012240 -0.997034 0.075988 -79.441650 
r0 0.601301 -0.068058 -0.796119 893.375857 

Frame 9 
Patt 0 
r0 0.801641 0.039934 0.596471 -15.227890 
r0 -0.007577 -0.997007 0.076933 -75.831253 
r0 0.597758 -0.066193 -0.798939 904.509202 

Frame 10 
Patt 0 
r0 0.797928 0.036713 0.601633 -14.801198 
r0 -0.013288 -0.996829 0.078452 -77.776758 
r0 0.602606 -0.070593 -0.794911 900.509270 

Frame 12 
Patt 0 
r0 0.806120 0.041270 0.590311 -3.990275 
r0 -0.001544 -0.997415 0.071840 -76.888891 
r0 0.591750 -0.058823 -0.803972 898.080747 

Frame 13 
Patt 0 
r0 0.806001 0.045452 0.590166 -1.818019 
r0 -0.001330 -0.996906 0.078594 -76.306838 
r0 0.591912 -0.064132 -0.803447 899.559472 

Frame 14 
Patt 0 
r0 0.801301 0.042774 0.596730 -0.842196 
r0 -0.008672 -0.996506 0.083075 -74.349925 
r0 0.598198 -0.071743 -0.798130 894.557099 

Frame 15 
Patt 0 
r0 0.802861 0.044906 0.594473 1.474080 
r0 -0.002447 -0.996902 0.078610 -70.823979 
r0 0.596161 -0.064568 -0.800264 894.544796 

Frame 16 
Patt 0 
r0 0.801718 0.049357 0.595661 0.018982 
r0 -0.006688 -0.995781 0.091513 -68.745505 
r0 0.597665 -0.077352 -0.798006 897.418812 

Frame 18 
Patt 0 
r0 0.803386 0.053336 0.593065 -8.008393 
r0 -0.010390 -0.994573 0.103520 -71.312528 
r0 0.595368 -0.089328 -0.798472 900.553555 

Frame 21 
Patt 0 
r0 0.793868 0.051074 0.605942 -24.344756 
r0 -0.007218 -0.995605 0.093376 -72.318503 
r0 0.608048 -0.078502 -0.790010 902.157470 

Frame 22 
Patt 0 
r0 0.791661 0.048456 0.609036 -26.588807 
r0 0.000319 -0.996882 0.078900 -73.252286 
r0 0.610960 -0.062268 -0.789209 901.037384 

Frame 23 
Patt 0 
r0 0.790810 0.050687 0.609960 -27.560506 
r0 -0.002708 -0.996266 0.086300 -73.631144 
r0 0.612056 -0.069899 -0.787719 901.941012 

Frame 24 
Patt 0 
r0 0.786680 0.052345 0.615138 -30.971152 
r0 -0.012735 -0.994811 0.100939 -77.380941 
r0 0.617230 -0.087240 -0.781931 900.644570 

Frame 25 
Patt 0 
r0 0.786680 0.052345 0.615138 -30.971152 
r0 -0.012735 -0.994811 0.100939 -77.380941 
r0 0.617230 -0.087240 -0.781931 900.644570 

Frame 26 
Patt 0 
r0 0.782027 0.042706 0.621780 -36.879373 
r0 -0.017027 -0.995813 0.089811 -77.668259 
r0 0.623012 -0.080821 -0.778025 899.634938 

Frame 27 
Patt 0 
r0 0.782027 0.042706 0.621780 -36.879373 
r0 -0.017027 -0.995813 0.089811 -77.668259 
r0 0.623012 -0.080821 -0.778025 899.634938 

Frame 28 
Patt 0 
r0 0.783276 0.037081 0.620568 -36.898891 
r0 -0.014291 -0.996882 0.077605 -77.253725 
r0 0.621510 -0.069655 -0.780303 900.562596 

Frame 29 
Patt 0 
r0 0.782747 0.045407 0.620681 -35.631909 
r0 -0.013001 -0.995924 0.089253 -75.310311 
r0 0.622204 -0.077932 -0.778966 898.632775 

Frame 30 
Patt 0 
r0 0.784734 0.051681 0.617674 -39.261709 
r0 -0.012235 -0.995032 0.098798 -74.097251 
r0 0.619712 -0.085087 -0.780204 901.273968 

Frame 34 
Patt 0 
r0 0.763817 0.023622 0.645000 -70.851223 
r0 -0.038720 -0.995853 0.082325 -88.818834 
r0 0.644270 -0.087856 -0.759735 896.128728 

Frame 37 
Patt 0 
r0 0.753486 0.029168 0.656817 -77.832381 
r0 -0.035114 -0.995804 0.084504 -85.885654 
r0 0.656526 -0.086736 -0.749300 888.441324 

Frame 38 
Patt 0 
r0 0.760883 0.042971 0.647465 -80.592983 
r0 -0.031450 -0.994190 0.102942 -82.259462 
r0 0.648126 -0.098690 -0.755111 893.807057 

Frame 55 
Patt 1 
r1 0.815475 0.080857 -0.573116 249.058642 
r1 0.129933 -0.990495 0.045137 136.579661 
r1 -0.564019 -0.111275 -0.818230 704.983529 

Frame 56 
Patt 1 
r1 0.826707 0.083949 -0.556334 233.451485 
r1 0.132012 -0.990145 0.046759 131.408371 
r1 -0.546926 -0.112099 -0.829642 711.373968 

Frame 57 
Patt 1 
r1 0.833141 0.076145 -0.547793 218.984357 
r1 0.128068 -0.990118 0.057149 126.872724 
r1 -0.538028 -0.117768 -0.834659 715.211526 

Frame 58 
Patt 1 
r1 0.838659 0.065616 -0.540689 208.098128 
r1 0.121223 -0.990304 0.067848 123.442088 
r1 -0.530995 -0.122446 -0.838482 717.473796 

Frame 59 
Patt 1 
r1 0.856725 0.070300 -0.510961 195.463858 
r1 0.119769 -0.990704 0.064510 119.071674 
r1 -0.501676 -0.116464 -0.857180 725.114840 

Frame 60 
Patt 1 
r1 0.863321 0.064127 -0.500564 179.153645 
r1 0.118172 -0.990004 0.076983 113.413583 
r1 -0.490623 -0.125614 -0.862270 727.894708 

Frame 61 
Patt 1 
r1 0.866392 0.051506 -0.496701 166.846812 
r1 0.114105 -0.988771 0.096502 108.529389 
r1 -0.486153 -0.140284 -0.862540 727.695103 

Frame 62 
Patt 1 
r1 0.874292 0.054473 -0.482334 157.315392 
r1 0.116966 -0.988045 0.100429 103.515423 
r1 -0.471098 -0.144221 -0.870211 731.155469 

Frame 63 
Patt 1 
r1 0.884866 0.060956 -0.461840 144.513960 
r1 0.119371 -0.987970 0.098312 97.098874 
r1 -0.450292 -0.142123 -0.881498 736.035992 

Frame 64 
Patt 1 
r1 0.890009 0.057233 -0.452337 130.480193 
r1 0.117378 -0.987412 0.106016 90.661501 
r1 -0.440575 -0.147449 -0.885524 736.962130 

Frame 65 
Patt 1 
r1 0.892258 0.047613 -0.449008 118.301642 
r1 0.115033 -0.985582 0.124080 86.031487 
r1 -0.436626 -0.162362 -0.884871 735.406364 

Frame 66 
Patt 1 
r1 0.897816 0.044896 -0.438076 109.517973 
r1 0.111075 -0.985713 0.126622 82.654919 
r1 -0.426132 -0.162343 -0.889975 736.851230 

Frame 67 
Patt 1 
r1 0.905611 0.048070 -0.421377 98.874094 
r1 0.110146 -0.986121 0.124229 78.889982 
r1 -0.409557 -0.158916 -0.898337 740.786960 

Frame 68 
Patt 1 
r1 0.910313 0.043349 -0.411645 84.422097 
r1 0.105092 -0.986118 0.128556 74.871085 
r1 -0.400358 -0.160287 -0.902231 741.850096 

Frame 69 
Patt 1 
r1 0.912728 0.023790 -0.407874 72.222166 
r1 0.094909 -0.983340 0.155031 72.790877 
r1 -0.397390 -0.180212 -0.899780 738.358425 

Frame 70 
Patt 1 
r1 0.922851 0.026074 -0.384273 64.037297 
r1 0.090816 -0.984306 0.151310 69.634526 
r1 -0.374297 -0.174535 -0.910736 743.929696 

Frame 71 
Patt 1 
r1 0.927019 0.023836 -0.374257 53.998219 
r1 0.087068 -0.984388 0.152970 63.942072 
r1 -0.364768 -0.174391 -0.914621 745.603337 

Frame 72 
Patt 1 
r1 0.933093 0.017338 -0.359218 43.462441 
r1 0.082960 -0.982276 0.168082 58.651350 
r1 -0.349937 -0.186636 -0.917993 744.661420 

Frame 73 
Patt 1 
r1 0.934053 0.005814 -0.357088 35.016893 
r1 0.077347 -0.979430 0.186373 53.017609 
r1 -0.348659 -0.201701 -0.915289 741.578530 

Frame 74 
Patt 1 
r1 0.936602 0.002472 -0.350388 27.235141 
r1 0.073784 -0.978945 0.190322 48.486780 
r1 -0.342540 -0.204108 -0.917064 740.975054 

Frame 75 
Patt 1 
r1 0.939925 0.000487 -0.341381 17.878822 
r1 0.070350 -0.978812 0.192297 44.740730 
r1 -0.334054 -0.204761 -0.920044 741.116386 

Frame 76 
Patt 1 
r1 0.941074 -0.002670 -0.338190 8.105411 
r1 0.067579 -0.978317 0.195776 41.143976 
r1 -0.331380 -0.207095 -0.920488 740.108568 

Frame 77 
Patt 1 
r1 0.945051 -0.003249 -0.326906 -0.770750 
r1 0.065561 -0.977753 0.199249 38.462255 
r1 -0.320281 -0.209733 -0.923814 739.626904 

Frame 78 
Patt 1 
r1 0.949225 -0.002956 -0.314584 -9.542459 
r1 0.064003 -0.977229 0.202305 35.607967 
r1 -0.308019 -0.212167 -0.927421 740.406901 

Frame 79 
Patt 1 
r1 0.951569 -0.002236 -0.307429 -18.486788 
r1 0.065862 -0.975274 0.210955 31.912442 
r1 -0.300299 -0.220986 -0.927893 739.514442 

Frame 80 
Patt 1 
r1 0.953237 -0.001152 -0.302222 -25.739891 
r1 0.066711 -0.974525 0.214127 29.045215 
r1 -0.294770 -0.224276 -0.928876 736.871465 

Frame 81 
Patt 1 
r1 0.953697 0.000484 -0.300768 -31.518929 
r1 0.068649 -0.973953 0.216110 27.920585 
r1 -0.292829 -0.226751 -0.928889 735.098214 

Frame 82 
Patt 1 
r1 0.954761 0.000729 -0.297375 -37.057551 
r1 0.067489 -0.974435 0.214292 28.460333 
r1 -0.289616 -0.224667 -0.930402 734.228006 

Frame 83 
Patt 1 
r1 0.960091 0.007020 -0.279599 -41.330080 
r1 0.072343 -0.971897 0.224013 26.370890 
r1 -0.270169 -0.235300 -0.933618 738.532253 

Frame 84 
Patt 1 
r1 0.961448 0.021359 -0.274157 -47.826303 
r1 0.082612 -0.973361 0.213879 20.581981 
r1 -0.262285 -0.228282 -0.937600 740.192128 

Frame 85 
Patt 1 
r1 0.963555 0.022210 -0.266588 -57.286531 
r1 0.082172 -0.972942 0.215945 16.052495 
r1 -0.254578 -0.229981 -0.939308 739.627344 

Frame 86 
Patt 1 
r1 0.965665 0.019132 -0.259084 -64.478141 
r1 0.081829 -0.968921 0.233446 10.790675 
r1 -0.246565 -0.246631 -0.937219 735.593938 

Frame 87 
Patt 1 
r1 0.965359 0.020760 -0.260097 -68.402437 
r1 0.084666 -0.967816 0.236990 6.204925 
r1 -0.246806 -0.250802 -0.936048 732.633486 

Frame 88 
Patt 1 
r1 0.964509 0.026212 -0.262747 -72.439645 
r1 0.088994 -0.969112 0.230004 3.972803 
r1 -0.248603 -0.245224 -0.937050 730.038995 

Frame 89 
Patt 1 
r1 0.963975 0.029803 -0.264317 -76.431745 
r1 0.094274 -0.967478 0.234731 3.539109 
r1 -0.248726 -0.251193 -0.935435 727.614406 

Frame 90 
Patt 1 
r1 0.965992 0.039280 -0.255572 -83.378047 
r1 0.097065 -0.971198 0.217609 6.695480 
r1 -0.239663 -0.235015 -0.941982 729.658980 

Frame 91 
Patt 1 
r1 0.965992 0.039280 -0.255572 -83.378047 
r1 0.097065 -0.971198 0.217609 6.695480 
r1 -0.239663 -0.235015 -0.941982 729.658980 

Frame 92 
Patt 1 
r1 0.967119 0.038333 -0.251419 -89.477955 
r1 0.096610 -0.969845 0.223756 7.813979 
r1 -0.235260 -0.240688 -0.941659 728.286054 

Frame 93 
Patt 1 
r1 0.967733 0.036947 -0.249255 -92.785501 
r1 0.094339 -0.970373 0.222431 9.447753 
r1 -0.233653 -0.238768 -0.942548 727.935198 

Frame 94 
Patt 1 
r1 0.969697 0.039543 -0.241088 -96.657073 
r1 0.095295 -0.969870 0.224212 10.031813 
r1 -0.224958 -0.240392 -0.944249 729.486826 

Frame 95 
Patt 1 
r1 0.969825 0.041032 -0.240325 -100.355974 
r1 0.096434 -0.969908 0.223558 10.294961 
r1 -0.223920 -0.239988 -0.944598 728.183137 

Frame 96 
Patt 1 
r1 0.970344 0.041791 -0.238088 -102.583484 
r1 0.097276 -0.969179 0.226337 10.669941 
r1 -0.221291 -0.242785 -0.944503 728.031464 

Frame 97 
Patt 1 
r1 0.969845 0.043564 -0.239796 -103.679088 
r1 0.099668 -0.968756 0.227108 10.611578 
r1 -0.222410 -0.244160 -0.943886 727.673350 

Frame 98 
Patt 1 
r1 0.970276 0.044436 -0.237886 -104.993092 
r1 0.099735 -0.969060 0.225776 10.994172 
r1 -0.220493 -0.242791 -0.944688 727.657439 

Frame 99 
Patt 1 
r1 0.971401 0.042141 -0.233674 -106.533753 
r1 0.097288 -0.968364 0.229797 10.851071 
r1 -0.216598 -0.245959 -0.944770 728.477012 

Frame 100 
Patt 1 
r1 0.970952 0.038742 -0.236116 -106.746655 
r1 0.096093 -0.966866 0.236508 9.724224 
r1 -0.219130 -0.252327 -0.942504 727.328243 

Frame 101 
Patt 1 
r1 0.971132 0.038888 -0.235353 -106.229895 
r1 0.095890 -0.967039 0.235885 8.715171 
r1 -0.218422 -0.251643 -0.942851 727.894282 

Frame 102 
Patt 1 
r1 0.971568 0.039208 -0.233493 -106.262133 
r1 0.093832 -0.969202 0.227689 7.840597 
r1 -0.217375 -0.243125 -0.945325 728.311269 

Frame 103 
Patt 1 
r1 0.971568 0.039208 -0.233493 -106.262133 
r1 0.093832 -0.969202 0.227689 7.840597 
r1 -0.217375 -0.243125 -0.945325 728.311269 

Frame 104 
Patt 1 
r1 0.969997 0.035475 -0.240517 -107.589756 
r1 0.092555 -0.968686 0.230394 8.799411 
r1 -0.224812 -0.245743 -0.942905 725.626631 

Frame 105 
Patt 1 
r1 0.970591 0.036506 -0.237952 -107.359891 
r1 0.093705 -0.967773 0.233742 9.654293 
r1 -0.221751 -0.249165 -0.942732 727.050513 

Frame 106 
Patt 1 
r1 0.971726 0.043606 -0.232052 -109.557593 
r1 0.096614 -0.970189 0.222259 9.293884 
r1 -0.215442 -0.238394 -0.946970 728.795350 

Frame 107 
Patt 1 
r1 0.972775 0.042963 -0.227732 -115.995352 
r1 0.092377 -0.973109 0.211010 10.562917 
r1 -0.212543 -0.226303 -0.950585 728.584225 

Frame 108 
Patt 1 
r1 0.978067 0.047130 -0.202890 -136.104245 
r1 0.090777 -0.973142 0.211551 11.486983 
r1 -0.187471 -0.225328 -0.956076 728.245062 

Frame 109 
Patt 1 
r1 0.978067 0.047130 -0.202890 -136.104245 
r1 0.090777 -0.973142 0.211551 11.486983 
r1 -0.187471 -0.225328 -0.956076 728.245062 

Frame 110 
Patt 1 
r1 0.977427 0.050460 -0.205157 -141.697660 
r1 0.096204 -0.970845 0.219558 12.343633 
r1 -0.188097 -0.234339 -0.953784 725.170098 

Frame 111 
Patt 1 
r1 0.979266 0.055030 -0.194961 -149.346259 
r1 0.096395 -0.973040 0.209528 13.654813 
r1 -0.178174 -0.223977 -0.958169 726.550397 

Frame 112 
Patt 1 
r1 0.980004 0.054394 -0.191399 -157.263278 
r1 0.094653 -0.973544 0.207973 16.296738 
r1 -0.175023 -0.221931 -0.959226 724.067256 

Frame 113 
Patt 1 
r1 0.983478 0.055215 -0.172400 -176.729809 
r1 0.088341 -0.977637 0.190845 26.904805 
r1 -0.158007 -0.202922 -0.966363 722.188529 

Frame 114 
Patt 1 
r1 0.986313 0.055336 -0.155320 -189.384644 
r1 0.084975 -0.977862 0.191222 32.913278 
r1 -0.141300 -0.201803 -0.969180 723.469436 

Frame 115 
Patt 1 
r1 0.987021 0.053874 -0.151284 -199.358446 
r1 0.082890 -0.977770 0.192602 38.096834 
r1 -0.137544 -0.202643 -0.969545 721.638845 

Frame 116 
Patt 1 
r1 0.987021 0.053874 -0.151284 -199.358446 
r1 0.082890 -0.977770 0.192602 38.096834 
r1 -0.137544 -0.202643 -0.969545 721.638845 

Frame 117 
Patt 1 
r1 0.988031 0.052327 -0.145106 -207.399750 
r1 0.079909 -0.978269 0.191325 43.469069 
r1 -0.131941 -0.200630 -0.970742 721.593495 

Frame 118 
Patt 1 
r1 0.989123 0.049745 -0.138426 -214.947265 
r1 0.076299 -0.978088 0.193706 48.389224 
r1 -0.125756 -0.202160 -0.971245 721.314962 

Frame 119 
Patt 1 
r1 0.991092 0.052116 -0.122557 -224.088134 
r1 0.074707 -0.979388 0.187664 51.557857 
r1 -0.110250 -0.195148 -0.974557 723.127347 

Frame 120 
Patt 1 
r1 0.991486 0.048525 -0.120833 -232.192223 
r1 0.070606 -0.980053 0.185769 55.477915 
r1 -0.109408 -0.192719 -0.975135 720.480324 

Frame 121 
Patt 1 
r1 0.992523 0.046649 -0.112791 -239.521445 
r1 0.067111 -0.980432 0.185063 59.961278 
r1 -0.101951 -0.191249 -0.976232 720.053104 

Frame 122 
Patt 1 
r1 0.993692 0.046818 -0.101900 -247.485008 
r1 0.065212 -0.980490 0.185439 63.641686 
r1 -0.091230 -0.190914 -0.977358 719.480633 

Frame 123 
Patt 1 
r1 0.994459 0.044775 -0.095111 -254.971399 
r1 0.062350 -0.979662 0.190720 66.595645 
r1 -0.084637 -0.195594 -0.977026 718.762748 

Frame 124 
Patt 1 
r1 0.995204 0.044836 -0.086935 -264.858229 
r1 0.060638 -0.980170 0.188651 70.677484 
r1 -0.076753 -0.193018 -0.978189 717.143074 

Frame 125 
Patt 1 
r1 0.995204 0.044836 -0.086935 -264.858229 
r1 0.060638 -0.980170 0.188651 70.677484 
r1 -0.076753 -0.193018 -0.978189 717.143074 

Frame 126 
Patt 1 
r1 0.995594 0.045171 -0.082166 -272.588544 
r1 0.059602 -0.981363 0.182686 73.386582 
r1 -0.072383 -0.186779 -0.979732 718.196568 

Frame 127 
Patt 1 
r1 0.996674 0.047333 -0.066331 -278.872754 
r1 0.058444 -0.982456 0.177100 76.368213 
r1 -0.056784 -0.180388 -0.981955 716.203646 

Frame 128 
Patt 1 
r1 0.997144 0.043441 -0.061781 -287.365477 
r1 0.053537 -0.983554 0.172496 80.755249 
r1 -0.053271 -0.175310 -0.983071 713.443473 

Frame 129 
Patt 1 
r1 0.997504 0.042586 -0.056319 -294.639753 
r1 0.051662 -0.983911 0.171025 85.855914 
r1 -0.048129 -0.173507 -0.983656 711.681121 

Frame 173 
Patt 3 
r3 0.963589 0.004108 0.267355 19.091823 
r3 -0.024466 -0.994333 0.103457 -78.247858 
r3 0.266265 -0.106231 -0.958028 739.163918 

Frame 175 
Patt 3 
r3 0.915464 -0.011554 0.402235 8.735900 
r3 -0.036100 -0.997915 0.053497 -71.438156 
r3 0.400778 -0.063496 -0.913972 718.426217 

Frame 176 
Patt 3 
r3 0.930391 -0.012439 0.366357 10.822576 
r3 -0.029085 -0.998778 0.039952 -64.178686 
r3 0.365413 -0.047827 -0.929616 729.851339 

Frame 177 
Patt 3 
r3 0.938161 -0.007990 0.346107 7.668137 
r3 -0.022844 -0.998983 0.038861 -59.974447 
r3 0.345445 -0.044365 -0.937390 737.742805 

Frame 178 
Patt 3 
r3 0.933061 -0.009492 0.359592 3.341840 
r3 -0.020742 -0.999408 0.027441 -57.231566 
r3 0.359118 -0.033063 -0.932706 739.308733 

Frame 179 
Patt 3 
r3 0.933584 -0.014335 0.358072 2.658625 
r3 -0.015087 -0.999886 -0.000693 -54.012079 
r3 0.358041 -0.004755 -0.933694 737.806905 

Frame 180 
Patt 3 
r3 0.933845 -0.003104 0.357663 1.984376 
r3 -0.014996 -0.999423 0.030482 -51.090816 
r3 0.357362 -0.033829 -0.933353 741.684668 

Frame 181 
Patt 3 
r3 0.933181 -0.006120 0.359354 -4.456223 
r3 -0.011842 -0.999836 0.013724 -45.698392 
r3 0.359211 -0.017062 -0.933100 741.460324 

Frame 182 
Patt 3 
r3 0.933181 -0.006120 0.359354 -4.456223 
r3 -0.011842 -0.999836 0.013724 -45.698392 
r3 0.359211 -0.017062 -0.933100 741.460324 

Frame 183 
Patt 3 
r3 0.927684 -0.004360 0.373342 -12.002995 
r3 -0.007819 -0.999939 0.007753 -39.603643 
r3 0.373285 -0.010112 -0.927661 742.301303 

Frame 184 
Patt 3 
r3 0.922632 -0.007740 0.385603 -14.098039 
r3 -0.007839 -0.999968 -0.001314 -35.462085 
r3 0.385601 -0.001811 -0.922664 742.555650 

Frame 185 
Patt 3 
r3 0.922632 -0.007740 0.385603 -14.098039 
r3 -0.007839 -0.999968 -0.001314 -35.462085 
r3 0.385601 -0.001811 -0.922664 742.555650 

Frame 186 
Patt 3 
r3 0.924657 0.004816 0.380770 -16.031791 
r3 -0.002559 -0.999819 0.018860 -31.817586 
r3 0.380792 -0.018414 -0.924477 747.132148 

Frame 187 
Patt 3 
r3 0.928551 -0.001302 0.371203 -20.047540 
r3 -0.001783 -0.999998 0.000954 -29.810457 
r3 0.371201 -0.001548 -0.928551 747.832828 

Frame 188 
Patt 3 
r3 0.921275 -0.003407 0.388896 -21.717312 
r3 -0.000760 -0.999975 -0.006959 -27.636473 
r3 0.388910 0.006115 -0.921255 748.007056 

Frame 189 
Patt 3 
r3 0.921865 0.006823 0.387451 -23.993715 
r3 0.001442 -0.999898 0.014179 -24.413587 
r3 0.387509 -0.012513 -0.921781 749.249268 

Frame 190 
Patt 3 
r3 0.923886 -0.001348 0.382665 -27.201389 
r3 0.002572 -0.999949 -0.009732 -23.544156 
r3 0.382659 0.009976 -0.923836 752.813726 

Frame 191 
Patt 3 
r3 0.920216 -0.000519 0.391411 -29.639081 
r3 0.003644 -0.999944 -0.009894 -22.681726 
r3 0.391394 0.010531 -0.920163 752.200074 

Frame 192 
Patt 3 
r3 0.914668 -0.008896 0.404108 -26.386578 
r3 0.001624 -0.999669 -0.025683 -19.312703 
r3 0.404202 0.024148 -0.914351 745.446379 

Frame 193 
Patt 3 
r3 0.932170 -0.007376 0.361945 -25.435616 
r3 -0.014439 -0.999754 0.016812 -18.312579 
r3 0.361732 -0.020898 -0.932048 753.501705 

Frame 194 
Patt 3 
r3 0.932170 -0.007376 0.361945 -25.435616 
r3 -0.014439 -0.999754 0.016812 -18.312579 
r3 0.361732 -0.020898 -0.932048 753.501705 

Frame 195 
Patt 3 
r3 0.927435 -0.007422 0.373911 -30.493387 
r3 -0.013806 -0.999801 0.014398 -24.132678 
r3 0.373730 -0.018515 -0.927353 753.216149 

Frame 196 
Patt 3 
r3 0.923890 -0.024524 0.381872 -28.804400 
r3 -0.013270 -0.999397 -0.032075 -24.447356 
r3 0.382428 0.024566 -0.923658 748.107815 

Frame 197 
Patt 3 
r3 0.926971 -0.007073 0.375065 -27.785053 
r3 -0.008456 -0.999962 0.002042 -22.838380 
r3 0.375037 -0.005064 -0.926996 751.394683 

Frame 198 
Patt 3 
r3 0.931419 -0.001927 0.363943 -34.158950 
r3 -0.004904 -0.999962 0.007255 -24.203136 
r3 0.363915 -0.008542 -0.931393 750.640856 

Frame 199 
Patt 3 
r3 0.924331 0.001569 0.381589 -41.628647 
r3 -0.003107 -0.999927 0.011637 -24.389568 
r3 0.381580 -0.011942 -0.924259 748.905424 

Frame 200 
Patt 3 
r3 0.925104 0.010711 0.379564 -48.642764 
r3 -0.004322 -0.999240 0.038731 -23.418421 
r3 0.379690 -0.037471 -0.924355 749.578994 

Frame 201 
Patt 3 
r3 0.929564 0.013154 0.368427 -57.605910 
r3 -0.006320 -0.998648 0.051599 -23.902066 
r3 0.368608 -0.050293 -0.928224 749.824172 

Frame 202 
Patt 3 
r3 0.926328 0.021529 0.376103 -81.910777 
r3 -0.004300 -0.997696 0.067700 -26.224440 
r3 0.376694 -0.064329 -0.924101 747.743395 

Frame 203 
Patt 3 
r3 0.926328 0.021529 0.376103 -81.910777 
r3 -0.004300 -0.997696 0.067700 -26.224440 
r3 0.376694 -0.064329 -0.924101 747.743395 

Frame 204 
Patt 3 
r3 0.931341 0.044256 0.361449 -99.919435 
r3 -0.002461 -0.991800 0.127779 -27.200199 
r3 0.364140 -0.119895 -0.923595 741.874741 

Frame 205 
Patt 3 
r3 0.916245 0.029518 0.399529 -118.872776 
r3 -0.009758 -0.995342 0.095915 -29.125286 
r3 0.400499 -0.091780 -0.911689 742.360026 

Frame 206 
Patt 3 
r3 0.891088 0.019182 0.453426 -129.554561 
r3 -0.010992 -0.997901 0.063818 -29.469056 
r3 0.453698 -0.061851 -0.889006 741.655567 

Frame 207 
Patt 3 
r3 0.897632 0.011714 0.440590 -140.582335 
r3 -0.006067 -0.999224 0.038928 -28.338111 
r3 0.440704 -0.037616 -0.896864 739.873539 

Frame 208 
Patt 3 
r3 0.877058 0.030167 0.479436 -154.151335 
r3 0.017312 -0.999363 0.031213 -30.496413 
r3 0.480073 -0.019075 -0.877021 726.233710 

Frame 231 
Patt 2 
r2 0.702190 0.087265 -0.706622 239.078647 
r2 0.077517 -0.995931 -0.045963 88.922122 
r2 -0.707758 -0.022500 -0.706097 775.359570 

Frame 232 
Patt 2 
r2 0.698230 0.082268 -0.711131 228.859738 
r2 0.076096 -0.996276 -0.040540 83.023070 
r2 -0.711818 -0.025808 -0.701890 780.207341 

Frame 233 
Patt 2 
r2 0.716071 0.084294 -0.692919 217.944451 
r2 0.082623 -0.995939 -0.035772 76.882108 
r2 -0.693120 -0.031636 -0.720128 782.325336 

Frame 234 
Patt 2 
r2 0.729246 0.088658 -0.678483 205.486416 
r2 0.090083 -0.995379 -0.033244 71.172669 
r2 -0.678295 -0.036877 -0.733863 786.122928 

Frame 235 
Patt 2 
r2 0.728105 0.088844 -0.679683 193.374724 
r2 0.093301 -0.995182 -0.030136 65.315012 
r2 -0.679086 -0.041472 -0.732886 790.181202 

Frame 236 
Patt 2 
r2 0.726469 0.094295 -0.680699 183.311914 
r2 0.097530 -0.994662 -0.033700 59.648289 
r2 -0.680244 -0.041907 -0.731787 794.569244 

Frame 237 
Patt 2 
r2 0.726766 0.092218 -0.680667 175.294025 
r2 0.101995 -0.994450 -0.025828 53.401109 
r2 -0.679271 -0.050654 -0.732138 796.599376 

Frame 238 
Patt 2 
r2 0.736542 0.092256 -0.670070 167.772945 
r2 0.108086 -0.993978 -0.018045 46.070904 
r2 -0.667700 -0.059134 -0.742078 798.074351 

Frame 239 
Patt 2 
r2 0.747630 0.095825 -0.657165 158.627634 
r2 0.115884 -0.993178 -0.012984 37.226951 
r2 -0.653926 -0.066448 -0.753635 799.553002 

Frame 240 
Patt 2 
r2 0.751295 0.094844 -0.653116 149.529550 
r2 0.119938 -0.992762 -0.006199 30.529313 
r2 -0.648977 -0.073676 -0.757232 799.097731 

Frame 241 
Patt 2 
r2 0.782548 0.104031 -0.613838 137.205187 
r2 0.132074 -0.991240 0.000382 24.409081 
r2 -0.608421 -0.081370 -0.789432 798.762985 

Frame 242 
Patt 2 
r2 0.795530 0.113263 -0.595234 120.798815 
r2 0.141152 -0.989988 0.000272 17.876131 
r2 -0.589244 -0.084235 -0.803552 800.974419 

Frame 245 
Patt 2 
r2 0.806132 0.103357 -0.582640 76.872656 
r2 0.142031 -0.989640 0.020955 -2.247817 
r2 -0.574438 -0.099646 -0.812460 805.265821 

Frame 246 
Patt 2 
r2 0.808586 0.100756 -0.579687 68.005061 
r2 0.143317 -0.989282 0.027960 -6.782192 
r2 -0.570657 -0.105686 -0.814359 804.311968 

Frame 248 
Patt 2 
r2 0.821043 0.096666 -0.562622 46.688668 
r2 0.144714 -0.988610 0.041327 -14.348032 
r2 -0.552219 -0.115350 -0.825680 803.021039 

Frame 249 
Patt 2 
r2 0.825703 0.094828 -0.556077 39.058614 
r2 0.142860 -0.988786 0.043512 -16.480572 
r2 -0.545715 -0.115370 -0.829991 803.245740 

Frame 250 
Patt 2 
r2 0.831520 0.093977 -0.547487 30.880743 
r2 0.143386 -0.988497 0.048097 -19.820971 
r2 -0.536669 -0.118496 -0.835431 803.620013 

Frame 251 
Patt 2 
r2 0.831906 0.090429 -0.547498 24.748454 
r2 0.142954 -0.988256 0.053987 -23.050831 
r2 -0.536186 -0.123179 -0.835064 802.083936 

Frame 252 
Patt 2 
r2 0.836806 0.088751 -0.540258 19.128583 
r2 0.143152 -0.987914 0.059437 -25.772956 
r2 -0.528454 -0.127076 -0.839398 802.066465 

Frame 255 
Patt 2 
r2 0.857935 0.075855 -0.508127 -14.849974 
r2 0.137006 -0.987004 0.083982 -39.168680 
r2 -0.495153 -0.141668 -0.857178 797.811722 

Frame 256 
Patt 2 
r2 0.857935 0.075855 -0.508127 -14.849974 
r2 0.137006 -0.987004 0.083982 -39.168680 
r2 -0.495153 -0.141668 -0.857178 797.811722 

Frame 257 
Patt 2 
r2 0.857223 0.070440 -0.510104 -18.116381 
r2 0.133858 -0.987028 0.088648 -39.074811 
r2 -0.497243 -0.144273 -0.855532 795.494946 

Frame 258 
Patt 2 
r2 0.859118 0.071860 -0.506708 -20.999119 
r2 0.132510 -0.987563 0.084615 -37.523119 
r2 -0.494326 -0.139838 -0.857955 796.027515 

Frame 259 
Patt 2 
r2 0.861676 0.071745 -0.502361 -24.120532 
r2 0.131062 -0.987832 0.083727 -36.114985 
r2 -0.490241 -0.137986 -0.860595 797.160424 

Frame 260 
Patt 2 
r2 0.863689 0.070089 -0.499129 -26.133748 
r2 0.130580 -0.987589 0.087275 -35.612680 
r2 -0.486817 -0.140555 -0.862122 798.124566 

Frame 261 
Patt 2 
r2 0.865376 0.071107 -0.496052 -27.346000 
r2 0.131387 -0.987448 0.087660 -36.054565 
r2 -0.483593 -0.141034 -0.863856 799.336305 

Frame 262 
Patt 2 
r2 0.866718 0.071129 -0.493701 -28.401698 
r2 0.129879 -0.987820 0.085690 -36.686045 
r2 -0.481592 -0.138391 -0.865400 799.906747 

Frame 263 
Patt 2 
r2 0.868424 0.070423 -0.490795 -33.015423 
r2 0.130371 -0.987463 0.088993 -36.913628 
r2 -0.478375 -0.141269 -0.866718 798.756385 

Frame 264 
Patt 2 
r2 0.868424 0.070423 -0.490795 -33.015423 
r2 0.130371 -0.987463 0.088993 -36.913628 
r2 -0.478375 -0.141269 -0.866718 798.756385 

Frame 265 
Patt 2 
r2 0.867366 0.070082 -0.492711 -32.838727 
r2 0.130867 -0.987311 0.089946 -35.140029 
r2 -0.480156 -0.142496 -0.865532 798.020425 

Frame 266 
Patt 2 
r2 0.867971 0.074552 -0.490987 -33.883779 
r2 0.130318 -0.988213 0.080327 -32.925425 
r2 -0.479211 -0.133707 -0.867456 799.753600 

Frame 267 
Patt 2 
r2 0.872566 0.072974 -0.483015 -39.118843 
r2 0.128434 -0.988263 0.082709 -32.595316 
r2 -0.471310 -0.134204 -0.871697 801.538200 

Frame 268 
Patt 2 
r2 0.872566 0.072974 -0.483015 -39.118843 
r2 0.128434 -0.988263 0.082709 -32.595316 
r2 -0.471310 -0.134204 -0.871697 801.538200 

Frame 269 
Patt 2 
r2 0.874602 0.070577 -0.479677 -41.333651 
r2 0.127511 -0.988003 0.087125 -32.374876 
r2 -0.467773 -0.137364 -0.873109 801.727150 

Frame 270 
Patt 2 
r2 0.874578 0.064200 -0.480615 -40.836350 
r2 0.125716 -0.987325 0.096880 -32.174297 
r2 -0.468304 -0.145150 -0.871564 802.192801 

Frame 271 
Patt 2 
r2 0.875413 0.068307 -0.478526 -41.265731 
r2 0.125031 -0.988273 0.087662 -33.561345 
r2 -0.466926 -0.136571 -0.873687 803.555443 

Frame 272 
Patt 2 
r2 0.874250 0.061064 -0.481620 -39.627111 
r2 0.125158 -0.986873 0.102066 -35.443042 
r2 -0.469065 -0.149509 -0.870417 801.921827 

Frame 273 
Patt 2 
r2 0.874250 0.061064 -0.481620 -39.627111 
r2 0.125158 -0.986873 0.102066 -35.443042 
r2 -0.469065 -0.149509 -0.870417 801.921827 

Frame 274 
Patt 2 
r2 0.867455 0.058097 -0.494111 -30.109499 
r2 0.121687 -0.987769 0.097490 -35.695487 
r2 -0.482404 -0.144695 -0.863915 801.785631 

Frame 275 
Patt 2 
r2 0.867455 0.058097 -0.494111 -30.109499 
r2 0.121687 -0.987769 0.097490 -35.695487 
r2 -0.482404 -0.144695 -0.863915 801.785631 

Frame 276 
Patt 2 
r2 0.867489 0.049428 -0.494995 -25.355099 
r2 0.121744 -0.985887 0.114912 -33.959125 
r2 -0.482329 -0.159948 -0.861264 799.769821 

Frame 278 
Patt 2 
r2 0.849901 0.042489 -0.525227 4.158748 
r2 0.116606 -0.987198 0.108827 -23.460209 
r2 -0.513879 -0.153736 -0.843975 800.619031 

Frame 279 
Patt 2 
r2 0.849901 0.042489 -0.525227 4.158748 
r2 0.116606 -0.987198 0.108827 -23.460209 
r2 -0.513879 -0.153736 -0.843975 800.619031 

Frame 280 
Patt 2 
r2 0.845608 0.041907 -0.532156 14.228902 
r2 0.113991 -0.988095 0.103321 -19.092950 
r2 -0.521491 -0.148030 -0.840318 801.226797 

Frame 281 
Patt 2 
r2 0.844108 0.033903 -0.535101 25.516491 
r2 0.110632 -0.987536 0.111950 -15.225876 
r2 -0.524636 -0.153698 -0.837338 802.380130 

Frame 283 
Patt 2 
r2 0.836043 0.011306 -0.548547 54.260909 
r2 0.105248 -0.984526 0.140116 -8.887733 
r2 -0.538475 -0.174876 -0.824296 796.253734 

Frame 284 
Patt 2 
r2 0.829869 0.003065 -0.557950 71.874520 
r2 0.100763 -0.984367 0.144462 -2.152555 
r2 -0.548785 -0.176105 -0.817204 789.815637 

Frame 285 
Patt 2 
r2 0.802465 0.012477 -0.596569 90.097191 
r2 0.098483 -0.988840 0.111791 7.020289 
r2 -0.588516 -0.148460 -0.794738 788.952936 

Frame 286 
Patt 2 
r2 0.788975 0.027453 -0.613812 103.310305 
r2 0.100855 -0.991238 0.085302 15.386433 
r2 -0.606092 -0.129207 -0.784830 795.119486 

Frame 287 
Patt 2 
r2 0.805403 0.010693 -0.592631 120.494581 
r2 0.106821 -0.986085 0.127382 23.995399 
r2 -0.583023 -0.165900 -0.795338 784.908977 

Frame 288 
Patt 2 
r2 0.794006 -0.002056 -0.607906 143.765350 
r2 0.104144 -0.984751 0.139356 32.978809 
r2 -0.598923 -0.173959 -0.781684 778.808086 

Frame 289 
Patt 2 
r2 0.759829 0.006129 -0.650094 187.498111 
r2 0.091197 -0.991073 0.097247 47.453411 
r2 -0.643695 -0.133177 -0.753605 778.070060 

Frame 290 
Patt 2 
r2 0.759829 0.006129 -0.650094 187.498111 
r2 0.091197 -0.991073 0.097247 47.453411 
r2 -0.643695 -0.133177 -0.753605 778.070060 

Frame 291 
Patt 2 
r2 0.744501 0.006097 -0.667593 206.110286 
r2 0.089528 -0.991838 0.090784 53.690855 
r2 -0.661591 -0.127358 -0.738971 772.751473 

Frame 292 
Patt 2 
r2 0.707073 0.025512 -0.706680 236.845995 
r2 0.078600 -0.995992 0.042687 62.690293 
r2 -0.702759 -0.085728 -0.706244 776.206197 

Frame 293 
Patt 2 
r2 0.707073 0.025512 -0.706680 236.845995 
r2 0.078600 -0.995992 0.042687 62.690293 
r2 -0.702759 -0.085728 -0.706244 776.206197 

Frame 312 
Patt 3 
r3 0.883256 0.044169 0.466806 -88.445509 
r3 0.071933 -0.996533 -0.041815 -69.907599 
r3 0.463340 0.070512 -0.883371 717.475576 

Frame 313 
Patt 3 
r3 0.920733 0.059105 0.385690 -71.051922 
r3 0.059909 -0.998154 0.009944 -69.732059 
r3 0.385566 0.013950 -0.922575 731.454500 

Frame 314 
Patt 3 
r3 0.922197 0.058939 0.382203 -55.173066 
r3 0.053595 -0.998259 0.024624 -69.719291 
r3 0.382989 -0.002224 -0.923750 736.697302 

Frame 315 
Patt 3 
r3 0.925150 0.058399 0.375084 -43.711651 
r3 0.049030 -0.998202 0.034484 -70.648964 
r3 0.376423 -0.013513 -0.926349 737.506771 

Frame 316 
Patt 3 
r3 0.930146 0.055324 0.362998 -32.907569 
r3 0.048423 -0.998432 0.028090 -71.434642 
r3 0.363983 -0.008550 -0.931366 734.306025 

Frame 317 
Patt 3 
r3 0.935744 0.058315 0.347826 -21.797149 
r3 0.048745 -0.998155 0.036210 -70.381257 
r3 0.349295 -0.016929 -0.936860 731.153946 

Frame 318 
Patt 3 
r3 0.934469 0.054509 0.351846 -9.510024 
r3 0.046954 -0.998447 0.029978 -67.291222 
r3 0.352934 -0.011493 -0.935578 728.895997 

Frame 319 
Patt 3 
r3 0.931307 0.062470 0.358838 -4.371328 
r3 0.045543 -0.997423 0.055442 -66.144435 
r3 0.361376 -0.035291 -0.931752 732.949020 

Frame 320 
Patt 3 
r3 0.930427 0.062742 0.361067 -2.529105 
r3 0.046444 -0.997479 0.053649 -65.260736 
r3 0.363523 -0.033147 -0.930995 730.396256 

Frame 321 
Patt 3 
r3 0.941651 0.057128 0.331708 2.667252 
r3 0.049625 -0.998285 0.031051 -63.670775 
r3 0.332913 -0.012778 -0.942871 723.802646 

Frame 322 
Patt 3 
r3 0.946200 0.056906 0.318540 13.225592 
r3 0.048572 -0.998239 0.034052 -60.623025 
r3 0.319917 -0.016748 -0.947298 723.518638 

Frame 323 
Patt 3 
r3 0.942281 0.067964 0.327853 17.474176 
r3 0.051573 -0.996958 0.058444 -63.001203 
r3 0.330827 -0.038162 -0.942919 726.302146 

Frame 324 
Patt 3 
r3 0.949001 0.064899 0.308521 20.062829 
r3 0.048115 -0.996934 0.061709 -66.055794 
r3 0.311580 -0.043718 -0.949214 723.692965 

Frame 325 
Patt 3 
r3 0.957723 0.056074 0.282176 25.211709 
r3 0.035368 -0.996330 0.077950 -69.033008 
r3 0.285511 -0.064674 -0.956191 722.512828 

Frame 350 
Patt 1 
r1 0.994644 0.019031 -0.101591 -264.536246 
r1 0.030137 -0.993593 0.108925 246.820878 
r1 -0.098868 -0.111403 -0.988845 733.378322 

Frame 351 
Patt 1 
r1 0.994644 0.019031 -0.101591 -264.536246 
r1 0.030137 -0.993593 0.108925 246.820878 
r1 -0.098868 -0.111403 -0.988845 733.378322 

Frame 352 
Patt 1 
r1 0.992128 0.019430 -0.123715 -250.035459 
r1 0.034552 -0.992016 0.121286 238.319411 
r1 -0.120371 -0.124606 -0.984878 736.704090 

Frame 353 
Patt 1 
r1 0.990391 0.027014 -0.135628 -238.357735 
r1 0.043990 -0.991335 0.123775 229.717446 
r1 -0.131109 -0.128551 -0.982998 743.412597 

Frame 354 
Patt 1 
r1 0.986215 0.022090 -0.163990 -219.588122 
r1 0.044763 -0.989713 0.135885 210.415474 
r1 -0.159302 -0.141352 -0.977058 746.922888 

Frame 355 
Patt 1 
r1 0.986215 0.022090 -0.163990 -219.588122 
r1 0.044763 -0.989713 0.135885 210.415474 
r1 -0.159302 -0.141352 -0.977058 746.922888 

Frame 356 
Patt 1 
r1 0.984418 0.012617 -0.175390 -208.694435 
r1 0.037672 -0.989396 0.140270 204.171577 
r1 -0.171761 -0.144691 -0.974455 753.138742 

Frame 357 
Patt 1 
r1 0.984757 0.020305 -0.172749 -205.206124 
r1 0.044649 -0.989393 0.138231 192.927628 
r1 -0.168110 -0.143837 -0.975218 758.136006 

Frame 358 
Patt 1 
r1 0.983058 0.023701 -0.181755 -202.253082 
r1 0.050071 -0.988613 0.141904 182.566080 
r1 -0.176322 -0.148600 -0.973051 756.731274 

Frame 359 
Patt 1 
r1 0.982504 0.031726 -0.183519 -200.519082 
r1 0.057256 -0.989117 0.135537 176.563258 
r1 -0.177222 -0.143673 -0.973627 759.326539 

Frame 360 
Patt 1 
r1 0.982893 0.038094 -0.180197 -199.120841 
r1 0.064563 -0.987558 0.143389 167.708838 
r1 -0.172493 -0.152570 -0.973123 759.859260 

Frame 361 
Patt 1 
r1 0.980490 0.042677 -0.191878 -194.248455 
r1 0.072652 -0.985705 0.152013 156.824930 
r1 -0.182648 -0.162988 -0.969575 758.761997 

Frame 362 
Patt 1 
r1 0.980819 0.039428 -0.190890 -190.937874 
r1 0.071165 -0.984159 0.162381 138.192966 
r1 -0.181464 -0.172851 -0.968088 761.352235 

Frame 363 
Patt 1 
r1 0.980819 0.039428 -0.190890 -190.937874 
r1 0.071165 -0.984159 0.162381 138.192966 
r1 -0.181464 -0.172851 -0.968088 761.352235 

Frame 364 
Patt 1 
r1 0.981090 0.041334 -0.189086 -189.967886 
r1 0.073364 -0.983448 0.165674 127.903445 
r1 -0.179109 -0.176413 -0.967884 764.350731 

Frame 365 
Patt 1 
r1 0.979809 0.042333 -0.195402 -190.314154 
r1 0.076440 -0.982395 0.170464 115.682779 
r1 -0.184745 -0.181959 -0.965795 761.972539 

Frame 366 
Patt 1 
r1 0.981850 0.040263 -0.185335 -193.865496 
r1 0.072187 -0.982991 0.168873 107.283324 
r1 -0.175383 -0.179187 -0.968056 761.893315 

Frame 367 
Patt 1 
r1 0.982547 0.032427 -0.183167 -196.211612 
r1 0.066586 -0.980752 0.183555 97.607705 
r1 -0.173689 -0.192547 -0.965794 760.279207 

Frame 368 
Patt 1 
r1 0.979436 0.023680 -0.200360 -192.978253 
r1 0.063550 -0.978746 0.194982 88.863475 
r1 -0.191484 -0.203705 -0.960124 755.681352 

Frame 369 
Patt 1 
r1 0.980600 0.022812 -0.194688 -189.293244 
r1 0.062058 -0.978246 0.197947 81.988880 
r1 -0.185937 -0.206188 -0.960684 757.236908 

Frame 370 
Patt 1 
r1 0.978411 0.016540 -0.206004 -185.862484 
r1 0.059397 -0.977243 0.203639 75.438386 
r1 -0.197947 -0.211479 -0.957128 753.546017 

Frame 371 
Patt 1 
r1 0.978944 0.016457 -0.203465 -185.056683 
r1 0.058718 -0.977320 0.203465 69.361852 
r1 -0.195502 -0.211127 -0.957708 756.566652 

Frame 372 
Patt 1 
r1 0.978072 0.010133 -0.208022 -184.345521 
r1 0.053554 -0.977466 0.204186 62.994897 
r1 -0.201266 -0.210849 -0.956575 755.088766 

Frame 373 
Patt 1 
r1 0.978000 0.006154 -0.208515 -183.785186 
r1 0.051501 -0.975747 0.212756 57.156043 
r1 -0.202149 -0.218814 -0.954597 753.809036 

Frame 374 
Patt 1 
r1 0.980701 0.012261 -0.195131 -185.110954 
r1 0.053401 -0.976882 0.207001 50.176578 
r1 -0.188082 -0.213426 -0.958684 755.998922 

Frame 375 
Patt 1 
r1 0.981764 0.013536 -0.189623 -187.739216 
r1 0.054107 -0.976105 0.210457 44.160815 
r1 -0.182243 -0.216879 -0.959037 754.128818 

Frame 376 
Patt 1 
r1 0.979270 0.007289 -0.202430 -187.065070 
r1 0.054529 -0.971946 0.228794 37.066044 
r1 -0.195084 -0.235089 -0.952195 750.083747 

Frame 377 
Patt 1 
r1 0.976753 0.005286 -0.214301 -181.941093 
r1 0.055178 -0.972211 0.227511 32.069847 
r1 -0.207143 -0.234047 -0.949902 749.557429 

Frame 378 
Patt 1 
r1 0.978435 0.009150 -0.206354 -182.079652 
r1 0.056863 -0.972349 0.226505 26.887061 
r1 -0.198576 -0.233354 -0.951900 750.505578 

Frame 379 
Patt 1 
r1 0.974914 -0.002394 -0.222570 -178.527394 
r1 0.052359 -0.969416 0.239772 23.010327 
r1 -0.216337 -0.245411 -0.944972 745.552923 

Frame 380 
Patt 1 
r1 0.973751 -0.004862 -0.227566 -171.284041 
r1 0.051575 -0.969055 0.241396 20.972478 
r1 -0.221698 -0.246796 -0.943367 745.340826 

Frame 381 
Patt 1 
r1 0.972835 -0.006502 -0.231409 -167.099665 
r1 0.051468 -0.968513 0.243584 18.922464 
r1 -0.225706 -0.248877 -0.941869 746.006192 

Frame 382 
Patt 1 
r1 0.968563 -0.011308 -0.248512 -161.394246 
r1 0.051877 -0.967824 0.246224 17.674077 
r1 -0.243300 -0.251376 -0.936811 741.981458 

Frame 383 
Patt 1 
r1 0.967576 -0.008210 -0.252446 -154.690241 
r1 0.053791 -0.969845 0.237710 19.861045 
r1 -0.246785 -0.243582 -0.937958 744.025992 

Frame 384 
Patt 1 
r1 0.965199 -0.006476 -0.261437 -148.757119 
r1 0.058258 -0.969248 0.239092 21.528726 
r1 -0.254945 -0.246002 -0.935140 745.276259 

Frame 385 
Patt 1 
r1 0.962356 -0.007853 -0.271680 -141.448340 
r1 0.058851 -0.969848 0.236499 23.651698 
r1 -0.265345 -0.243585 -0.932876 745.886972 

Frame 386 
Patt 1 
r1 0.955689 -0.012615 -0.294109 -129.630944 
r1 0.061371 -0.968591 0.240966 27.383386 
r1 -0.287911 -0.248339 -0.924897 744.320547 

Frame 387 
Patt 1 
r1 0.948501 -0.018500 -0.316235 -113.882517 
r1 0.061723 -0.968366 0.241779 32.896645 
r1 -0.310704 -0.248847 -0.917354 745.367604 

Frame 388 
Patt 1 
r1 0.949024 -0.007833 -0.315108 -99.875215 
r1 0.065688 -0.972827 0.222020 38.221220 
r1 -0.308284 -0.231401 -0.922721 752.905124 

Frame 389 
Patt 1 
r1 0.934322 -0.018245 -0.355963 -67.522032 
r1 0.065942 -0.972601 0.222932 49.206618 
r1 -0.350278 -0.231763 -0.907519 752.674454 

Frame 390 
Patt 1 
r1 0.926199 -0.016050 -0.376694 -51.000128 
r1 0.066313 -0.976585 0.204658 57.354257 
r1 -0.371158 -0.214534 -0.903447 758.014582 

Frame 391 
Patt 1 
r1 0.926199 -0.016050 -0.376694 -51.000128 
r1 0.066313 -0.976585 0.204658 57.354257 
r1 -0.371158 -0.214534 -0.903447 758.014582 

Frame 392 
Patt 1 
r1 0.915863 -0.019453 -0.401019 -31.991872 
r1 0.066017 -0.977934 0.198211 67.018268 
r1 -0.396026 -0.208008 -0.894369 759.482392 

Frame 393 
Patt 1 
r1 0.913559 -0.011714 -0.406539 -12.319930 
r1 0.069444 -0.980413 0.184301 76.377933 
r1 -0.400735 -0.196602 -0.894852 765.126707 

Frame 394 
Patt 1 
r1 0.901564 -0.016432 -0.432333 8.965170 
r1 0.071671 -0.979800 0.186697 82.978870 
r1 -0.426668 -0.199305 -0.882175 766.238969 

Frame 395 
Patt 1 
r1 0.890515 -0.020389 -0.454496 33.372321 
r1 0.070672 -0.980670 0.182463 89.104877 
r1 -0.449430 -0.194606 -0.871861 768.025505 

Frame 396 
Patt 1 
r1 0.878391 -0.019826 -0.477531 57.614485 
r1 0.069787 -0.983110 0.169185 95.069679 
r1 -0.472820 -0.181936 -0.862172 769.068219 

Frame 397 
Patt 1 
r1 0.867163 -0.021505 -0.497560 82.300309 
r1 0.068544 -0.984406 0.162008 102.760174 
r1 -0.493285 -0.174592 -0.852167 767.427332 

Frame 398 
Patt 1 
r1 0.864807 -0.016644 -0.501828 102.475425 
r1 0.069747 -0.985779 0.152891 109.363393 
r1 -0.497236 -0.167222 -0.851348 768.903647 

Frame 399 
Patt 1 
r1 0.852737 -0.015794 -0.522102 122.329618 
r1 0.070428 -0.986939 0.144884 116.103174 
r1 -0.517572 -0.160318 -0.840487 765.665862 

Frame 400 
Patt 1 
r1 0.847207 -0.009904 -0.531171 140.428968 
r1 0.071726 -0.988540 0.132833 123.006496 
r1 -0.526399 -0.150636 -0.836787 764.651058 

Frame 401 
Patt 1 
r1 0.842044 -0.001329 -0.539407 157.982193 
r1 0.074424 -0.990147 0.118618 130.829665 
r1 -0.534249 -0.140027 -0.833649 763.042439 

Frame 402 
Patt 1 
r1 0.835415 0.006967 -0.549575 173.078639 
r1 0.077839 -0.991341 0.105757 137.839534 
r1 -0.544079 -0.131129 -0.828724 760.902396 

Frame 403 
Patt 1 
r1 0.822813 0.012881 -0.568166 198.154725 
r1 0.078630 -0.992708 0.091364 153.540817 
r1 -0.562846 -0.119851 -0.817826 756.317379 

Frame 404 
Patt 1 
r1 0.822813 0.012881 -0.568166 198.154725 
r1 0.078630 -0.992708 0.091364 153.540817 
r1 -0.562846 -0.119851 -0.817826 756.317379 

Frame 405 
Patt 1 
r1 0.814929 0.019398 -0.579236 219.595867 
r1 0.081639 -0.993316 0.081593 168.116072 
r1 -0.573782 -0.113781 -0.811066 753.328788 

Frame 406 
Patt 1 
r1 0.814929 0.019398 -0.579236 219.595867 
r1 0.081639 -0.993316 0.081593 168.116072 
r1 -0.573782 -0.113781 -0.811066 753.328788 

Frame 407 
Patt 1 
r1 0.801008 0.020293 -0.598309 231.466970 
r1 0.082304 -0.993668 0.076485 175.220209 
r1 -0.592969 -0.110509 -0.797606 747.337850 

Frame 408 
Patt 1 
r1 0.793673 0.030119 -0.607598 244.730466 
r1 0.085086 -0.994452 0.061847 184.069138 
r1 -0.602365 -0.100785 -0.791833 743.981287 

Frame 409 
Patt 1 
