NumPatterns 2 
Frame 60 
Patt 0 
r0 -0.998606 0.046721 0.024577 -276.877284 
r1 0.009700 0.620020 -0.784526 177.272295 
r2 -0.051892 -0.783193 -0.619609 724.003456 

Frame 61 
Patt 0 
r0 -0.998613 0.045528 0.026435 -271.506535 
r1 0.007639 0.622125 -0.782881 177.763223 
r2 -0.052089 -0.781593 -0.621610 726.808633 

Frame 62 
Patt 0 
r0 -0.998461 0.049541 0.024932 -262.900419 
r1 0.010935 0.616561 -0.787231 182.822449 
r2 -0.054372 -0.785747 -0.616154 727.629186 

Frame 63 
Patt 0 
r0 -0.998461 0.049541 0.024932 -262.900419 
r1 0.010935 0.616561 -0.787231 182.822449 
r2 -0.054372 -0.785747 -0.616154 727.629186 

Frame 64 
Patt 0 
r0 -0.998204 0.048917 0.034574 -259.480287 
r1 0.003435 0.622981 -0.782229 184.413129 
r2 -0.059803 -0.780706 -0.622030 732.990475 

Frame 65 
Patt 0 
r0 -0.998320 0.050204 0.028938 -251.238495 
r1 0.008605 0.622299 -0.782733 187.740419 
r2 -0.057304 -0.781168 -0.621685 737.141133 

Frame 66 
Patt 0 
r0 -0.998502 0.046975 0.028065 -241.909232 
r1 0.006822 0.615744 -0.787917 190.567999 
r2 -0.054293 -0.786545 -0.615141 741.461134 

Frame 67 
Patt 0 
r0 -0.998506 0.042943 0.033788 -234.518473 
r1 -0.000070 0.617358 -0.786682 191.579350 
r2 -0.054642 -0.785509 -0.616433 746.050143 

Frame 68 
Patt 0 
r0 -0.998784 0.043998 0.022224 -226.993869 
r1 0.009190 0.609163 -0.792992 190.551009 
r2 -0.048428 -0.791824 -0.608827 745.273572 

Frame 69 
Patt 0 
r0 -0.998723 0.039895 0.031007 -222.632140 
r1 -0.000394 0.607493 -0.794325 187.973234 
r2 -0.050526 -0.793323 -0.606701 748.133653 

Frame 70 
Patt 0 
r0 -0.998623 0.038243 0.035900 -220.589767 
r1 -0.004800 0.614925 -0.788571 183.551004 
r2 -0.052233 -0.787658 -0.613895 750.620161 

Frame 71 
Patt 0 
r0 -0.998408 0.040080 0.039692 -219.856002 
r1 -0.006406 0.618547 -0.785722 183.006939 
r2 -0.056043 -0.784725 -0.617305 750.182369 

Frame 72 
Patt 0 
r0 -0.998346 0.042950 0.038224 -215.763354 
r1 -0.003360 0.620099 -0.784516 183.851750 
r2 -0.057398 -0.783347 -0.618929 753.006986 

Frame 73 
Patt 0 
r0 -0.997677 0.041880 0.053726 -210.608603 
r1 -0.016564 0.615883 -0.787663 183.443580 
r2 -0.066076 -0.786724 -0.613759 757.834097 

Frame 74 
Patt 0 
r0 -0.997713 0.037427 0.056285 -204.423535 
r1 -0.021039 0.619384 -0.784806 183.812330 
r2 -0.064236 -0.784195 -0.617180 760.511238 

Frame 75 
Patt 0 
r0 -0.997182 0.032698 0.067525 -192.259949 
r1 -0.033551 0.610670 -0.791174 178.829446 
r2 -0.067106 -0.791210 -0.607851 765.823243 

Frame 76 
Patt 0 
r0 -0.997182 0.032698 0.067525 -192.259949 
r1 -0.033551 0.610670 -0.791174 178.829446 
r2 -0.067106 -0.791210 -0.607851 765.823243 

Frame 77 
Patt 0 
r0 -0.997189 0.023365 0.071197 -184.193648 
r1 -0.041490 0.619040 -0.784263 175.687003 
r2 -0.062398 -0.785012 -0.616330 768.879026 

Frame 78 
Patt 0 
r0 -0.996857 0.014227 0.077928 -175.353613 
r1 -0.052443 0.618778 -0.783814 173.679343 
r2 -0.059371 -0.785437 -0.616087 770.642429 

Frame 79 
Patt 0 
r0 -0.997259 0.014796 0.072497 -153.791600 
r1 -0.047490 0.623356 -0.780495 181.364048 
r2 -0.056740 -0.781798 -0.620944 776.054363 

Frame 80 
Patt 0 
r0 -0.997259 0.014796 0.072497 -153.791600 
r1 -0.047490 0.623356 -0.780495 181.364048 
r2 -0.056740 -0.781798 -0.620944 776.054363 

Frame 81 
Patt 0 
r0 -0.997914 0.009255 0.063888 -142.304409 
r1 -0.044769 0.613797 -0.788194 182.442608 
r2 -0.046509 -0.789410 -0.612102 775.184247 

Frame 82 
Patt 0 
r0 -0.997662 0.005227 0.068139 -132.302515 
r1 -0.050537 0.614745 -0.787105 181.381644 
r2 -0.046002 -0.788709 -0.613044 776.333139 

Frame 83 
Patt 0 
r0 -0.997489 0.003738 0.070728 -122.039641 
r1 -0.053504 0.614554 -0.787059 180.948051 
r2 -0.046408 -0.788866 -0.612810 775.981975 

Frame 84 
Patt 0 
r0 -0.997538 -0.003736 0.070029 -113.508070 
r1 -0.057482 0.615576 -0.785978 182.858186 
r2 -0.040172 -0.788068 -0.614276 775.806769 

Frame 85 
Patt 0 
r0 -0.997934 -0.009896 0.063484 -106.886331 
r1 -0.056420 0.607709 -0.792153 185.547822 
r2 -0.030741 -0.794098 -0.607012 773.620186 

Frame 86 
Patt 0 
r0 -0.997057 -0.008539 0.076181 -98.595722 
r1 -0.065525 0.610723 -0.789129 187.417511 
r2 -0.039787 -0.791798 -0.609485 779.148123 

Frame 87 
Patt 0 
r0 -0.997351 -0.018671 0.070307 -86.210961 
r1 -0.067003 0.612102 -0.787935 190.952707 
r2 -0.028323 -0.790558 -0.611731 779.971024 

Frame 88 
Patt 0 
r0 -0.997947 -0.020544 0.060658 -78.055168 
r1 -0.060862 0.599005 -0.798429 195.539553 
r2 -0.019931 -0.800482 -0.599025 773.975714 

Frame 89 
Patt 0 
r0 -0.997592 -0.018005 0.066975 -72.196485 
r1 -0.064475 0.596566 -0.799970 198.879241 
r2 -0.025552 -0.802362 -0.596290 775.337292 

Frame 90 
Patt 0 
r0 -0.996563 -0.027313 0.078211 -50.790220 
r1 -0.078969 0.598526 -0.797201 207.484646 
r2 -0.025037 -0.800637 -0.598626 780.513700 

Frame 91 
Patt 0 
r0 -0.996563 -0.027313 0.078211 -50.790220 
r1 -0.078969 0.598526 -0.797201 207.484646 
r2 -0.025037 -0.800637 -0.598626 780.513700 

Frame 92 
Patt 0 
r0 -0.996561 -0.032515 0.076212 -37.081563 
r1 -0.080618 0.592933 -0.801206 212.865632 
r2 -0.019138 -0.804595 -0.593516 779.057758 

Frame 93 
Patt 0 
r0 -0.996831 -0.038594 0.069552 -23.252593 
r1 -0.078918 0.589169 -0.804147 218.264557 
r2 -0.009943 -0.807088 -0.590348 778.724604 

Frame 94 
Patt 0 
r0 -0.997009 -0.044875 0.062923 -11.849966 
r1 -0.077286 0.580564 -0.810538 222.326762 
r2 -0.000158 -0.812977 -0.582296 774.498711 

Frame 95 
Patt 0 
r0 -0.997112 -0.047407 0.059335 -3.277575 
r1 -0.075814 0.574889 -0.814711 224.947572 
r2 0.004512 -0.816857 -0.576823 772.320993 

Frame 96 
Patt 0 
r0 -0.996552 -0.045365 0.069468 5.935111 
r1 -0.082912 0.575369 -0.813681 226.621570 
r2 -0.003057 -0.816635 -0.577146 773.830098 

Frame 97 
Patt 0 
r0 -0.995735 -0.052400 0.075928 21.342504 
r1 -0.092236 0.581674 -0.808176 230.383346 
r2 -0.001817 -0.811733 -0.584026 775.069707 

Frame 98 
Patt 0 
r0 -0.995584 -0.065403 0.067341 35.403570 
r1 -0.092725 0.573223 -0.814136 234.553399 
r2 0.014646 -0.816785 -0.576756 768.809477 

Frame 99 
Patt 0 
r0 -0.995520 -0.069764 0.063818 46.037690 
r1 -0.092243 0.568441 -0.817536 239.204324 
r2 0.020758 -0.819761 -0.572330 766.701022 

Frame 100 
Patt 0 
r0 -0.995426 -0.077053 0.056472 56.208312 
r1 -0.090014 0.558528 -0.824587 241.268901 
r2 0.031996 -0.825899 -0.562909 763.843879 

Frame 101 
Patt 0 
r0 -0.994929 -0.080652 0.060102 62.391799 
r1 -0.094951 0.555971 -0.825761 239.474569 
r2 0.033184 -0.827280 -0.560809 761.452759 

Frame 102 
Patt 0 
r0 -0.995220 -0.081266 0.054161 65.871125 
r1 -0.090389 0.556510 -0.825909 238.829348 
r2 0.036977 -0.826857 -0.561195 761.879530 

Frame 103 
Patt 0 
r0 -0.994823 -0.078105 0.065010 73.505419 
r1 -0.097651 0.557693 -0.824283 236.575050 
r2 0.028124 -0.826364 -0.562433 763.627798 

Frame 104 
Patt 0 
r0 -0.994823 -0.078105 0.065010 73.505419 
r1 -0.097651 0.557693 -0.824283 236.575050 
r2 0.028124 -0.826364 -0.562433 763.627798 

Frame 105 
Patt 0 
r0 -0.994685 -0.078284 0.066888 80.612853 
r1 -0.099481 0.563017 -0.820436 235.262424 
r2 0.026567 -0.822730 -0.567812 764.238338 

Frame 106 
Patt 0 
r0 -0.994817 -0.082698 0.059164 86.799571 
r1 -0.095622 0.562975 -0.820924 236.099357 
r2 0.034581 -0.822326 -0.567965 762.600990 

Frame 107 
Patt 0 
r0 -0.994792 -0.084081 0.057611 88.095799 
r1 -0.094862 0.557028 -0.825058 236.580077 
r2 0.037281 -0.826227 -0.562103 764.203470 

Frame 108 
Patt 0 
r0 -0.994303 -0.080049 0.070376 91.646777 
r1 -0.103305 0.561190 -0.821215 234.601993 
r2 0.026244 -0.823807 -0.566263 764.886253 

Frame 109 
Patt 0 
r0 -0.994262 -0.081280 0.069549 98.023164 
r1 -0.103402 0.563624 -0.819534 235.122128 
r2 0.027412 -0.822023 -0.568795 764.630600 

Frame 110 
Patt 0 
r0 -0.994001 -0.085681 0.067981 101.909756 
r1 -0.104517 0.560919 -0.821247 236.775358 
r2 0.032234 -0.823425 -0.566509 764.194101 

Frame 111 
Patt 0 
r0 -0.993481 -0.085977 0.074855 106.146102 
r1 -0.110338 0.560182 -0.820989 237.529536 
r2 0.028654 -0.823896 -0.566016 765.105825 

Frame 112 
Patt 0 
r0 -0.992751 -0.091410 0.078030 113.423366 
r1 -0.116173 0.563501 -0.817906 239.195730 
r2 0.030794 -0.821042 -0.570036 765.154814 

Frame 113 
Patt 0 
r0 -0.992445 -0.094401 0.078369 117.551744 
r1 -0.118042 0.560491 -0.819705 242.788701 
r2 0.033456 -0.822763 -0.567399 763.635059 

Frame 114 
Patt 0 
r0 -0.992664 -0.093756 0.076336 120.632469 
r1 -0.115826 0.556424 -0.822786 247.163657 
r2 0.034666 -0.825592 -0.563202 764.384474 

Frame 115 
Patt 0 
r0 -0.991685 -0.094153 0.087732 127.075807 
r1 -0.125451 0.555222 -0.822186 250.714250 
r2 0.028700 -0.826356 -0.562417 764.239381 

Frame 116 
Patt 0 
r0 -0.990881 -0.103022 0.086841 135.960273 
r1 -0.129669 0.553947 -0.822392 254.830564 
r2 0.036619 -0.826153 -0.562254 763.195730 

Frame 117 
Patt 0 
r0 -0.990714 -0.109905 0.080037 141.173099 
r1 -0.127662 0.549486 -0.825692 258.897154 
r2 0.046768 -0.828243 -0.558414 762.908046 

