NumPatterns 2 
Frame 49 
Patt 1 
r0 0.981297 -0.013814 0.192005 207.442118 
r1 0.136424 -0.653791 -0.744275 250.796794 
r2 0.135813 0.756549 -0.639679 750.682305 

Frame 65 
Patt 1 
r0 0.987856 -0.029591 0.152529 80.835999 
r1 0.097584 -0.645756 -0.757283 216.098851 
r2 0.120905 0.762971 -0.635026 735.355733 

Frame 86 
Patt 1 
r0 0.982116 -0.082788 0.169096 -72.860708 
r1 0.083950 -0.611349 -0.786896 140.189938 
r2 0.168523 0.787019 -0.593466 759.608542 

Frame 95 
Patt 0 
r0 -0.975452 0.074815 0.207115 362.111052 
r1 -0.110819 0.645979 -0.755269 159.702310 
r2 -0.190297 -0.759680 -0.621830 902.604728 

Frame 95 
Patt 1 
r0 0.980900 -0.087899 0.173518 -134.352431 
r1 0.079512 -0.632939 -0.770108 106.846219 
r2 0.177518 0.769196 -0.613861 787.473485 

Frame 96 
Patt 0 
r0 -0.975026 0.077196 0.208241 357.743253 
r1 -0.110951 0.642940 -0.757837 158.614195 
r2 -0.192389 -0.762016 -0.618319 903.112369 

Frame 96 
Patt 1 
r0 0.979725 -0.090038 0.178974 -137.567276 
r1 0.084061 -0.626145 -0.775162 104.465040 
r2 0.181858 0.774491 -0.605881 788.455024 

Frame 97 
Patt 0 
r0 -0.975078 0.070493 0.210364 355.805428 
r1 -0.117213 0.641366 -0.758229 157.436476 
r2 -0.188370 -0.763990 -0.617119 905.449649 

Frame 97 
Patt 1 
r0 0.980346 -0.084637 0.178208 -139.856253 
r1 0.087800 -0.621745 -0.778283 100.555426 
r2 0.176671 0.778633 -0.602094 792.643609 

Frame 98 
Patt 0 
r0 -0.976311 0.049820 0.210559 359.868602 
r1 -0.131601 0.635722 -0.760617 151.994508 
r2 -0.171751 -0.770309 -0.614106 910.764141 

Frame 98 
Patt 1 
r0 0.980048 -0.073281 0.184757 -137.720244 
r1 0.103613 -0.604887 -0.789542 87.069814 
r2 0.169616 0.792932 -0.585225 802.466538 

Frame 99 
Patt 0 
r0 -0.975653 0.038377 0.215938 361.483432 
r1 -0.142081 0.639446 -0.755593 145.286643 
r2 -0.167078 -0.767877 -0.618425 908.809032 

Frame 99 
Patt 1 
r0 0.980505 -0.059294 0.187335 -134.946618 
r1 0.111789 -0.615732 -0.779985 77.205133 
r2 0.161597 0.785721 -0.597100 807.182239 

Frame 100 
Patt 0 
r0 -0.975653 0.038377 0.215938 361.483432 
r1 -0.142081 0.639446 -0.755593 145.286643 
r2 -0.167078 -0.767877 -0.618425 908.809032 

Frame 100 
Patt 1 
r0 0.980505 -0.059294 0.187335 -134.946618 
r1 0.111789 -0.615732 -0.779985 77.205133 
r2 0.161597 0.785721 -0.597100 807.182239 

Frame 104 
Patt 0 
r0 -0.977678 -0.003201 0.210086 374.925048 
r1 -0.163100 0.641904 -0.749238 148.760500 
r2 -0.132457 -0.766779 -0.628097 916.651994 

Frame 104 
Patt 1 
r0 0.984683 -0.004442 0.174300 -124.384882 
r1 0.132368 -0.631626 -0.763890 70.275875 
r2 0.113486 0.775261 -0.621363 833.173079 

Frame 105 
Patt 0 
r0 -0.976273 0.011356 0.216244 353.902580 
r1 -0.158739 0.641694 -0.750353 143.925056 
r2 -0.147283 -0.766876 -0.624667 923.780852 

Frame 105 
Patt 1 
r0 0.982491 -0.018598 0.185377 -142.568788 
r1 0.132111 -0.632038 -0.763593 66.602507 
r2 0.131366 0.774714 -0.618515 832.992920 

Frame 106 
Patt 0 
r0 -0.976273 0.011356 0.216244 353.902580 
r1 -0.158739 0.641694 -0.750353 143.925056 
r2 -0.147283 -0.766876 -0.624667 923.780852 

Frame 106 
Patt 1 
r0 0.982491 -0.018598 0.185377 -142.568788 
r1 0.132111 -0.632038 -0.763593 66.602507 
r2 0.131366 0.774714 -0.618515 832.992920 

Frame 107 
Patt 0 
r0 -0.976632 0.009221 0.214721 354.468988 
r1 -0.160091 0.635356 -0.755443 145.352535 
r2 -0.143390 -0.772164 -0.619033 920.574084 

Frame 107 
Patt 1 
r0 0.981172 -0.024963 0.191514 -141.422334 
r1 0.134044 -0.625872 -0.768320 67.854969 
r2 0.139043 0.779526 -0.610742 834.949353 

Frame 108 
Patt 0 
r0 -0.978013 -0.001945 0.208537 357.439859 
r1 -0.162073 0.636367 -0.754168 145.276586 
r2 -0.131239 -0.771384 -0.622690 923.228498 

Frame 108 
Patt 1 
r0 0.983342 -0.011427 0.181408 -139.930118 
r1 0.134690 -0.624367 -0.769432 66.599615 
r2 0.122057 0.781048 -0.612427 838.029681 

Frame 109 
Patt 0 
r0 -0.979338 -0.005009 0.202171 352.914675 
r1 -0.157833 0.643954 -0.748607 143.849867 
r2 -0.126439 -0.765048 -0.631439 937.174767 

Frame 109 
Patt 1 
r0 0.985802 0.001067 0.167909 -151.797189 
r1 0.130001 -0.637755 -0.759189 65.808825 
r2 0.106274 0.770239 -0.628839 853.606177 

Frame 110 
Patt 0 
r0 -0.977449 0.007888 0.211026 335.998245 
r1 -0.156232 0.645311 -0.747773 141.067564 
r2 -0.142075 -0.763879 -0.629526 935.921170 

Frame 110 
Patt 1 
r0 0.983905 -0.015302 0.178034 -165.242048 
r1 0.127847 -0.635797 -0.761195 64.611891 
r2 0.124842 0.771705 -0.623608 845.205145 

Frame 111 
Patt 0 
r0 -0.976046 0.014934 0.217051 326.741592 
r1 -0.158850 0.632779 -0.757864 141.512942 
r2 -0.148664 -0.774189 -0.615249 922.771784 

Frame 111 
Patt 1 
r0 0.981597 -0.027175 0.189023 -168.317096 
r1 0.131194 -0.623301 -0.770898 65.521440 
r2 0.138768 0.781510 -0.608265 834.830942 

Frame 112 
Patt 0 
r0 -0.976279 0.003795 0.216485 329.773167 
r1 -0.165123 0.633687 -0.755761 143.705974 
r2 -0.140052 -0.773580 -0.618028 919.316573 

Frame 112 
Patt 1 
r0 0.981731 -0.018385 0.189383 -165.358409 
r1 0.137023 -0.622272 -0.770715 64.469975 
r2 0.132017 0.782585 -0.608385 835.047485 

Frame 113 
Patt 0 
r0 -0.978000 -0.006550 0.208503 330.007335 
r1 -0.164485 0.638951 -0.751457 144.687145 
r2 -0.128302 -0.769220 -0.625971 928.228987 

Frame 113 
Patt 1 
r0 0.984086 -0.000548 0.177692 -170.480098 
r1 0.137578 -0.630531 -0.763874 63.574258 
r2 0.112459 0.776164 -0.620421 843.846463 

Frame 114 
Patt 0 
r0 -0.977910 0.001329 0.209020 318.294881 
r1 -0.158908 0.644905 -0.747560 144.796330 
r2 -0.135792 -0.764262 -0.630448 938.276301 

Frame 114 
Patt 1 
r0 0.984779 -0.002666 0.173789 -186.248431 
r1 0.132032 -0.638795 -0.757963 65.473025 
r2 0.113036 0.769372 -0.628720 848.575811 

Frame 115 
Patt 0 
r0 -0.976660 0.017608 0.214069 300.594169 
r1 -0.153309 0.640893 -0.752165 141.207546 
r2 -0.150439 -0.767428 -0.623235 931.055909 

Frame 115 
Patt 1 
r0 0.982856 -0.024210 0.182779 -198.450794 
r1 0.126454 -0.632927 -0.763815 65.776201 
r2 0.134177 0.773833 -0.619014 835.596986 

Frame 116 
Patt 0 
r0 -0.976084 0.023083 0.216166 292.635221 
r1 -0.152712 0.634894 -0.757356 141.643269 
r2 -0.154724 -0.772254 -0.616185 921.242590 

Frame 116 
Patt 1 
r0 0.981166 -0.036024 0.189775 -202.314490 
r1 0.125912 -0.625781 -0.769769 67.483170 
r2 0.146488 0.779167 -0.609459 826.603960 

Frame 117 
Patt 0 
r0 -0.976928 0.016932 0.212897 292.397956 
r1 -0.153651 0.636643 -0.755696 144.774657 
r2 -0.148335 -0.770973 -0.619353 918.742298 

Frame 117 
Patt 1 
r0 0.981606 -0.029305 0.188657 -203.077452 
r1 0.129080 -0.626211 -0.768894 68.562935 
r2 0.140671 0.779103 -0.610909 825.628521 

Frame 118 
Patt 0 
r0 -0.977607 0.011468 0.210127 289.353477 
r1 -0.154914 0.636603 -0.755472 148.741576 
r2 -0.142431 -0.771106 -0.620571 917.317950 

Frame 118 
Patt 1 
r0 0.983144 -0.019518 0.181788 -208.043172 
r1 0.129493 -0.627582 -0.767706 72.425863 
r2 0.129071 0.778306 -0.614476 827.076808 

Frame 119 
Patt 0 
r0 -0.979170 0.017843 0.202258 281.391001 
r1 -0.144379 0.639211 -0.755357 149.966276 
r2 -0.142764 -0.768825 -0.623319 921.502491 

Frame 119 
Patt 1 
r0 0.985205 -0.021294 0.170049 -219.771604 
r1 0.118851 -0.629974 -0.767468 76.968343 
r2 0.123469 0.776325 -0.618123 827.148071 

Frame 120 
Patt 0 
r0 -0.979032 0.026883 0.201926 268.483187 
r1 -0.138490 0.639100 -0.756552 149.613563 
r2 -0.149389 -0.768654 -0.621976 918.071203 

Frame 120 
Patt 1 
r0 0.984557 -0.032524 0.172018 -231.777370 
r1 0.113490 -0.629580 -0.768602 79.994255 
r2 0.133297 0.776254 -0.616166 819.937375 

Frame 121 
Patt 0 
r0 -0.977954 0.029183 0.206769 257.179931 
r1 -0.141848 0.633826 -0.760358 148.563172 
r2 -0.153245 -0.772925 -0.615713 907.039869 

Frame 121 
Patt 1 
r0 0.983138 -0.039371 0.178578 -239.270282 
r1 0.115542 -0.623186 -0.773492 78.772106 
r2 0.141740 0.781082 -0.608128 810.710805 

Frame 122 
Patt 0 
r0 -0.977785 0.021279 0.208527 246.706278 
r1 -0.147767 0.635602 -0.757744 151.184462 
r2 -0.148664 -0.771724 -0.618337 895.562270 

Frame 122 
Patt 1 
r0 0.982999 -0.029954 0.181153 -249.176708 
r1 0.122485 -0.628028 -0.768491 77.494792 
r2 0.136789 0.777614 -0.613682 801.521633 

Frame 123 
Patt 0 
r0 -0.977785 0.021279 0.208527 246.706278 
r1 -0.147767 0.635602 -0.757744 151.184462 
r2 -0.148664 -0.771724 -0.618337 895.562270 

Frame 123 
Patt 1 
r0 0.982999 -0.029954 0.181153 -249.176708 
r1 0.122485 -0.628028 -0.768491 77.494792 
r2 0.136789 0.777614 -0.613682 801.521633 

Frame 124 
Patt 0 
r0 -0.978679 0.021145 0.204306 239.675929 
r1 -0.144549 0.635767 -0.758225 153.087413 
r2 -0.145924 -0.771591 -0.619155 891.380916 

Frame 124 
Patt 1 
r0 0.983706 -0.030828 0.177122 -256.975424 
r1 0.118826 -0.627843 -0.769216 80.632029 
r2 0.134918 0.777729 -0.613950 796.489661 

Frame 125 
Patt 0 
r0 -0.978979 0.016881 0.203262 224.611409 
r1 -0.147047 0.632192 -0.760731 160.732300 
r2 -0.141343 -0.774628 -0.616420 878.569258 

Frame 125 
Patt 1 
r0 0.985182 -0.023568 0.169885 -272.447076 
r1 0.118406 -0.623139 -0.773097 87.614049 
r2 0.124082 0.781756 -0.611115 786.598068 

Frame 126 
Patt 0 
r0 -0.978979 0.016881 0.203262 224.611409 
r1 -0.147047 0.632192 -0.760731 160.732300 
r2 -0.141343 -0.774628 -0.616420 878.569258 

Frame 126 
Patt 1 
r0 0.985182 -0.023568 0.169885 -272.447076 
r1 0.118406 -0.623139 -0.773097 87.614049 
r2 0.124082 0.781756 -0.611115 786.598068 

Frame 127 
Patt 0 
r0 -0.978907 0.013290 0.203875 214.004318 
r1 -0.149266 0.634842 -0.758087 163.635281 
r2 -0.139503 -0.772528 -0.619467 876.443792 

Frame 127 
Patt 1 
r0 0.986004 -0.018218 0.165723 -284.095771 
r1 0.118483 -0.622754 -0.773395 88.376841 
r2 0.117294 0.782206 -0.611879 780.276282 

Frame 128 
Patt 0 
r0 -0.979014 0.013280 0.203360 200.708051 
r1 -0.149942 0.628872 -0.762914 169.016974 
r2 -0.138019 -0.777395 -0.613684 867.236314 

Frame 129 
Patt 0 
r0 -0.978853 -0.000640 0.204562 178.247761 
r1 -0.159053 0.631225 -0.759116 174.083233 
r2 -0.128639 -0.775599 -0.617978 857.076277 

Frame 130 
Patt 0 
r0 -0.978853 -0.000640 0.204562 178.247761 
r1 -0.159053 0.631225 -0.759116 174.083233 
r2 -0.128639 -0.775599 -0.617978 857.076277 

Frame 131 
Patt 0 
r0 -0.978400 -0.003141 0.206696 162.370680 
r1 -0.161351 0.636656 -0.754079 172.420481 
r2 -0.129226 -0.771142 -0.623411 855.399957 

Frame 132 
Patt 0 
r0 -0.977090 0.002921 0.212808 145.331435 
r1 -0.163455 0.630073 -0.759138 171.652927 
r2 -0.136302 -0.776530 -0.615161 842.361983 

Frame 133 
Patt 0 
r0 -0.977843 0.005249 0.209274 136.040909 
r1 -0.161473 0.617306 -0.769974 172.924410 
r2 -0.133228 -0.786706 -0.602781 824.546474 

Frame 134 
Patt 0 
r0 -0.977736 -0.008873 0.209651 133.726365 
r1 -0.170515 0.615901 -0.769150 175.813171 
r2 -0.122299 -0.787774 -0.603701 817.931451 

Frame 135 
Patt 0 
r0 -0.978053 -0.030359 0.206133 128.158110 
r1 -0.180266 0.619404 -0.764096 180.215518 
r2 -0.104483 -0.784485 -0.611283 818.836102 

Frame 136 
Patt 0 
r0 -0.977520 -0.035561 0.207823 117.473872 
r1 -0.184373 0.622327 -0.760733 184.501442 
r2 -0.102281 -0.781949 -0.614894 820.548292 

Frame 137 
Patt 0 
r0 -0.977851 -0.033705 0.206570 104.582026 
r1 -0.183134 0.615633 -0.766458 186.450572 
r2 -0.101338 -0.787312 -0.608170 813.266691 

Frame 138 
Patt 0 
r0 -0.977915 -0.032491 0.206460 95.024794 
r1 -0.183349 0.607538 -0.772839 188.651729 
r2 -0.100322 -0.793626 -0.600078 803.907637 

Frame 139 
Patt 0 
r0 -0.977753 -0.040454 0.205822 89.208303 
r1 -0.187952 0.604613 -0.774027 190.060523 
r2 -0.093130 -0.795492 -0.598765 799.143793 

Frame 140 
Patt 0 
r0 -0.977430 -0.052914 0.204523 82.982124 
r1 -0.194154 0.606598 -0.770936 192.065361 
r2 -0.083270 -0.793246 -0.603181 799.792955 

Frame 141 
Patt 0 
r0 -0.977530 -0.059143 0.202329 74.024491 
r1 -0.196297 0.605220 -0.771477 191.548484 
r2 -0.076826 -0.793858 -0.603231 799.421000 

Frame 142 
Patt 0 
r0 -0.977047 -0.057263 0.205185 65.499418 
r1 -0.197907 0.600379 -0.774841 190.368254 
r2 -0.078819 -0.797663 -0.597931 791.617448 

Frame 143 
Patt 0 
r0 -0.977147 -0.058573 0.204335 61.000399 
r1 -0.198780 0.592327 -0.780791 189.667693 
r2 -0.075300 -0.803566 -0.590434 786.641257 

Frame 144 
Patt 0 
r0 -0.977565 -0.068450 0.199204 57.365537 
r1 -0.200305 0.594636 -0.778644 189.498059 
r2 -0.065156 -0.801076 -0.595006 786.493571 

Frame 145 
Patt 0 
r0 -0.977681 -0.075666 0.195995 51.874735 
r1 -0.202117 0.593361 -0.779148 189.423280 
r2 -0.057341 -0.801372 -0.595412 786.149764 

Frame 146 
Patt 0 
r0 -0.977579 -0.076771 0.196074 46.086339 
r1 -0.203150 0.588841 -0.782302 188.678233 
r2 -0.055399 -0.804595 -0.591235 783.375251 

Frame 147 
Patt 0 
r0 -0.977899 -0.079938 0.193192 41.016855 
r1 -0.202774 0.587798 -0.783184 186.947572 
r2 -0.050952 -0.805049 -0.591016 782.127992 

Frame 148 
Patt 0 
r0 -0.977579 -0.083225 0.193422 35.894559 
r1 -0.204881 0.587991 -0.782490 184.679630 
r2 -0.048608 -0.804574 -0.591859 781.223197 

Frame 149 
Patt 0 
r0 -0.977634 -0.087301 0.191338 30.730379 
r1 -0.205637 0.587584 -0.782597 182.358839 
r2 -0.044106 -0.804440 -0.592395 779.956183 

Frame 150 
Patt 0 
r0 -0.977847 -0.087405 0.190199 25.705766 
r1 -0.204801 0.587292 -0.783035 181.344691 
r2 -0.043261 -0.804642 -0.592182 779.388172 

Frame 151 
Patt 0 
r0 -0.979249 -0.090873 0.181146 19.404676 
r1 -0.199375 0.592289 -0.780668 180.799859 
r2 -0.036349 -0.800585 -0.598116 782.329422 

Frame 152 
Patt 0 
r0 -0.979816 -0.086606 0.180169 12.093508 
r1 -0.196153 0.590294 -0.782992 180.027398 
r2 -0.038541 -0.802529 -0.595368 780.406180 

Frame 153 
Patt 0 
r0 -0.980122 -0.086135 0.178722 5.747216 
r1 -0.194766 0.589270 -0.784109 178.977859 
r2 -0.037776 -0.803332 -0.594332 779.221919 

Frame 154 
Patt 0 
r0 -0.980740 -0.085218 0.175746 -0.276780 
r1 -0.191884 0.588350 -0.785509 177.572978 
r2 -0.036461 -0.804103 -0.593371 778.771054 

Frame 155 
Patt 0 
r0 -0.982586 -0.087450 0.163940 -8.773779 
r1 -0.183558 0.593680 -0.783486 176.857476 
r2 -0.028813 -0.799935 -0.599394 782.989558 

Frame 156 
Patt 0 
r0 -0.985162 -0.072497 0.155565 -31.630300 
r1 -0.167899 0.595023 -0.785975 170.940318 
r2 -0.035584 -0.800432 -0.598366 781.887936 

Frame 157 
Patt 0 
r0 -0.985162 -0.072497 0.155565 -31.630300 
r1 -0.167899 0.595023 -0.785975 170.940318 
r2 -0.035584 -0.800432 -0.598366 781.887936 

Frame 158 
Patt 0 
r0 -0.984591 -0.060051 0.164238 -42.228901 
r1 -0.167526 0.593259 -0.787387 168.095335 
r2 -0.050152 -0.802769 -0.594178 779.679344 

Frame 159 
Patt 0 
r0 -0.985220 -0.063600 0.159050 -50.576381 
r1 -0.165535 0.592259 -0.788560 164.777707 
r2 -0.044047 -0.803233 -0.594034 779.486274 

Frame 160 
Patt 0 
r0 -0.984974 -0.055711 0.163472 -59.128910 
r1 -0.164393 0.592542 -0.788587 161.157191 
r2 -0.052931 -0.803611 -0.592797 779.397235 

Frame 161 
Patt 0 
r0 -0.985748 -0.053455 0.159508 -69.996582 
r1 -0.159730 0.594919 -0.787754 158.271034 
r2 -0.052785 -0.802006 -0.594979 780.989370 

Frame 162 
Patt 0 
r0 -0.986332 -0.040644 0.159678 -88.919561 
r1 -0.152692 0.589660 -0.793087 151.799275 
r2 -0.061921 -0.806628 -0.587806 779.282145 

Frame 163 
Patt 0 
r0 -0.986332 -0.040644 0.159678 -88.919561 
r1 -0.152692 0.589660 -0.793087 151.799275 
r2 -0.061921 -0.806628 -0.587806 779.282145 

Frame 164 
Patt 0 
r0 -0.986997 -0.043256 0.154808 -98.410175 
r1 -0.150169 0.591603 -0.792121 149.491280 
r2 -0.057321 -0.805068 -0.590406 782.945284 

Frame 165 
Patt 0 
r0 -0.987156 -0.039635 0.154766 -109.530194 
r1 -0.148145 0.589727 -0.793899 146.052512 
r2 -0.059803 -0.806629 -0.588024 786.228526 

Frame 166 
Patt 0 
r0 -0.987196 -0.036746 0.155224 -121.111436 
r1 -0.146819 0.589751 -0.794127 141.528735 
r2 -0.062362 -0.806749 -0.587595 788.148364 

Frame 167 
Patt 0 
r0 -0.987313 -0.034936 0.154898 -132.362325 
r1 -0.145874 0.584913 -0.797871 135.629190 
r2 -0.062727 -0.810343 -0.582588 790.796401 

Frame 168 
Patt 0 
r0 -0.987195 -0.034420 0.155761 -143.842632 
r1 -0.145818 0.590627 -0.793661 128.543428 
r2 -0.064679 -0.806210 -0.588083 792.905064 

Frame 169 
Patt 0 
r0 -0.988043 -0.030834 0.151064 -156.541340 
r1 -0.139875 0.591408 -0.794148 122.756898 
r2 -0.064854 -0.805783 -0.588650 795.337510 

Frame 170 
Patt 0 
r0 -0.987476 -0.014979 0.157057 -180.829992 
r1 -0.135364 0.591796 -0.794641 110.179828 
r2 -0.081043 -0.805948 -0.586412 792.881859 

Frame 171 
Patt 0 
r0 -0.987476 -0.014979 0.157057 -180.829992 
r1 -0.135364 0.591796 -0.794641 110.179828 
r2 -0.081043 -0.805948 -0.586412 792.881859 

Frame 172 
Patt 0 
r0 -0.986620 -0.016472 0.162202 -188.546321 
r1 -0.140675 0.588892 -0.795875 104.507285 
r2 -0.082409 -0.808044 -0.583330 795.475909 

Frame 173 
Patt 0 
r0 -0.987583 -0.027818 0.154617 -200.730589 
r1 -0.140484 0.596901 -0.789920 98.191248 
r2 -0.070317 -0.801833 -0.593397 803.487076 

Frame 174 
Patt 0 
r0 -0.987719 -0.025440 0.154153 -219.540262 
r1 -0.137504 0.610011 -0.780371 93.973838 
r2 -0.074183 -0.791984 -0.606018 803.784140 

Frame 175 
Patt 0 
r0 -0.987335 -0.001011 0.158646 -235.529533 
r1 -0.127181 0.602826 -0.787671 94.795631 
r2 -0.094839 -0.797872 -0.595320 795.346567 

Frame 176 
Patt 0 
r0 -0.986011 0.012351 0.166222 -244.079083 
r1 -0.126241 0.595839 -0.793120 94.824832 
r2 -0.108837 -0.803009 -0.585945 792.777055 

Frame 177 
Patt 0 
r0 -0.985923 0.007106 0.167048 -251.158152 
r1 -0.129937 0.596194 -0.792256 91.898399 
r2 -0.105223 -0.802809 -0.586878 795.578958 

Frame 178 
Patt 0 
r0 -0.986673 -0.000276 0.162712 -261.561798 
r1 -0.130472 0.598855 -0.790158 88.388570 
r2 -0.097223 -0.800858 -0.590910 798.322225 

Frame 179 
Patt 0 
r0 -0.986359 0.004021 0.164559 -274.538927 
r1 -0.128600 0.605213 -0.785607 86.461896 
r2 -0.102752 -0.796053 -0.596440 797.465888 

Frame 180 
Patt 0 
r0 -0.987098 0.018370 0.159060 -285.474532 
r1 -0.116122 0.601833 -0.790134 88.287135 
r2 -0.110242 -0.798410 -0.591935 792.803688 

Frame 181 
Patt 0 
r0 -0.986756 0.024486 0.160352 -294.215484 
r1 -0.113607 0.601285 -0.790917 89.587787 
r2 -0.115784 -0.798659 -0.590540 791.849402 

Frame 182 
Patt 0 
r0 -0.987296 0.023084 0.157208 -303.017662 
r1 -0.112103 0.599978 -0.792123 89.598725 
r2 -0.112607 -0.799683 -0.589768 789.712482 

