NumPatterns 2 
Frame 157 
Patt 0 
r0 -0.996223 -0.078045 0.038063 90.883099 
r1 -0.082184 0.705990 -0.703437 87.120794 
r2 0.028028 -0.703908 -0.709738 698.113492 

Frame 158 
Patt 0 
r0 -0.997475 -0.065517 0.027410 75.973849 
r1 -0.065882 0.709491 -0.701628 81.641791 
r2 0.026521 -0.701662 -0.712016 705.279289 

Frame 159 
Patt 0 
r0 -0.997475 -0.065517 0.027410 75.973849 
r1 -0.065882 0.709491 -0.701628 81.641791 
r2 0.026521 -0.701662 -0.712016 705.279289 

Frame 162 
Patt 0 
r0 -0.997030 -0.062625 0.044826 52.441240 
r1 -0.075937 0.702329 -0.707791 80.817822 
r2 0.012843 -0.709093 -0.704998 694.098580 

Frame 163 
Patt 0 
r0 -0.996754 -0.072883 0.034204 48.544643 
r1 -0.075633 0.702055 -0.708095 81.968642 
r2 0.027595 -0.708384 -0.705288 703.166362 

Frame 164 
Patt 0 
r0 -0.997621 -0.061990 0.030165 30.616631 
r1 -0.065077 0.702396 -0.708805 75.695211 
r2 0.022751 -0.709081 -0.704759 706.946329 

Frame 165 
Patt 0 
r0 -0.998144 -0.044053 0.042034 17.791037 
r1 -0.060870 0.704077 -0.707510 70.230838 
r2 0.001573 -0.708755 -0.705453 694.486589 

Frame 166 
Patt 0 
r0 -0.998300 -0.037558 0.044580 13.058229 
r1 -0.058103 0.702705 -0.709105 69.520359 
r2 -0.004694 -0.710490 -0.703692 691.458703 

Frame 167 
Patt 0 
r0 -0.998520 -0.037852 0.039041 9.206861 
r1 -0.054376 0.701320 -0.710770 69.978637 
r2 -0.000476 -0.711841 -0.702340 691.926394 

Frame 168 
Patt 0 
r0 -0.998710 -0.031707 0.039673 4.777219 
r1 -0.050541 0.697305 -0.714991 68.860105 
r2 -0.004994 -0.716073 -0.698007 690.570133 

Frame 169 
Patt 0 
r0 -0.998924 -0.019669 0.042011 6.498293 
r1 -0.043691 0.703214 -0.709634 69.544223 
r2 -0.015585 -0.710706 -0.703317 693.356941 

Frame 170 
Patt 0 
r0 -0.999264 -0.033595 0.018489 8.330907 
r1 -0.036690 0.697408 -0.715735 72.294943 
r2 0.011151 -0.715887 -0.698128 693.209968 

Frame 171 
Patt 0 
r0 -0.999153 -0.039999 0.009702 -0.636659 
r1 -0.035029 0.702613 -0.710710 73.845503 
r2 0.021611 -0.710447 -0.703419 699.840873 

Frame 172 
Patt 0 
r0 -0.999394 -0.024620 0.024620 -3.693927 
r1 -0.034810 0.691316 -0.721714 76.205904 
r2 0.000749 -0.722133 -0.691754 693.899288 

Frame 173 
Patt 0 
r0 -0.999322 -0.035757 0.008758 -3.576219 
r1 -0.030890 0.685023 -0.727866 79.593896 
r2 0.020027 -0.727643 -0.685663 695.718869 

Frame 174 
Patt 0 
r0 -0.999319 -0.035091 -0.011406 -12.474376 
r1 -0.015870 0.687806 -0.725721 77.898292 
r2 0.033312 -0.725046 -0.687895 704.505302 

Frame 175 
Patt 0 
r0 -0.999813 -0.012088 -0.015079 -22.629369 
r1 0.002586 0.689541 -0.724242 74.425870 
r2 0.019152 -0.724145 -0.689381 695.762025 

Frame 176 
Patt 0 
r0 -0.999947 -0.010296 -0.000410 -24.829020 
r1 -0.006736 0.683339 -0.730070 77.575125 
r2 0.007797 -0.730028 -0.683373 694.912578 

Frame 177 
Patt 0 
r0 -0.999291 -0.028275 -0.024850 -30.686041 
r1 -0.001365 0.686923 -0.726729 79.960543 
r2 0.037618 -0.726180 -0.686475 700.035385 

Frame 178 
Patt 0 
r0 -0.999138 -0.025832 -0.032482 -51.754768 
r1 0.006283 0.679503 -0.733646 81.220010 
r2 0.041023 -0.733218 -0.678755 701.336849 

Frame 179 
Patt 0 
r0 -0.999138 -0.025832 -0.032482 -51.754768 
r1 0.006283 0.679503 -0.733646 81.220010 
r2 0.041023 -0.733218 -0.678755 701.336849 

Frame 180 
Patt 0 
r0 -0.999375 -0.018974 -0.029823 -65.941803 
r1 0.008833 0.682887 -0.730470 79.533771 
r2 0.034226 -0.730277 -0.682293 697.895815 

Frame 181 
Patt 0 
r0 -0.999776 -0.005811 -0.020365 -74.510137 
r1 0.011165 0.672511 -0.740003 80.132583 
r2 0.017996 -0.740065 -0.672295 690.718321 

Frame 182 
Patt 0 
r0 -0.999963 -0.003451 -0.007869 -77.301160 
r1 0.003575 0.665699 -0.746211 85.964223 
r2 0.007814 -0.746212 -0.665663 689.283135 

Frame 183 
Patt 0 
r0 -0.999611 -0.015424 -0.023230 -78.468576 
r1 0.007380 0.657032 -0.753827 92.050236 
r2 0.026891 -0.753705 -0.656662 689.499542 

Frame 184 
Patt 0 
r0 -0.998589 -0.023799 -0.047483 -87.001236 
r1 0.019993 0.659797 -0.751178 95.575016 
r2 0.049206 -0.751067 -0.658390 694.636236 

Frame 185 
Patt 0 
r0 -0.998483 -0.019837 -0.051355 -101.437502 
r1 0.025573 0.658943 -0.751758 95.592309 
r2 0.048753 -0.751931 -0.657436 695.680260 

Frame 186 
Patt 0 
r0 -0.998935 -0.003010 -0.046033 -117.722314 
r1 0.032587 0.660266 -0.750325 93.768291 
r2 0.032653 -0.751026 -0.659465 690.256098 

Frame 187 
Patt 0 
r0 -0.999728 0.014785 -0.018055 -124.976916 
r1 0.023331 0.650055 -0.759529 96.967855 
r2 0.000507 -0.759743 -0.650223 684.176298 

Frame 188 
Patt 0 
r0 -0.999962 0.002543 -0.008288 -126.510040 
r1 0.007983 0.643068 -0.765767 104.772150 
r2 0.003382 -0.765805 -0.643064 686.273300 

Frame 189 
Patt 0 
r0 -0.999606 0.007397 -0.027070 -128.512775 
r1 0.025678 0.630225 -0.775988 113.802798 
r2 0.011320 -0.776378 -0.630166 684.977829 

Frame 190 
Patt 0 
r0 -0.999078 0.004287 -0.042724 -133.350836 
r1 0.035946 0.627762 -0.777575 121.736798 
r2 0.023487 -0.778393 -0.627337 685.406123 

Frame 191 
Patt 0 
r0 -0.998601 0.002647 -0.052805 -141.692694 
r1 0.042973 0.622471 -0.781462 126.118670 
r2 0.030801 -0.782638 -0.621714 684.384781 

Frame 192 
Patt 0 
r0 -0.998633 0.012841 -0.050673 -150.320844 
r1 0.047789 0.617142 -0.785399 129.725620 
r2 0.021187 -0.786747 -0.616912 681.854897 

Frame 193 
Patt 0 
r0 -0.998689 0.015040 -0.048925 -156.621498 
r1 0.047861 0.613221 -0.788460 132.444134 
r2 0.018143 -0.789768 -0.613137 679.599328 

Frame 194 
Patt 0 
r0 -0.999212 0.013970 -0.037163 -160.586177 
r1 0.038016 0.606520 -0.794159 138.383965 
r2 0.011446 -0.794945 -0.606573 680.116437 

Frame 195 
Patt 0 
r0 -0.999116 0.011052 -0.040549 -162.095737 
r1 0.039085 0.598986 -0.799805 145.070699 
r2 0.015449 -0.800683 -0.598889 680.958547 

Frame 196 
Patt 0 
r0 -0.998992 0.007425 -0.044279 -162.986020 
r1 0.040063 0.592566 -0.804525 150.241047 
r2 0.020265 -0.805488 -0.592266 681.133473 

Frame 197 
Patt 0 
r0 -0.998423 0.004384 -0.055965 -164.187407 
r1 0.047855 0.587629 -0.807714 154.803606 
r2 0.029345 -0.809119 -0.586912 680.365942 

Frame 198 
Patt 0 
r0 -0.998516 0.003199 -0.054367 -165.850809 
r1 0.046008 0.583718 -0.810652 160.686308 
r2 0.029141 -0.811950 -0.582999 681.943336 

Frame 199 
Patt 0 
r0 -0.998147 -0.002668 -0.060796 -166.801891 
r1 0.048178 0.575687 -0.816250 163.764400 
r2 0.037177 -0.817666 -0.574491 682.220821 

Frame 200 
Patt 0 
r0 -0.997377 -0.011529 -0.071462 -172.190658 
r1 0.052038 0.572041 -0.818573 163.714544 
r2 0.050317 -0.820144 -0.569940 681.736179 

Frame 201 
Patt 0 
r0 -0.997622 -0.010581 -0.068100 -182.184920 
r1 0.049780 0.572730 -0.818231 162.572384 
r2 0.047661 -0.819676 -0.570841 681.316142 

Frame 202 
Patt 0 
r0 -0.998122 -0.000942 -0.061243 -191.594344 
r1 0.049591 0.574427 -0.817052 161.810565 
r2 0.035949 -0.818555 -0.573302 680.253126 

Frame 203 
Patt 0 
r0 -0.998762 -0.001325 -0.049736 -196.132896 
r1 0.040051 0.571676 -0.819501 160.414003 
r2 0.029518 -0.820478 -0.570915 680.789906 

Frame 204 
Patt 0 
r0 -0.998541 -0.017273 -0.051169 -201.899055 
r1 0.032381 0.566803 -0.823217 159.464458 
r2 0.043222 -0.823672 -0.565417 680.468518 

Frame 205 
Patt 0 
r0 -0.999096 -0.019096 -0.037971 -209.378071 
r1 0.020390 0.568527 -0.822412 157.489384 
r2 0.037292 -0.822443 -0.567624 677.730432 

Frame 206 
Patt 0 
r0 -0.999095 -0.018884 -0.038121 -215.230028 
r1 0.020825 0.564276 -0.825323 156.137409 
r2 0.037096 -0.825370 -0.563372 676.849206 

Frame 207 
Patt 0 
r0 -0.999235 -0.017947 -0.034737 -225.970123 
r1 0.018788 0.558751 -0.829123 150.441086 
r2 0.034289 -0.829142 -0.557986 677.149812 

Frame 208 
Patt 0 
r0 -0.999841 -0.001572 -0.017741 -231.556453 
r1 0.013592 0.576327 -0.817106 144.135406 
r2 0.011509 -0.817218 -0.576214 678.483576 

Frame 209 
Patt 0 
r0 -0.999598 -0.009682 -0.026633 -228.534846 
r1 0.015878 0.587072 -0.809379 141.368666 
r2 0.023472 -0.809477 -0.586682 682.458099 

Frame 210 
Patt 0 
r0 -0.998563 -0.029531 -0.044719 -233.826056 
r1 0.019340 0.579660 -0.814629 138.990512 
r2 0.049979 -0.814323 -0.578256 679.929505 

Frame 211 
Patt 0 
r0 -0.999057 -0.017347 -0.039809 -242.746546 
r1 0.022201 0.583832 -0.811571 136.937607 
r2 0.037320 -0.811689 -0.582896 673.485774 

