Frame  50 
Patt 0 
r 0  -0.962795  0.246593  0.110529  424.244797  
r 1  0.126523  0.772769  -0.621949  124.184548  
r 2  -0.238782  -0.584825  -0.775218  1027.000231  

Frame  50 
Patt 1 
r 0  0.959144  -0.278768  0.048275  -297.899790  
r 1  -0.180578  -0.734571  -0.654062  232.690318  
r 2  0.217793  0.618622  -0.754899  813.077388  

Frame  51 
Patt 0 
r 0  -0.962006  0.249790  0.110224  421.317193  
r 1  0.128472  0.770360  -0.624532  122.761303  
r 2  -0.240914  -0.586643  -0.773182  1026.424711  

Frame  51 
Patt 1 
r 0  0.959761  -0.277459  0.043305  -300.241472  
r 1  -0.184122  -0.738190  -0.648980  233.812796  
r 2  0.212033  0.614892  -0.759572  817.243306  

Frame  52 
Patt 0 
r 0  -0.962100  0.249925  0.109090  420.283381  
r 1  0.129275  0.770244  -0.624509  122.614311  
r 2  -0.240106  -0.586738  -0.773361  1027.199499  

Frame  52 
Patt 1 
r 0  0.959370  -0.278705  0.043971  -301.024111  
r 1  -0.184581  -0.737810  -0.649282  234.288114  
r 2  0.213401  0.614785  -0.759276  818.834692  

Frame  53 
Patt 0 
r 0  -0.962605  0.250098  0.104129  420.634234  
r 1  0.133091  0.771362  -0.622324  122.112136  
r 2  -0.235963  -0.585193  -0.775803  1031.528131  

Frame  53 
Patt 1 
r 0  0.957661  -0.283490  0.050185  -302.553111  
r 1  -0.184551  -0.738280  -0.648756  234.859021  
r 2  0.220966  0.612027  -0.759340  820.670302  

Frame  54 
Patt 0 
r 0  -0.961677  0.253763  0.103839  416.162827  
r 1  0.136358  0.771197  -0.621821  119.686604  
r 2  -0.237875  -0.583832  -0.776245  1034.946928  

Frame  54 
Patt 1 
r 0  0.958168  -0.284138  0.034350  -304.467995  
r 1  -0.192240  -0.727846  -0.658243  233.614038  
r 2  0.212033  0.624104  -0.752022  813.407554  

Frame  55 
Patt 0 
r 0  -0.959786  0.260688  0.104179  410.748823  
r 1  0.142389  0.771864  -0.619639  118.688374  
r 2  -0.241944  -0.579886  -0.777943  1037.882070  

Frame  55 
Patt 1 
r 0  0.956765  -0.288946  0.033333  -309.371193  
r 1  -0.199129  -0.734234  -0.649036  237.112154  
r 2  0.212010  0.614338  -0.760027  815.668939  

Frame  56 
Patt 0 
r 0  -0.958388  0.266315  0.102806  404.877444  
r 1  0.146598  0.768159  -0.623250  119.868459  
r 2  -0.244952  -0.582244  -0.775236  1038.701140  

Frame  56 
Patt 1 
r 0  0.954876  -0.295665  0.028178  -311.886421  
r 1  -0.204972  -0.724674  -0.657901  240.446587  
r 2  0.214939  0.622438  -0.752577  810.065826  

Frame  57 
Patt 0 
r 0  -0.957635  0.270473  0.098893  399.855921  
r 1  0.151543  0.765288  -0.625594  121.880812  
r 2  -0.244888  -0.584105  -0.773855  1045.041682  

Frame  57 
Patt 1 
r 0  0.955014  -0.296483  0.006757  -315.545251  
r 1  -0.216251  -0.711803  -0.668260  243.710029  
r 2  0.202938  0.636737  -0.743897  802.991119  

Frame  58 
Patt 0 
r 0  -0.952151  0.290020  0.096418  380.531295  
r 1  0.165306  0.754044  -0.635682  120.290145  
r 2  -0.257064  -0.589327  -0.765906  1048.344388  

Frame  58 
Patt 1 
r 0  0.947986  -0.318302  0.002355  -326.735506  
r 1  -0.232978  -0.698871  -0.676240  251.127435  
r 2  0.216894  0.640518  -0.736678  794.942950  

Frame  59 
Patt 0 
r 0  -0.952151  0.290020  0.096418  380.531295  
r 1  0.165306  0.754044  -0.635682  120.290145  
r 2  -0.257064  -0.589327  -0.765906  1048.344388  

Frame  59 
Patt 1 
r 0  0.947986  -0.318302  0.002355  -326.735506  
r 1  -0.232978  -0.698871  -0.676240  251.127435  
r 2  0.216894  0.640518  -0.736678  794.942950  

Frame  60 
Patt 0 
r 0  -0.949516  0.299945  0.091936  375.160488  
r 1  0.174633  0.748800  -0.639376  117.084930  
r 2  -0.260619  -0.591043  -0.763378  1049.236057  

Frame  60 
Patt 1 
r 0  0.944184  -0.329411  0.002352  -329.873599  
r 1  -0.240519  -0.694238  -0.678369  254.708242  
r 2  0.225095  0.639939  -0.734717  795.518384  

Frame  61 
Patt 0 
r 0  -0.948992  0.303929  0.083910  370.559730  
r 1  0.182410  0.746291  -0.640138  112.315765  
r 2  -0.257177  -0.592181  -0.763664  1052.439829  

Frame  61 
Patt 1 
r 0  0.941170  -0.337932  0.001249  -333.435236  
r 1  -0.245612  -0.686581  -0.684311  254.701099  
r 2  0.232108  0.643746  -0.729189  794.171913  

Frame  62 
Patt 0 
r 0  -0.946826  0.310436  0.084552  364.563179  
r 1  0.188094  0.747275  -0.637339  106.702461  
r 2  -0.261037  -0.587545  -0.765931  1053.142092  

Frame  62 
Patt 1 
r 0  0.940025  -0.341093  -0.002830  -337.007821  
r 1  -0.250730  -0.685321  -0.683718  252.580362  
r 2  0.231272  0.643422  -0.729741  793.327818  

Frame  63 
Patt 0 
r 0  -0.944169  0.316789  0.090499  360.660115  
r 1  0.189240  0.746315  -0.638124  101.508593  
r 2  -0.269691  -0.585371  -0.764596  1048.206427  

Frame  63 
Patt 1 
r 0  0.937518  -0.347788  0.010175  -339.586834  
r 1  -0.250133  -0.694025  -0.675102  252.343717  
r 2  0.241854  0.630375  -0.737655  800.069758  

Frame  64 
Patt 0 
r 0  -0.944693  0.316413  0.086245  362.764844  
r 1  0.192255  0.747358  -0.635999  97.521781  
r 2  -0.265694  -0.584242  -0.766855  1048.169896  

Frame  64 
Patt 1 
r 0  0.937504  -0.347835  0.009880  -338.702150  
r 1  -0.250989  -0.695600  -0.673160  250.896694  
r 2  0.241021  0.628610  -0.739431  804.531126  

Frame  65 
Patt 0 
r 0  -0.944967  0.316600  0.082470  363.527586  
r 1  0.195435  0.748415  -0.633783  93.317695  
r 2  -0.262378  -0.582786  -0.769102  1049.030052  

Frame  65 
Patt 1 
r 0  0.938296  -0.345783  0.005868  -338.519241  
r 1  -0.252611  -0.696863  -0.671244  248.398377  
r 2  0.236194  0.628344  -0.741213  806.121235  

Frame  66 
Patt 0 
r 0  -0.944722  0.316668  0.084982  362.127207  
r 1  0.195063  0.751173  -0.630626  90.241220  
r 2  -0.263535  -0.579189  -0.771420  1047.917073  

Frame  66 
Patt 1 
r 0  0.937825  -0.346973  0.009728  -339.477288  
r 1  -0.252719  -0.701745  -0.666098  247.235812  
r 2  0.237945  0.622225  -0.745801  808.983081  

Frame  67 
Patt 0 
r 0  -0.944967  0.316685  0.082144  363.221454  
r 1  0.196781  0.750749  -0.630597  88.986859  
r 2  -0.261370  -0.579729  -0.771751  1049.023139  

Frame  67 
Patt 1 
r 0  0.938358  -0.345634  0.004669  -338.789339  
r 1  -0.254897  -0.701016  -0.666036  246.515281  
r 2  0.233478  0.623790  -0.745905  810.507506  

Frame  68 
Patt 0 
r 0  -0.946058  0.315142  0.075230  362.441249  
r 1  0.200545  0.751946  -0.627980  86.756639  
r 2  -0.254472  -0.579019  -0.774585  1055.278024  

Frame  68 
Patt 1 
r 0  0.938278  -0.345862  -0.003827  -340.073741  
r 1  -0.259266  -0.695945  -0.669658  244.814908  
r 2  0.228946  0.629318  -0.742660  808.051109  

Frame  69 
Patt 0 
r 0  -0.943341  0.321798  0.080951  356.578178  
r 1  0.203067  0.752797  -0.626148  84.750178  
r 2  -0.262433  -0.574233  -0.775491  1055.010204  

Frame  69 
Patt 1 
r 0  0.936732  -0.350046  -0.001313  -343.237800  
r 1  -0.262301  -0.699430  -0.664828  245.631255  
r 2  0.231802  0.623109  -0.746996  808.942249  

Frame  70 
Patt 0 
r 0  -0.943296  0.322392  0.079094  354.827780  
r 1  0.204468  0.751997  -0.626653  86.438615  
r 2  -0.261506  -0.574947  -0.775274  1057.182284  

Frame  70 
Patt 1 
r 0  0.936794  -0.349828  -0.006186  -344.350061  
r 1  -0.264039  -0.695242  -0.668522  247.202248  
r 2  0.229567  0.627900  -0.743667  808.094408  

Frame  71 
Patt 0 
r 0  -0.942880  0.323832  0.078167  349.892928  
r 1  0.205895  0.750945  -0.627446  88.266602  
r 2  -0.261887  -0.575512  -0.774727  1063.702036  

Frame  71 
Patt 1 
r 0  0.936058  -0.351601  -0.013148  -348.315112  
r 1  -0.268014  -0.688318  -0.674082  248.383050  
r 2  0.227958  0.634504  -0.738539  803.903955  

Frame  72 
Patt 0 
r 0  -0.941123  0.328643  0.079257  342.383937  
r 1  0.207192  0.745967  -0.632933  88.279129  
r 2  -0.267132  -0.579246  -0.770139  1064.801506  

Frame  72 
Patt 1 
r 0  0.933745  -0.357576  -0.016123  -351.676804  
r 1  -0.273205  -0.682876  -0.677524  250.269913  
r 2  0.231256  0.637039  -0.735324  800.830028  

Frame  73 
Patt 0 
r 0  -0.939040  0.335474  0.075235  336.854513  
r 1  0.214616  0.742930  -0.634031  87.016383  
r 2  -0.268595  -0.579234  -0.769639  1069.042521  

Frame  73 
Patt 1 
r 0  0.931207  -0.363844  -0.021691  -354.555871  
r 1  -0.279964  -0.675883  -0.681764  251.974203  
r 2  0.233396  0.640936  -0.731251  798.816813  

Frame  74 
Patt 0 
r 0  -0.936538  0.342454  0.074982  331.036866  
r 1  0.219890  0.740422  -0.635156  84.955407  
r 2  -0.273030  -0.578360  -0.768736  1070.322051  

Frame  75 
Patt 0 
r 0  -0.935350  0.345638  0.075193  327.275419  
r 1  0.221695  0.738475  -0.636793  83.598858  
r 2  -0.275629  -0.578955  -0.767359  1070.503406  

Frame  76 
Patt 0 
r 0  -0.935781  0.345684  0.069403  324.559877  
r 1  0.224707  0.736408  -0.638130  80.194883  
r 2  -0.271701  -0.581554  -0.766795  1075.735900  

Frame  77 
Patt 0 
r 0  -0.935781  0.345684  0.069403  324.559877  
r 1  0.224707  0.736408  -0.638130  80.194883  
r 2  -0.271701  -0.581554  -0.766795  1075.735900  

Frame  78 
Patt 0 
r 0  -0.934741  0.348069  0.071469  321.186115  
r 1  0.226265  0.738138  -0.635576  77.206948  
r 2  -0.273978  -0.577928  -0.768723  1077.514936  

Frame  79 
Patt 0 
r 0  -0.934233  0.348972  0.073673  318.305423  
r 1  0.226175  0.739376  -0.634167  74.888954  
r 2  -0.275779  -0.575797  -0.769678  1078.858235  

Frame  80 
Patt 0 
r 0  -0.933834  0.350065  0.073537  316.658207  
r 1  0.227185  0.739219  -0.633989  73.962814  
r 2  -0.276297  -0.575334  -0.769838  1079.213461  

Frame  81 
Patt 0 
r 0  -0.933932  0.350288  0.071202  313.001363  
r 1  0.228886  0.739039  -0.633587  73.159950  
r 2  -0.274559  -0.575430  -0.770388  1084.303400  

Frame  82 
Patt 0 
r 0  -0.931362  0.356397  0.074475  303.747000  
r 1  0.232013  0.738585  -0.632979  71.637772  
r 2  -0.280597  -0.572253  -0.770579  1086.823293  

Frame  83 
Patt 0 
r 0  -0.928022  0.365200  0.073516  295.963063  
r 1  0.238654  0.734363  -0.635417  70.650702  
r 2  -0.286042  -0.572136  -0.768661  1087.306995  

Frame  84 
Patt 0 
r 0  -0.924413  0.374574  0.071800  287.524080  
r 1  0.246810  0.731040  -0.636133  69.999171  
r 2  -0.290767  -0.570329  -0.768231  1092.272106  

Frame  85 
Patt 0 
r 0  -0.920567  0.384607  0.068066  276.332719  
r 1  0.256690  0.727085  -0.636755  69.645778  
r 2  -0.294390  -0.568704  -0.768056  1094.917255  

Frame  86 
Patt 0 
r 0  -0.916549  0.394861  0.063417  264.874886  
r 1  0.265373  0.719126  -0.642211  68.383048  
r 2  -0.299190  -0.571789  -0.763900  1095.143642  

Frame  87 
Patt 0 
r 0  -0.910804  0.408120  0.062245  254.973048  
r 1  0.274667  0.711601  -0.646670  65.952461  
r 2  -0.308212  -0.571893  -0.760226  1093.682908  

Frame  88 
Patt 0 
r 0  -0.907190  0.416863  0.056839  246.921092  
r 1  0.284150  0.706720  -0.647924  62.933236  
r 2  -0.310265  -0.571639  -0.759582  1095.767024  

Frame  89 
Patt 0 
r 0  -0.900764  0.431271  0.051284  233.623868  
r 1  0.297927  0.699500  -0.649568  52.830603  
r 2  -0.316013  -0.569829  -0.758572  1093.492755  

Frame  90 
Patt 0 
r 0  -0.898270  0.436208  0.053228  231.403510  
r 1  0.301560  0.699988  -0.647363  47.546895  
r 2  -0.319644  -0.565456  -0.760321  1090.639183  

Frame  91 
Patt 0 
r 0  -0.898270  0.436208  0.053228  231.403510  
r 1  0.301560  0.699988  -0.647363  47.546895  
r 2  -0.319644  -0.565456  -0.760321  1090.639183  

Frame  92 
Patt 0 
r 0  -0.898218  0.436794  0.049143  229.781543  
r 1  0.306015  0.701678  -0.643431  43.020540  
r 2  -0.315529  -0.562903  -0.763925  1091.469739  

Frame  93 
Patt 0 
r 0  -0.897239  0.438849  0.048726  226.894244  
r 1  0.309177  0.703208  -0.640240  39.116938  
r 2  -0.315233  -0.559384  -0.766628  1092.042701  

Frame  94 
Patt 0 
r 0  -0.895100  0.442940  0.051003  223.283605  
r 1  0.311484  0.703062  -0.639282  36.172155  
r 2  -0.319021  -0.556335  -0.767279  1090.506943  

Frame  95 
Patt 0 
r 0  -0.894416  0.444586  0.048616  219.077831  
r 1  0.315065  0.703506  -0.637035  34.852849  
r 2  -0.317418  -0.554457  -0.769300  1093.034894  

Frame  96 
Patt 0 
r 0  -0.891008  0.451138  0.050793  212.770251  
r 1  0.319107  0.701935  -0.636756  35.267515  
r 2  -0.322918  -0.551146  -0.769390  1093.509661  

Frame  97 
Patt 0 
r 0  -0.888700  0.455733  0.050202  208.484742  
r 1  0.322671  0.699468  -0.637673  37.470762  
r 2  -0.325724  -0.550501  -0.768669  1095.202929  

Frame  98 
Patt 0 
r 0  -0.885489  0.462102  0.048683  203.515845  
r 1  0.326817  0.693855  -0.641682  39.339713  
r 2  -0.330301  -0.552292  -0.765425  1095.813054  

Frame  99 
Patt 0 
r 0  -0.883622  0.465613  0.049161  199.785857  
r 1  0.327215  0.689229  -0.646447  41.137534  
r 2  -0.334877  -0.555128  -0.761374  1094.129921  

Frame  100 
Patt 0 
r 0  -0.882940  0.467174  0.046534  198.033663  
r 1  0.329570  0.687344  -0.647257  41.702929  
r 2  -0.334366  -0.556153  -0.760850  1095.135569  

Frame  101 
Patt 0 
r 0  -0.880998  0.470562  0.049136  197.654080  
r 1  0.329203  0.684286  -0.650675  40.609505  
r 2  -0.339806  -0.557068  -0.757765  1094.031308  

Frame  102 
Patt 0 
r 0  -0.881074  0.470493  0.048433  198.938887  
r 1  0.330112  0.685041  -0.649418  38.708732  
r 2  -0.338725  -0.556197  -0.758887  1092.738912  

Frame  103 
Patt 0 
r 0  -0.881827  0.469021  0.048989  201.877355  
r 1  0.329145  0.686555  -0.648310  36.708612  
r 2  -0.337705  -0.555573  -0.759799  1091.685057  

Frame  104 
Patt 0 
r 0  -0.883969  0.465130  0.047453  206.740462  
r 1  0.328863  0.690701  -0.644036  34.401311  
r 2  -0.332336  -0.553702  -0.763522  1092.047986  

Frame  105 
Patt 0 
r 0  -0.889203  0.454783  0.049894  220.706639  
r 1  0.322057  0.699663  -0.637770  28.686328  
r 2  -0.324956  -0.551038  -0.768609  1088.559998  

Frame  106 
Patt 0 
r 0  -0.889203  0.454783  0.049894  220.706639  
r 1  0.322057  0.699663  -0.637770  28.686328  
r 2  -0.324956  -0.551038  -0.768609  1088.559998  

Frame  107 
Patt 0 
r 0  -0.891817  0.448780  0.057080  229.390723  
r 1  0.315490  0.707390  -0.632507  26.045530  
r 2  -0.324235  -0.546073  -0.772448  1087.137642  

Frame  108 
Patt 0 
r 0  -0.898069  0.435809  0.059516  241.821889  
r 1  0.306079  0.716361  -0.627011  24.918424  
r 2  -0.315892  -0.544883  -0.776733  1085.147726  

Frame  109 
Patt 0 
r 0  -0.903925  0.421716  0.071235  258.470681  
r 1  0.290589  0.727791  -0.621191  25.017672  
r 2  -0.313811  -0.540810  -0.780415  1083.648632  

Frame  110 
Patt 0 
r 0  -0.914000  0.399357  0.071536  277.500940  
r 1  0.274911  0.739297  -0.614707  23.360467  
r 2  -0.298374  -0.542176  -0.785505  1076.827648  

Frame  111 
Patt 0 
r 0  -0.924277  0.376208  0.064659  293.295812  
r 1  0.263218  0.750803  -0.605814  17.216997  
r 2  -0.276458  -0.542921  -0.792974  1073.181498  

Frame  112 
Patt 0 
r 0  -0.932557  0.355249  0.064317  306.074071  
r 1  0.250570  0.765145  -0.593100  9.217711  
r 2  -0.259910  -0.536984  -0.802556  1066.026000  

Frame  113 
Patt 0 
r 0  -0.938903  0.337169  0.069124  319.307853  
r 1  0.237672  0.780405  -0.578343  3.231443  
r 2  -0.248944  -0.526579  -0.812860  1056.520371  

Frame  113 
Patt 1 
r 0  0.930684  -0.365123  0.022653  -387.522031  
r 1  -0.279197  -0.748947  -0.600939  200.687911  
r 2  0.236382  0.552960  -0.798974  876.384166  

Frame  114 
Patt 0 
r 0  -0.947092  0.314509  0.064045  333.029864  
r 1  0.224818  0.792459  -0.566980  0.955853  
r 2  -0.229073  -0.522583  -0.821238  1047.697794  

Frame  114 
Patt 1 
r 0  0.939389  -0.342266  0.020054  -379.356624  
r 1  -0.265487  -0.763178  -0.589132  188.422642  
r 2  0.216945  0.548100  -0.807788  881.578589  

Frame  115 
Patt 0 
r 0  -0.955159  0.290209  0.058727  342.001493  
r 1  0.210596  0.805283  -0.554228  1.223711  
r 2  -0.208134  -0.517009  -0.830290  1043.972950  

Frame  115 
Patt 1 
r 0  0.945689  -0.324280  0.022695  -375.668359  
r 1  -0.251752  -0.774765  -0.579965  177.846779  
r 2  0.205654  0.542753  -0.814325  883.188383  

Frame  116 
Patt 0 
r 0  -0.959318  0.275478  0.061809  348.587269  
r 1  0.198211  0.813063  -0.547394  2.212441  
r 2  -0.201050  -0.512874  -0.834589  1039.418687  

Frame  116 
Patt 1 
r 0  0.951117  -0.307991  0.022785  -372.210751  
r 1  -0.241663  -0.788162  -0.566038  170.263811  
r 2  0.192293  0.532862  -0.824064  885.685194  

Frame  117 
Patt 0 
r 0  -0.962357  0.263605  0.066198  355.705563  
r 1  0.186545  0.817762  -0.544487  4.473644  
r 2  -0.197664  -0.511641  -0.836153  1034.717057  

Frame  117 
Patt 1 
r 0  0.955130  -0.295390  0.021697  -367.666452  
r 1  -0.234358  -0.798515  -0.554481  165.776355  
r 2  0.181114  0.524517  -0.831913  889.347675  

Frame  118 
Patt 0 
r 0  -0.966148  0.250664  0.061032  362.308002  
r 1  0.179131  0.822043  -0.540516  8.222383  
r 2  -0.185659  -0.511286  -0.839117  1032.161115  

Frame  118 
Patt 1 
r 0  0.959207  -0.282192  0.017029  -362.486815  
r 1  -0.225762  -0.800865  -0.554659  163.044685  
r 2  0.170158  0.528188  -0.831904  889.380436  

Frame  119 
Patt 0 
r 0  -0.968711  0.241129  0.058778  366.957666  
r 1  0.173461  0.827160  -0.534526  14.451710  
r 2  -0.177509  -0.507605  -0.843106  1033.430262  

Frame  119 
Patt 1 
r 0  0.962158  -0.272083  0.014920  -360.978582  
r 1  -0.219297  -0.805666  -0.550282  163.416422  
r 2  0.161743  0.526187  -0.834845  891.168380  

Frame  120 
Patt 0 
r 0  -0.970630  0.233223  0.059023  369.817014  
r 1  0.166425  0.828104  -0.535301  23.340677  
r 2  -0.173722  -0.509757  -0.842597  1034.381546  

Frame  120 
Patt 1 
r 0  0.965633  -0.259911  0.000047  -357.461196  
r 1  -0.215614  -0.801159  -0.558260  166.023167  
r 2  0.145136  0.539064  -0.829666  886.947296  

Frame  121 
Patt 0 
r 0  -0.972364  0.226094  0.058215  372.086458  
r 1  0.159199  0.824489  -0.543023  34.247376  
r 2  -0.170772  -0.518748  -0.837698  1034.101366  

Frame  121 
Patt 1 
r 0  0.966692  -0.255931  0.002369  -356.038802  
r 1  -0.209134  -0.795202  -0.569137  171.549751  
r 2  0.147544  0.549685  -0.822239  885.557768  

Frame  122 
Patt 0 
r 0  -0.973040  0.222929  0.059131  371.934719  
r 1  0.155966  0.824885  -0.543360  42.979910  
r 2  -0.169907  -0.519488  -0.837415  1037.697530  

Frame  122 
Patt 1 
r 0  0.968090  -0.250600  -0.001320  -358.033603  
r 1  -0.206476  -0.794625  -0.570910  177.128340  
r 2  0.142021  0.552965  -0.821011  886.624908  

Frame  123 
Patt 0 
r 0  -0.972938  0.222801  0.061250  368.833301  
r 1  0.152967  0.819721  -0.551959  48.993054  
r 2  -0.173185  -0.527653  -0.831619  1037.421964  

Frame  123 
Patt 1 
r 0  0.966171  -0.257326  0.017241  -361.918684  
r 1  -0.202348  -0.797802  -0.567949  182.867084  
r 2  0.159903  0.545247  -0.822883  890.436640  

Frame  124 
Patt 0 
r 0  -0.972604  0.223592  0.063632  368.240946  
r 1  0.151419  0.817003  -0.556397  54.518917  
r 2  -0.176394  -0.531519  -0.828476  1035.969181  

Frame  124 
Patt 1 
r 0  0.966544  -0.255888  0.017737  -361.955001  
r 1  -0.199933  -0.794898  -0.572856  186.824226  
r 2  0.160686  0.550144  -0.819464  890.733763  

Frame  125 
Patt 0 
r 0  -0.973491  0.220468  0.060907  370.043258  
r 1  0.149555  0.815021  -0.559798  58.650070  
r 2  -0.173058  -0.535849  -0.826388  1036.793873  

Frame  125 
Patt 1 
r 0  0.968335  -0.249589  0.005703  -359.673999  
r 1  -0.199221  -0.786285  -0.584864  188.233362  
r 2  0.150460  0.565208  -0.811111  887.168511  

Frame  126 
Patt 0 
r 0  -0.974439  0.217053  0.057931  369.424795  
r 1  0.148123  0.814641  -0.560732  60.369340  
r 2  -0.168902  -0.537818  -0.825968  1039.401193  

Frame  126 
Patt 1 
r 0  0.967864  -0.251284  0.009738  -361.567198  
r 1  -0.197928  -0.785098  -0.586895  188.972314  
r 2  0.155123  0.566108  -0.809604  887.658785  

Frame  127 
Patt 0 
r 0  -0.973664  0.218932  0.063616  367.139198  
r 1  0.146687  0.815182  -0.560322  62.092404  
r 2  -0.174531  -0.536234  -0.825828  1037.430924  

Frame  127 
Patt 1 
r 0  0.968449  -0.249048  0.009061  -362.620027  
r 1  -0.196768  -0.786454  -0.585468  189.575511  
r 2  0.152936  0.565213  -0.810645  887.032439  

Frame  128 
Patt 0 
r 0  -0.974360  0.215937  0.063194  367.761298  
r 1  0.144152  0.814788  -0.561553  65.617383  
r 2  -0.172749  -0.538045  -0.825024  1038.051366  

Frame  128 
Patt 1 
r 0  0.968953  -0.247042  0.009993  -362.905635  
r 1  -0.194435  -0.786335  -0.586406  190.998154  
r 2  0.152725  0.566257  -0.809956  887.669405  

Frame  129 
Patt 0 
r 0  -0.975095  0.213221  0.061052  366.499841  
r 1  0.143010  0.814855  -0.561746  68.331982  
r 2  -0.169525  -0.539024  -0.825054  1041.039533  

Frame  129 
Patt 1 
r 0  0.968795  -0.247484  0.013725  -365.040941  
r 1  -0.192068  -0.784559  -0.589557  191.802751  
r 2  0.156674  0.568523  -0.807610  886.561791  

Frame  130 
Patt 0 
r 0  -0.974570  0.214830  0.063728  363.654176  
r 1  0.142192  0.812682  -0.565092  69.201158  
r 2  -0.173190  -0.541660  -0.822563  1041.365285  

Frame  130 
Patt 1 
r 0  0.968682  -0.247984  0.012661  -366.613094  
r 1  -0.192796  -0.783281  -0.591017  192.714008  
r 2  0.156480  0.570066  -0.806560  884.398722  

Frame  131 
Patt 0 
r 0  -0.973838  0.217276  0.066560  361.282357  
r 1  0.142598  0.812352  -0.565465  69.735226  
r 2  -0.176933  -0.541180  -0.822082  1041.330952  

Frame  131 
Patt 1 
r 0  0.968523  -0.248788  0.008279  -367.830347  
r 1  -0.195842  -0.782093  -0.591588  193.908747  
r 2  0.153655  0.571345  -0.806198  882.314751  

Frame  132 
Patt 0 
r 0  -0.973279  0.219550  0.067280  359.832824  
r 1  0.143902  0.811487  -0.566375  71.675659  
r 2  -0.178945  -0.541559  -0.821397  1040.022213  

Frame  132 
Patt 1 
r 0  0.967928  -0.250995  0.010792  -368.636536  
r 1  -0.196211  -0.782091  -0.591469  196.495386  
r 2  0.156896  0.570382  -0.806255  882.508295  

Frame  133 
Patt 0 
r 0  -0.973956  0.217263  0.064857  359.300995  
r 1  0.143021  0.810643  -0.567806  74.406851  
r 2  -0.175939  -0.543742  -0.820604  1042.572202  

Frame  133 
Patt 1 
r 0  0.968691  -0.248224  0.004801  -369.390670  
r 1  -0.195718  -0.775400  -0.600375  197.958356  
r 2  0.152749  0.580638  -0.799704  878.854043  

Frame  134 
Patt 0 
r 0  -0.972225  0.222805  0.071663  352.798183  
r 1  0.142887  0.807548  -0.572232  77.868928  
r 2  -0.185368  -0.546098  -0.816955  1042.331594  

Frame  134 
Patt 1 
r 0  0.966583  -0.255762  0.017438  -374.261605  
r 1  -0.194863  -0.777225  -0.598289  201.931409  
r 2  0.166573  0.574897  -0.801091  878.201609  

Frame  135 
Patt 0 
r 0  -0.972225  0.222805  0.071663  352.798183  
r 1  0.142887  0.807548  -0.572232  77.868928  
r 2  -0.185368  -0.546098  -0.816955  1042.331594  

Frame  135 
Patt 1 
r 0  0.966583  -0.255762  0.017438  -374.261605  
r 1  -0.194863  -0.777225  -0.598289  201.931409  
r 2  0.166573  0.574897  -0.801091  878.201609  

Frame  136 
Patt 0 
r 0  -0.972152  0.222777  0.072733  352.949598  
r 1  0.141982  0.806816  -0.573488  80.360062  
r 2  -0.186442  -0.547191  -0.815979  1041.687591  

Frame  136 
Patt 1 
r 0  0.966943  -0.254604  0.014068  -373.655367  
r 1  -0.194790  -0.773132  -0.603593  203.390271  
r 2  0.164554  0.580899  -0.797169  876.424467  

Frame  137 
Patt 0 
r 0  -0.972599  0.221500  0.070638  352.901508  
r 1  0.141914  0.806276  -0.574264  82.568411  
r 2  -0.184153  -0.548504  -0.815617  1043.378533  

Frame  137 
Patt 1 
r 0  0.967163  -0.253887  0.011680  -373.884799  
r 1  -0.194874  -0.770290  -0.607188  204.147005  
r 2  0.163154  0.584974  -0.794473  874.535673  

Frame  138 
Patt 0 
r 0  -0.972603  0.221717  0.069894  351.833925  
r 1  0.141805  0.804065  -0.577382  83.415158  
r 2  -0.184215  -0.551652  -0.813477  1043.610542  

Frame  138 
Patt 1 
r 0  0.966331  -0.256748  0.016864  -375.125229  
r 1  -0.194712  -0.772543  -0.604371  205.320550  
r 2  0.168199  0.580739  -0.796524  874.143619  

Frame  139 
Patt 0 
r 0  -0.971021  0.227289  0.073878  350.536428  
r 1  0.144228  0.803779  -0.577181  87.178945  
r 2  -0.190568  -0.549800  -0.813267  1041.284557  

Frame  139 
Patt 1 
r 0  0.966518  -0.256481  0.007744  -373.560650  
r 1  -0.198912  -0.767959  -0.608829  209.940367  
r 2  0.162100  0.586904  -0.793264  868.425952  

Frame  140 
Patt 0 
r 0  -0.971021  0.227289  0.073878  350.536428  
r 1  0.144228  0.803779  -0.577181  87.178945  
r 2  -0.190568  -0.549800  -0.813267  1041.284557  

Frame  140 
Patt 1 
r 0  0.966518  -0.256481  0.007744  -373.560650  
r 1  -0.198912  -0.767959  -0.608829  209.940367  
r 2  0.162100  0.586904  -0.793264  868.425952  

Frame  141 
Patt 0 
r 0  -0.971125  0.227650  0.071361  348.356532  
r 1  0.145020  0.800796  -0.581115  93.929573  
r 2  -0.189437  -0.553986  -0.810687  1044.758181  

Frame  141 
Patt 1 
r 0  0.965325  -0.260896  0.009022  -375.034159  
r 1  -0.199384  -0.759153  -0.619623  214.837193  
r 2  0.168506  0.596338  -0.784848  860.424949  

Frame  142 
Patt 0 
r 0  -0.969943  0.231293  0.075599  345.608805  
r 1  0.144909  0.798614  -0.584138  94.802466  
r 2  -0.195481  -0.555625  -0.808126  1043.260887  

Frame  142 
Patt 1 
r 0  0.964135  -0.265147  0.011880  -376.746654  
r 1  -0.201296  -0.759666  -0.618375  217.164338  
r 2  0.172986  0.593805  -0.785793  858.743734  

Frame  143 
Patt 0 
r 0  -0.969943  0.231293  0.075599  345.608805  
r 1  0.144909  0.798614  -0.584138  94.802466  
r 2  -0.195481  -0.555625  -0.808126  1043.260887  

Frame  143 
Patt 1 
r 0  0.964135  -0.265147  0.011880  -376.746654  
r 1  -0.201296  -0.759666  -0.618375  217.164338  
r 2  0.172986  0.593805  -0.785793  858.743734  

Frame  144 
Patt 0 
r 0  -0.969437  0.233594  0.075008  344.638406  
r 1  0.146996  0.797806  -0.584721  95.332716  
r 2  -0.196429  -0.555824  -0.807760  1043.271041  

Frame  144 
Patt 1 
r 0  0.963503  -0.267597  0.007364  -376.321684  
r 1  -0.204587  -0.753813  -0.624428  217.995764  
r 2  0.172646  0.600131  -0.781048  853.745531  

Frame  145 
Patt 0 
r 0  -0.968335  0.236847  0.078934  342.206742  
r 1  0.147225  0.797094  -0.585633  95.147449  
r 2  -0.201623  -0.555468  -0.806724  1041.735253  

Frame  145 
Patt 1 
r 0  0.962880  -0.269819  0.007789  -377.225001  
r 1  -0.205945  -0.752981  -0.624986  218.675492  
r 2  0.174498  0.600182  -0.780597  849.816583  

Frame  146 
Patt 0 
r 0  -0.967212  0.241291  0.079248  341.282274  
r 1  0.151038  0.797345  -0.584319  94.633087  
r 2  -0.204179  -0.553191  -0.807645  1041.434099  

Frame  146 
Patt 1 
r 0  0.961280  -0.275292  0.012474  -377.849394  
r 1  -0.208181  -0.755107  -0.621671  220.132870  
r 2  0.180560  0.595003  -0.783179  848.489273  

Frame  147 
Patt 0 
r 0  -0.966109  0.245067  0.081087  341.944426  
r 1  0.152972  0.796570  -0.584872  94.450648  
r 2  -0.207924  -0.552646  -0.807062  1039.069579  

Frame  147 
Patt 1 
r 0  0.959954  -0.279731  0.015469  -376.226801  
r 1  -0.210727  -0.757333  -0.618094  222.493111  
r 2  0.184615  0.590082  -0.785952  848.433214  

Frame  148 
Patt 0 
r 0  -0.966066  0.245329  0.080806  343.875599  
r 1  0.154474  0.799489  -0.580479  96.349933  
r 2  -0.207012  -0.548298  -0.810256  1039.812542  

Frame  148 
Patt 1 
r 0  0.960511  -0.278080  0.009474  -373.978811  
r 1  -0.212610  -0.755485  -0.619709  224.610045  
r 2  0.179486  0.593223  -0.784775  845.482457  

Frame  149 
Patt 0 
r 0  -0.965753  0.245599  0.083675  343.600702  
r 1  0.152678  0.798677  -0.582069  101.306922  
r 2  -0.209785  -0.549360  -0.808823  1040.088483  

Frame  149 
Patt 1 
r 0  0.960677  -0.277586  0.006719  -372.650296  
r 1  -0.212322  -0.749973  -0.626466  227.400451  
r 2  0.178937  0.600405  -0.779420  840.939322  

Frame  150 
Patt 0 
r 0  -0.965509  0.246159  0.084839  342.816193  
r 1  0.153278  0.800768  -0.579031  107.852535  
r 2  -0.210470  -0.546055  -0.810880  1047.878986  

Frame  150 
Patt 1 
r 0  0.960861  -0.276998  -0.004332  -372.416114  
r 1  -0.216240  -0.740142  -0.636734  230.410456  
r 2  0.173168  0.612750  -0.771071  830.867521  

Frame  151 
Patt 0 
r 0  -0.962446  0.256230  0.089689  335.838052  
r 1  0.156324  0.793196  -0.588560  112.205699  
r 2  -0.221948  -0.552436  -0.803463  1049.339384  

Frame  152 
Patt 0 
r 0  -0.959933  0.268169  0.081329  332.045714  
r 1  0.169435  0.786586  -0.593779  115.659544  
r 2  -0.223206  -0.556208  -0.800507  1055.645004  

Frame  153 
Patt 0 
r 0  -0.954513  0.286963  0.080973  322.355711  
r 1  0.183457  0.779300  -0.599196  117.641573  
r 2  -0.235049  -0.557085  -0.796497  1061.244345  

Frame  154 
Patt 0 
r 0  -0.948942  0.305076  0.080238  314.145736  
r 1  0.193878  0.764689  -0.614542  120.228093  
r 2  -0.248839  -0.567608  -0.784793  1055.122634  

Frame  155 
Patt 0 
r 0  -0.947953  0.309923  0.073021  314.391572  
r 1  0.200066  0.758158  -0.620621  122.710572  
r 2  -0.247706  -0.573711  -0.780703  1058.341121  

Frame  156 
Patt 0 
r 0  -0.946785  0.314685  0.067608  311.279394  
r 1  0.205827  0.753431  -0.624482  119.340561  
r 2  -0.247453  -0.577335  -0.778108  1062.714213  

Frame  157 
Patt 0 
r 0  -0.942725  0.324207  0.078481  312.058456  
r 1  0.207279  0.753697  -0.623680  112.007184  
r 2  -0.261352  -0.571692  -0.777730  1058.950494  

Frame  158 
Patt 0 
r 0  -0.942499  0.325914  0.073994  326.322222  
r 1  0.214482  0.759643  -0.613954  96.851732  
r 2  -0.256305  -0.562781  -0.785866  1053.274046  

Frame  159 
Patt 0 
r 0  -0.942499  0.325914  0.073994  326.322222  
r 1  0.214482  0.759643  -0.613954  96.851732  
r 2  -0.256305  -0.562781  -0.785866  1053.274046  

Frame  160 
Patt 0 
r 0  -0.944136  0.322484  0.067908  333.241137  
r 1  0.217472  0.764483  -0.606854  89.934023  
r 2  -0.247615  -0.558185  -0.791907  1049.356996  

Frame  160 
Patt 1 
r 0  0.935084  -0.353979  -0.017830  -364.510662  
r 1  -0.280140  -0.707339  -0.648994  262.287021  
r 2  0.217118  0.611858  -0.760585  821.915038  

Frame  161 
Patt 0 
r 0  -0.943847  0.323165  0.068680  339.141535  
r 1  0.219225  0.768128  -0.601598  84.142927  
r 2  -0.247171  -0.552760  -0.795841  1045.423925  

Frame  161 
Patt 1 
r 0  0.935409  -0.353198  -0.016169  -359.911427  
r 1  -0.281739  -0.716969  -0.637636  260.106935  
r 2  0.213619  0.601006  -0.770168  826.037383  

Frame  162 
Patt 0 
r 0  -0.945861  0.319720  0.055921  346.202835  
r 1  0.225833  0.772022  -0.594122  79.258226  
r 2  -0.233124  -0.549328  -0.802429  1044.374219  

Frame  162 
Patt 1 
r 0  0.935319  -0.353366  -0.017619  -354.743526  
r 1  -0.283791  -0.719562  -0.633793  258.039387  
r 2  0.211283  0.597799  -0.773302  826.102755  

Frame  163 
Patt 0 
r 0  -0.944648  0.323254  0.056091  346.738855  
r 1  0.230555  0.775694  -0.587488  75.033987  
r 2  -0.233418  -0.542038  -0.807286  1042.217226  

Frame  163 
Patt 1 
r 0  0.934686  -0.354778  -0.022248  -352.345012  
r 1  -0.288840  -0.721505  -0.629287  256.379765  
r 2  0.207205  0.594612  -0.776854  821.570227  

Frame  164 
Patt 0 
r 0  -0.943031  0.326868  0.062051  348.318102  
r 1  0.230555  0.776490  -0.586436  75.436038  
r 2  -0.239869  -0.538721  -0.807615  1038.141986  

Frame  164 
Patt 1 
r 0  0.934686  -0.354590  -0.025056  -348.740977  
r 1  -0.290435  -0.721131  -0.628981  257.080053  
r 2  0.204962  0.595177  -0.777017  817.329118  

Frame  165 
Patt 0 
r 0  -0.943432  0.325450  0.063399  350.735596  
r 1  0.228437  0.776582  -0.587143  79.330082  
r 2  -0.240320  -0.539446  -0.806997  1037.214766  

Frame  165 
Patt 1 
r 0  0.935469  -0.352032  -0.031157  -345.532167  
r 1  -0.289913  -0.713991  -0.637313  257.927823  
r 2  0.202109  0.605220  -0.769975  809.557324  

Frame  166 
Patt 0 
r 0  -0.943093  0.325655  0.067261  351.823410  
r 1  0.226206  0.776547  -0.588052  85.021878  
r 2  -0.243733  -0.539373  -0.806022  1038.561643  

Frame  167 
Patt 0 
r 0  -0.943089  0.324736  0.071624  353.137330  
r 1  0.221430  0.773929  -0.593298  92.389401  
r 2  -0.248097  -0.543673  -0.801790  1037.133845  

Frame  168 
Patt 0 
r 0  -0.943476  0.322978  0.074418  355.595767  
r 1  0.215987  0.769436  -0.601098  100.413559  
r 2  -0.251401  -0.551048  -0.795703  1034.626168  

Frame  169 
Patt 0 
r 0  -0.943564  0.321275  0.080432  357.842917  
r 1  0.207155  0.762005  -0.613543  111.581791  
r 2  -0.258405  -0.562256  -0.785554  1028.723444  

Frame  170 
Patt 0 
r 0  -0.943564  0.321275  0.080432  357.842917  
r 1  0.207155  0.762005  -0.613543  111.581791  
r 2  -0.258405  -0.562256  -0.785554  1028.723444  

Frame  171 
Patt 0 
r 0  -0.943404  0.322139  0.078839  357.578210  
r 1  0.207340  0.758428  -0.617898  113.527881  
r 2  -0.258843  -0.566581  -0.782296  1027.430664  

Frame  172 
Patt 0 
r 0  -0.942190  0.325540  0.079379  355.603492  
r 1  0.209315  0.756799  -0.619227  114.362137  
r 2  -0.261658  -0.566815  -0.781189  1026.880051  

Frame  173 
Patt 0 
r 0  -0.941733  0.327138  0.078225  352.779395  
r 1  0.210246  0.754035  -0.622276  112.456311  
r 2  -0.262554  -0.569572  -0.778879  1027.488437  

Frame  174 
Patt 0 
r 0  -0.939000  0.334548  0.079727  349.053645  
r 1  0.215569  0.753164  -0.621509  106.576710  
r 2  -0.267972  -0.566411  -0.779339  1025.348807  

Frame  175 
Patt 0 
r 0  -0.937220  0.339422  0.080066  348.199680  
r 1  0.219397  0.752333  -0.621176  101.055773  
r 2  -0.271077  -0.564613  -0.779570  1019.616880  

Frame  176 
Patt 0 
r 0  -0.936253  0.342156  0.079751  347.497505  
r 1  0.223754  0.755724  -0.615479  97.481214  
r 2  -0.270859  -0.558400  -0.784108  1018.806174  

Frame  177 
Patt 0 
r 0  -0.936102  0.342629  0.079486  345.661477  
r 1  0.225598  0.758261  -0.611674  94.007676  
r 2  -0.269848  -0.554658  -0.787106  1018.474589  

Frame  178 
Patt 0 
r 0  -0.934214  0.346711  0.083877  341.418653  
r 1  0.227393  0.760005  -0.608839  90.336418  
r 2  -0.274838  -0.549713  -0.788847  1016.308247  

Frame  179 
Patt 0 
r 0  -0.932952  0.349743  0.085324  338.909232  
r 1  0.230236  0.761867  -0.605434  88.742694  
r 2  -0.276751  -0.545197  -0.791309  1015.233239  

Frame  180 
Patt 0 
r 0  -0.931518  0.352953  0.087744  335.423936  
r 1  0.232490  0.763402  -0.602632  88.859028  
r 2  -0.279684  -0.540963  -0.793181  1015.125919  

Frame  181 
Patt 0 
r 0  -0.930114  0.355927  0.090574  331.234201  
r 1  0.232799  0.762096  -0.604165  90.001368  
r 2  -0.284065  -0.540856  -0.791695  1013.906912  

Frame  182 
Patt 0 
r 0  -0.928384  0.360574  0.089941  329.427555  
r 1  0.236052  0.759099  -0.606670  91.038149  
r 2  -0.287023  -0.541992  -0.789850  1013.709092  

Frame  183 
Patt 0 
r 0  -0.927287  0.363967  0.087562  327.195958  
r 1  0.239934  0.757387  -0.607286  90.823240  
r 2  -0.287350  -0.542120  -0.789643  1013.249610  

Frame  184 
Patt 0 
r 0  -0.925026  0.368660  0.091740  324.807987  
r 1  0.241737  0.757471  -0.606466  91.819538  
r 2  -0.293070  -0.538820  -0.789799  1012.122475  

Frame  185 
Patt 0 
r 0  -0.924564  0.369574  0.092717  323.039190  
r 1  0.241883  0.757304  -0.606616  94.153009  
r 2  -0.294404  -0.538429  -0.789570  1012.056474  

Frame  186 
Patt 0 
r 0  -0.924271  0.369880  0.094402  321.979455  
r 1  0.240990  0.757155  -0.607157  96.925928  
r 2  -0.296053  -0.538428  -0.788954  1012.360917  

Frame  187 
Patt 0 
r 0  -0.923959  0.369887  0.097388  320.970836  
r 1  0.238776  0.756691  -0.608608  99.561499  
r 2  -0.298809  -0.539075  -0.787471  1012.065745  

Frame  188 
Patt 0 
r 0  -0.923669  0.370253  0.098737  321.255608  
r 1  0.236755  0.754021  -0.612699  102.064335  
r 2  -0.301303  -0.542554  -0.784125  1010.653423  

Frame  189 
Patt 0 
r 0  -0.925390  0.366690  0.095877  324.625636  
r 1  0.234706  0.753033  -0.614699  106.126297  
r 2  -0.297602  -0.546333  -0.782913  1011.079207  

Frame  190 
Patt 0 
r 0  -0.925390  0.366690  0.095877  324.625636  
r 1  0.234706  0.753033  -0.614699  106.126297  
r 2  -0.297602  -0.546333  -0.782913  1011.079207  

Frame  191 
Patt 0 
r 0  -0.925603  0.366033  0.096325  325.153866  
r 1  0.233218  0.751995  -0.616533  105.818344  
r 2  -0.298108  -0.548200  -0.781415  1009.483802  

Frame  192 
Patt 0 
r 0  -0.924937  0.367818  0.095922  327.453629  
r 1  0.234866  0.751413  -0.616617  105.412150  
r 2  -0.298880  -0.547804  -0.781398  1008.034702  

Frame  193 
Patt 0 
r 0  -0.925426  0.367027  0.094225  330.226264  
r 1  0.234536  0.750104  -0.618334  104.276488  
r 2  -0.297624  -0.550123  -0.780247  1005.173394  

Frame  194 
Patt 0 
r 0  -0.926681  0.365222  0.088737  333.388877  
r 1  0.236502  0.750125  -0.617560  102.072158  
r 2  -0.292111  -0.551295  -0.781502  1004.509636  

Frame  195 
Patt 0 
r 0  -0.927878  0.363633  0.082543  333.485875  
r 1  0.240052  0.751915  -0.614002  98.483580  
r 2  -0.285337  -0.549904  -0.784977  1006.086208  

Frame  196 
Patt 0 
r 0  -0.926079  0.367550  0.085349  329.226521  
r 1  0.242942  0.753871  -0.610457  94.504109  
r 2  -0.288716  -0.544596  -0.787438  1004.309440  

Frame  197 
Patt 0 
r 0  -0.924679  0.370170  0.089124  325.999057  
r 1  0.243511  0.754902  -0.608954  91.642999  
r 2  -0.292696  -0.541385  -0.788183  1002.992913  

Frame  198 
Patt 0 
r 0  -0.924012  0.372636  0.085695  323.887191  
r 1  0.248267  0.755148  -0.606725  88.481551  
r 2  -0.290800  -0.539346  -0.790279  1004.621502  

Frame  199 
Patt 0 
r 0  -0.921988  0.376297  0.091310  319.685617  
r 1  0.249123  0.756977  -0.604089  84.625900  
r 2  -0.296437  -0.534216  -0.791668  1002.754914  

Frame  200 
Patt 0 
r 0  -0.920871  0.378225  0.094564  317.179698  
r 1  0.250445  0.759778  -0.600012  82.660506  
r 2  -0.298787  -0.528851  -0.794382  1001.390965  

Frame  201 
Patt 0 
r 0  -0.920580  0.377843  0.098827  315.027837  
r 1  0.248234  0.761429  -0.598837  82.062948  
r 2  -0.301516  -0.526745  -0.794750  1000.773205  

Frame  202 
Patt 0 
r 0  -0.920212  0.378120  0.101172  312.636798  
r 1  0.247557  0.762430  -0.597842  82.128844  
r 2  -0.303192  -0.525096  -0.795204  1001.515785  

Frame  203 
Patt 0 
r 0  -0.918971  0.380501  0.103498  310.520419  
r 1  0.248633  0.762840  -0.596872  82.914814  
r 2  -0.306063  -0.522775  -0.795633  1002.798307  

Frame  204 
Patt 0 
r 0  -0.918231  0.381855  0.105062  307.758132  
r 1  0.249109  0.763098  -0.596343  84.505069  
r 2  -0.307890  -0.521409  -0.795824  1004.504752  

Frame  205 
Patt 0 
r 0  -0.917507  0.382472  0.109064  304.740252  
r 1  0.246547  0.762140  -0.598629  86.512595  
r 2  -0.312081  -0.522358  -0.793567  1005.044508  

Frame  206 
Patt 0 
r 0  -0.916993  0.382827  0.112102  302.423646  
r 1  0.244354  0.761211  -0.600707  88.327695  
r 2  -0.315300  -0.523452  -0.791570  1005.462832  

Frame  207 
Patt 0 
r 0  -0.916580  0.383660  0.112630  300.170395  
r 1  0.244144  0.760068  -0.602237  89.230168  
r 2  -0.316660  -0.524501  -0.790332  1006.556574  

Frame  208 
Patt 0 
r 0  -0.915340  0.386250  0.113859  299.216316  
r 1  0.244915  0.758442  -0.603972  88.817981  
r 2  -0.319639  -0.524954  -0.788831  1006.192031  

Frame  209 
Patt 0 
r 0  -0.915239  0.386272  0.114593  298.661452  
r 1  0.245770  0.760599  -0.600905  87.896243  
r 2  -0.319272  -0.521808  -0.791064  1006.775377  

Frame  210 
Patt 0 
r 0  -0.914499  0.387057  0.117808  296.822365  
r 1  0.245110  0.761681  -0.599802  87.250941  
r 2  -0.321890  -0.519642  -0.791428  1006.639082  

Frame  211 
Patt 0 
r 0  -0.914104  0.387427  0.119642  295.492225  
r 1  0.244918  0.762711  -0.598571  86.548214  
r 2  -0.323155  -0.517854  -0.792085  1006.854485  

Frame  212 
Patt 0 
r 0  -0.913271  0.389107  0.120548  294.121133  
r 1  0.246046  0.762769  -0.598034  85.210684  
r 2  -0.324649  -0.516507  -0.792353  1006.711809  

Frame  213 
Patt 0 
r 0  -0.911847  0.391512  0.123505  292.411862  
r 1  0.246772  0.763149  -0.597250  84.758469  
r 2  -0.328083  -0.514123  -0.792489  1005.753813  

Frame  214 
Patt 0 
r 0  -0.911421  0.391861  0.125527  291.927973  
r 1  0.246502  0.764241  -0.595963  85.699960  
r 2  -0.329467  -0.512231  -0.793140  1006.635463  

Frame  215 
Patt 0 
r 0  -0.910301  0.392506  0.131495  290.393872  
r 1  0.243148  0.764091  -0.597532  85.488716  
r 2  -0.335009  -0.511961  -0.790990  1006.572596  

Frame  216 
Patt 0 
r 0  -0.910301  0.392506  0.131495  290.393872  
r 1  0.243148  0.764091  -0.597532  85.488716  
r 2  -0.335009  -0.511961  -0.790990  1006.572596  

