Frame  96 
Patt 1 
0.997708  -0.010708  0.066810  138.068628  
0.023597  -0.870344  -0.491879  42.222679  
0.063415  0.492328  -0.868097  442.396605  

Frame  97 
Patt 1 
0.998540  -0.013887  0.052205  134.013620  
0.013070  -0.875578  -0.482899  40.363239  
0.052416  0.482876  -0.874118  447.216231  

Frame  106 
Patt 1 
0.995735  -0.079208  0.047299  77.557564  
-0.053768  -0.914870  -0.400153  28.052013  
0.074968  0.395904  -0.915227  475.636100  

Frame  108 
Patt 1 
0.993815  -0.099520  0.049279  63.694518  
-0.071313  -0.912077  -0.403770  27.474868  
0.085130  0.397758  -0.913533  475.355655  

Frame  140 
Patt 0 
-0.964851  0.220700  0.142666  159.909107  
0.149745  0.907839  -0.391670  0.140340  
-0.215959  -0.356540  -0.908978  477.200046  

Frame  140 
Patt 1 
0.980656  -0.163965  -0.106909  -79.460450  
-0.191184  -0.919501  -0.343464  42.112399  
-0.041987  0.357259  -0.933061  439.623475  

Frame  141 
Patt 0 
-0.961277  0.226415  0.157105  155.223615  
0.148537  0.905869  -0.396659  1.461665  
-0.232126  -0.357964  -0.904422  475.982239  

Frame  141 
Patt 1 
0.981306  -0.167536  -0.094707  -82.297257  
-0.189835  -0.923528  -0.333255  43.208330  
-0.031632  0.345004  -0.938068  439.544971  

Frame  142 
Patt 0 
-0.959757  0.222922  0.170797  151.771308  
0.144750  0.913857  -0.379360  4.924489  
-0.240652  -0.339370  -0.909348  480.856471  

Frame  142 
Patt 1 
0.980394  -0.162294  -0.111753  -86.519696  
-0.190901  -0.922838  -0.334554  46.014309  
-0.048834  0.349328  -0.935727  438.845220  

Frame  143 
Patt 0 
-0.956781  0.224772  0.184519  146.340928  
0.142665  0.915696  -0.375696  9.974859  
-0.253410  -0.333135  -0.908188  486.475513  

Frame  143 
Patt 1 
0.980369  -0.162220  -0.112082  -91.938947  
-0.191645  -0.917621  -0.348200  50.184475  
-0.046364  0.362844  -0.930696  437.513924  

Frame  144 
Patt 0 
-0.951412  0.228187  0.206753  138.762006  
0.139535  0.918042  -0.371117  14.611422  
-0.274492  -0.324236  -0.905276  492.724507  

Frame  144 
Patt 1 
0.980707  -0.168562  -0.099000  -98.897392  
-0.193195  -0.913027  -0.359246  54.080602  
-0.029834  0.371441  -0.927977  435.672497  

Frame  145 
Patt 0 
-0.948258  0.241265  0.206390  133.587835  
0.141070  0.902522  -0.406881  20.458584  
-0.284438  -0.356713  -0.889860  489.791334  

Frame  145 
Patt 1 
0.980788  -0.184396  -0.063667  -100.864058  
-0.194911  -0.912809  -0.358871  60.777322  
0.008059  0.364386  -0.931213  437.066572  

Frame  146 
Patt 0 
-0.947453  0.249781  0.199856  135.489966  
0.144035  0.890938  -0.430678  26.622458  
-0.285635  -0.379260  -0.880099  486.426796  

Frame  146 
Patt 1 
0.979137  -0.190131  -0.071697  -98.624502  
-0.203189  -0.912544  -0.354933  68.600081  
0.002057  0.362097  -0.932138  440.669133  

Frame  147 
Patt 0 
-0.952438  0.246584  0.179048  138.762004  
0.146925  0.886341  -0.439105  31.133099  
-0.266974  -0.391914  -0.880414  486.512902  

Frame  147 
Patt 1 
0.977408  -0.187759  -0.097061  -95.743620  
-0.210852  -0.898070  -0.386020  73.651306  
-0.014689  0.397765  -0.917370  439.713533  

Frame  148 
Patt 0 
-0.956409  0.244660  0.159446  138.660371  
0.157015  0.891173  -0.425625  31.195068  
-0.246227  -0.382037  -0.890741  496.813273  

Frame  148 
Patt 1 
0.975254  -0.187106  -0.117772  -98.903035  
-0.219502  -0.883094  -0.414685  74.338782  
-0.026413  0.430275  -0.902311  439.374177  

Frame  149 
Patt 0 
-0.952648  0.251294  0.171212  131.346700  
0.164869  0.899974  -0.403566  28.703873  
-0.255500  -0.356229  -0.898789  505.338299  

Frame  149 
Patt 1 
0.974436  -0.196273  -0.109323  -106.183924  
-0.224243  -0.879536  -0.419681  72.772160  
-0.013781  0.433467  -0.901064  437.195267  

Frame  150 
Patt 0 
-0.944440  0.264217  0.195506  123.887979  
0.164003  0.894294  -0.416343  27.435221  
-0.284845  -0.361147  -0.887939  498.862286  

Frame  150 
Patt 1 
0.974549  -0.210883  -0.076041  -109.581151  
-0.223658  -0.891660  -0.393598  72.705087  
0.015200  0.400588  -0.916132  438.275809  

Frame  151 
Patt 0 
-0.942536  0.266370  0.201678  123.862848  
0.162147  0.892470  -0.420957  28.959327  
-0.292122  -0.364065  -0.884376  497.208030  

Frame  151 
Patt 1 
0.974493  -0.209646  -0.080078  -108.832125  
-0.224258  -0.896190  -0.382822  74.193128  
0.008492  0.391015  -0.920345  439.274060  

Frame  152 
Patt 0 
-0.943049  0.266675  0.198854  125.002667  
0.162291  0.890644  -0.424754  32.216514  
-0.290380  -0.368291  -0.883199  497.283560  

Frame  152 
Patt 1 
0.973693  -0.209909  -0.088653  -107.542790  
-0.227851  -0.893209  -0.387636  77.681120  
0.002182  0.397639  -0.917539  439.866830  

Frame  153 
Patt 0 
-0.943833  0.265520  0.196670  126.837093  
0.160363  0.888498  -0.429948  36.334349  
-0.288901  -0.374260  -0.881173  496.889347  

Frame  153 
Patt 1 
0.974202  -0.206577  -0.090868  -105.871941  
-0.225678  -0.892947  -0.389507  81.155045  
-0.000677  0.399965  -0.916530  441.580379  

Frame  154 
Patt 0 
-0.946072  0.258555  0.195183  128.475201  
0.153613  0.888500  -0.432401  41.329758  
-0.285219  -0.379100  -0.880303  496.686029  

Frame  154 
Patt 1 
0.974353  -0.198654  -0.105697  -104.401883  
-0.224607  -0.887144  -0.403146  84.490264  
-0.013682  0.416547  -0.909011  440.176723  

Frame  155 
Patt 0 
-0.946438  0.254583  0.198599  128.144707  
0.147186  0.887624  -0.436416  45.590778  
-0.287386  -0.383810  -0.877553  496.434146  

Frame  155 
Patt 1 
0.974949  -0.194370  -0.108142  -104.735728  
-0.221904  -0.883322  -0.412918  87.304425  
-0.015265  0.426571  -0.904325  439.252959  

Frame  156 
Patt 0 
-0.946544  0.251184  0.202387  127.843344  
0.138952  0.883716  -0.446920  48.969992  
-0.291112  -0.394908  -0.871379  494.668042  

Frame  156 
Patt 1 
0.976202  -0.192516  -0.099832  -105.069789  
-0.216651  -0.886042  -0.409868  89.555766  
-0.009549  0.421743  -0.906665  440.309501  

Frame  157 
Patt 0 
-0.949623  0.250705  0.188051  129.574377  
0.142542  0.879907  -0.453261  49.608341  
-0.279102  -0.403622  -0.871316  495.580023  

Frame  157 
Patt 1 
0.975878  -0.192635  -0.102735  -104.140200  
-0.218044  -0.883580  -0.414419  90.571169  
-0.010943  0.426823  -0.904269  440.964452  

Frame  158 
Patt 0 
-0.950035  0.252952  0.182889  128.633942  
0.151573  0.886045  -0.438120  48.381533  
-0.272872  -0.388509  -0.880115  496.896253  

Frame  158 
Patt 1 
0.972500  -0.193237  -0.130015  -104.975512  
-0.230860  -0.873582  -0.428437  90.549457  
-0.030789  0.446670  -0.894169  436.620286  

Frame  159 
Patt 0 
-0.944715  0.261403  0.197943  126.218984  
0.150543  0.882086  -0.446388  50.734009  
-0.291290  -0.391910  -0.872672  490.283293  

Frame  159 
Patt 1 
0.972675  -0.200632  -0.116834  -105.700557  
-0.231210  -0.882802  -0.408903  94.092715  
-0.021102  0.424743  -0.905068  437.692890  

Frame  160 
Patt 0 
-0.947202  0.256486  0.192416  131.476114  
0.140974  0.872120  -0.468544  55.080612  
-0.287985  -0.416680  -0.862231  483.451020  

Frame  160 
Patt 1 
0.972541  -0.192254  -0.131160  -100.728310  
-0.229575  -0.885017  -0.405019  98.190557  
-0.038213  0.424009  -0.904851  439.997374  

Frame  161 
Patt 0 
-0.955462  0.248762  0.158776  134.056450  
0.150892  0.874170  -0.461583  57.000911  
-0.253622  -0.417067  -0.872772  485.967336  

Frame  162 
Patt 0 
-0.954759  0.252420  0.157222  131.495888  
0.157059  0.876955  -0.454183  57.287092  
-0.252522  -0.408942  -0.876926  486.362782  

Frame  163 
Patt 0 
-0.957219  0.246759  0.151134  130.124404  
0.153279  0.875394  -0.458466  56.977753  
-0.245433  -0.415687  -0.875767  487.051230  

Frame  163 
Patt 1 
0.974211  -0.191065  -0.120029  -104.935571  
-0.225120  -0.859104  -0.459632  100.524512  
-0.015298  0.474800  -0.879961  441.446377  

Frame  164 
Patt 0 
-0.962178  0.232488  0.141994  128.287428  
0.151384  0.889648  -0.430825  54.801340  
-0.226486  -0.393035  -0.891194  495.670122  

Frame  164 
Patt 1 
0.973778  -0.175936  -0.144235  -108.678717  
-0.224083  -0.851242  -0.474525  94.886411  
-0.039293  0.494402  -0.868345  436.039707  

Frame  165 
Patt 0 
-0.952809  0.240174  0.185667  118.716785  
0.150904  0.905413  -0.396807  53.504095  
-0.263408  -0.350063  -0.898928  497.816449  

Frame  165 
Patt 1 
0.970173  -0.181475  -0.160721  -115.405900  
-0.237089  -0.848532  -0.473056  92.864541  
-0.050529  0.497051  -0.866249  425.258920  

Frame  166 
Patt 0 
-0.946159  0.255487  0.198770  110.329593  
0.152872  0.893932  -0.421326  55.325432  
-0.285330  -0.368255  -0.884859  492.549422  

Frame  167 
Patt 0 
-0.945194  0.261169  0.195957  110.519000  
0.150246  0.880741  -0.449134  58.624491  
-0.289887  -0.395077  -0.871710  487.578591  

Frame  168 
Patt 0 
-0.952582  0.253191  0.168765  112.725311  
0.153710  0.879072  -0.451227  60.184295  
-0.262603  -0.403889  -0.876306  488.239974  

Frame  169 
Patt 0 
-0.954747  0.251348  0.159007  110.552042  
0.161438  0.886962  -0.432707  59.675163  
-0.249793  -0.387456  -0.887402  492.410021  

Frame  170 
Patt 0 
-0.952447  0.259314  0.160001  105.479350  
0.166290  0.882375  -0.440183  58.291233  
-0.255327  -0.392645  -0.883537  488.718927  

Frame  171 
Patt 0 
-0.951006  0.263963  0.160971  104.506870  
0.166938  0.876636  -0.451266  57.062779  
-0.260230  -0.402285  -0.877751  483.507030  

Frame  172 
Patt 0 
-0.954538  0.261040  0.143927  105.681004  
0.171190  0.875324  -0.452220  56.103619  
-0.244030  -0.407022  -0.880217  479.580160  

Frame  173 
Patt 0 
-0.958258  0.258257  0.122655  106.397650  
0.177168  0.873098  -0.454215  54.164711  
-0.224394  -0.413525  -0.882409  478.050788  

Frame  174 
Patt 0 
-0.949282  0.271403  0.158760  109.292117  
0.168539  0.865463  -0.471771  50.143972  
-0.265441  -0.421086  -0.867311  467.211940  

Frame  175 
Patt 0 
-0.962591  0.249920  0.104685  118.037346  
0.176277  0.871018  -0.458534  52.557238  
-0.205779  -0.422927  -0.882489  457.671308  

Frame  176 
Patt 0 
-0.970181  0.230973  0.073482  119.475834  
0.177366  0.883161  -0.434245  58.169982  
-0.165195  -0.408263  -0.897793  461.548637  

Frame  177 
Patt 0 
-0.971998  0.222154  0.076598  112.465924  
0.171160  0.892656  -0.416977  61.318826  
-0.161009  -0.392191  -0.905684  469.096349  

Frame  178 
Patt 0 
-0.970882  0.214832  0.106001  91.091727  
0.154119  0.898891  -0.410174  58.081681  
-0.183402  -0.381894  -0.905826  474.910829  

Frame  179 
Patt 0 
-0.970882  0.214832  0.106001  91.091727  
0.154119  0.898891  -0.410174  58.081681  
-0.183402  -0.381894  -0.905826  474.910829  

Frame  180 
Patt 0 
-0.968209  0.217377  0.123771  86.516722  
0.146275  0.893392  -0.424798  54.974521  
-0.202917  -0.393189  -0.896787  467.130974  

Frame  181 
Patt 0 
-0.969963  0.215387  0.113050  84.692234  
0.151373  0.898246  -0.412602  52.595836  
-0.190415  -0.383096  -0.903869  466.929161  

Frame  182 
Patt 0 
-0.970309  0.220081  0.100319  80.516513  
0.162747  0.900918  -0.402319  49.847913  
-0.178922  -0.374048  -0.909987  467.913242  

Frame  183 
Patt 0 
-0.967847  0.230301  0.101163  77.332911  
0.170307  0.895930  -0.410250  46.383305  
-0.185116  -0.379830  -0.906345  463.239428  

Frame  184 
Patt 0 
-0.971234  0.227647  0.069860  75.763887  
0.181787  0.898320  -0.399969  43.070570  
-0.153809  -0.375764  -0.913862  465.694410  

Frame  185 
Patt 0 
-0.971471  0.231569  0.051192  70.169281  
0.195245  0.903453  -0.381645  38.620813  
-0.134627  -0.360762  -0.922890  470.057410  

Frame  186 
Patt 0 
-0.969224  0.241899  0.045714  63.317257  
0.207085  0.901533  -0.379940  33.224397  
-0.133119  -0.358780  -0.923881  468.234924  

Frame  187 
Patt 0 
-0.964051  0.257094  0.067142  58.553989  
0.216310  0.906082  -0.363627  28.299452  
-0.154322  -0.336032  -0.929122  462.864784  

Frame  188 
Patt 0 
-0.957235  0.281221  0.067937  53.003428  
0.243620  0.910177  -0.335003  26.978425  
-0.156045  -0.304126  -0.939765  459.971923  

Frame  189 
Patt 0 
-0.957235  0.281221  0.067937  53.003428  
0.243620  0.910177  -0.335003  26.978425  
-0.156045  -0.304126  -0.939765  459.971923  

Frame  190 
Patt 0 
-0.956231  0.285009  0.066271  48.884155  
0.248872  0.911275  -0.328087  27.538878  
-0.153898  -0.297234  -0.942320  461.192369  

Frame  191 
Patt 0 
-0.955901  0.286453  0.064791  44.912865  
0.250016  0.909455  -0.332240  27.884412  
-0.154096  -0.301390  -0.940967  460.108761  

Frame  192 
Patt 0 
-0.957110  0.282574  0.063965  36.220852  
0.249277  0.915689  -0.315237  27.853747  
-0.147650  -0.285772  -0.946855  464.696131  

Frame  193 
Patt 0 
-0.957110  0.282574  0.063965  36.220852  
0.249277  0.915689  -0.315237  27.853747  
-0.147650  -0.285772  -0.946855  464.696131  

Frame  194 
Patt 0 
-0.954445  0.291122  0.065449  28.873906  
0.256461  0.912473  -0.318779  26.873800  
-0.152524  -0.287472  -0.945567  463.969368  

Frame  195 
Patt 0 
-0.949610  0.306321  0.066395  24.996237  
0.268503  0.904304  -0.331874  25.709494  
-0.161701  -0.297323  -0.940984  458.611988  

Frame  196 
Patt 0 
-0.947175  0.315442  0.057927  24.799229  
0.280239  0.901857  -0.328816  25.709171  
-0.155964  -0.295213  -0.942616  456.932006  

Frame  197 
Patt 0 
-0.945467  0.324426  -0.028993  14.776013  
0.316344  0.893408  -0.318980  25.862515  
-0.077583  -0.310757  -0.947318  465.059553  

Frame  198 
Patt 0 
-0.945467  0.324426  -0.028993  14.776013  
0.316344  0.893408  -0.318980  25.862515  
-0.077583  -0.310757  -0.947318  465.059553  

Frame  199 
Patt 0 
-0.939287  0.342636  -0.018485  5.982210  
0.331567  0.892434  -0.305981  25.184766  
-0.088343  -0.293533  -0.951858  463.155129  

Frame  200 
Patt 0 
-0.934247  0.356459  -0.010902  -0.226354  
0.342817  0.889230  -0.302898  26.386404  
-0.098277  -0.286719  -0.952961  461.083571  

Frame  201 
Patt 0 
-0.934459  0.354101  -0.037395  -7.374997  
0.348613  0.888447  -0.298547  27.938871  
-0.072493  -0.292016  -0.953662  461.871461  

Frame  202 
Patt 0 
-0.930288  0.366634  -0.011972  -13.667155  
0.352210  0.883618  -0.308493  29.465079  
-0.102526  -0.291204  -0.951151  458.360508  

Frame  203 
Patt 0 
-0.927642  0.372875  -0.021082  -21.801739  
0.360086  0.877993  -0.315383  34.639774  
-0.099089  -0.300154  -0.948730  454.750553  

Frame  204 
Patt 0 
-0.927642  0.372875  -0.021082  -21.801739  
0.360086  0.877993  -0.315383  34.639774  
-0.099089  -0.300154  -0.948730  454.750553  

Frame  205 
Patt 0 
-0.921230  0.388973  -0.005992  -23.528807  
0.368523  0.867657  -0.333710  36.798274  
-0.124605  -0.309632  -0.942657  451.214146  

Frame  206 
Patt 0 
-0.913854  0.405371  -0.023355  -21.297506  
0.389631  0.859277  -0.331406  41.233511  
-0.114273  -0.311957  -0.943199  451.092016  

Frame  207 
Patt 0 
-0.902518  0.427895  -0.048646  -8.942467  
0.419594  0.848283  -0.323043  46.392609  
-0.096962  -0.311964  -0.945133  451.427110  

Frame  208 
Patt 0 
-0.902518  0.427895  -0.048646  -8.942467  
0.419594  0.848283  -0.323043  46.392609  
-0.096962  -0.311964  -0.945133  451.427110  

Frame  209 
Patt 0 
-0.895970  0.443202  -0.028455  2.034756  
0.426992  0.842035  -0.329629  48.512692  
-0.122132  -0.307488  -0.943682  451.478692  

Frame  210 
Patt 0 
-0.894684  0.432028  -0.113542  14.508068  
0.444042  0.832470  -0.331393  49.041313  
-0.048651  -0.346910  -0.936636  445.258294  

Frame  211 
Patt 0 
-0.892278  0.395245  -0.218225  18.106948  
0.450502  0.811331  -0.372546  46.224318  
0.029806  -0.430725  -0.901991  432.023117  

Frame  212 
Patt 0 
-0.878132  0.384000  -0.285357  11.648152  
0.467791  0.814189  -0.343900  45.620328  
0.100277  -0.435477  -0.894597  427.557314  

Frame  213 
Patt 0 
-0.871547  0.393143  -0.292992  0.977938  
0.480542  0.803593  -0.351166  48.784673  
0.097388  -0.446853  -0.889291  424.127017  

Frame  214 
Patt 0 
-0.867414  0.410233  -0.281607  -7.073184  
0.490149  0.801933  -0.341551  52.557127  
0.085715  -0.434296  -0.896683  418.553050  

Frame  215 
Patt 0 
-0.866660  0.420859  -0.267915  -18.517259  
0.496500  0.780178  -0.380538  60.392158  
0.048868  -0.462817  -0.885106  413.329264  

Frame  216 
Patt 0 
-0.866660  0.420859  -0.267915  -18.517259  
0.496500  0.780178  -0.380538  60.392158  
0.048868  -0.462817  -0.885106  413.329264  

Frame  217 
Patt 0 
-0.866155  0.442510  -0.232294  -24.123184  
0.499745  0.771987  -0.392798  61.135529  
0.005511  -0.456312  -0.889803  411.514276  

Frame  218 
Patt 0 
-0.868023  0.444789  -0.220677  -27.996750  
0.496337  0.765121  -0.410170  59.447246  
-0.013594  -0.465567  -0.884908  410.657981  

Frame  219 
Patt 0 
-0.866952  0.453350  -0.207048  -32.238786  
0.498187  0.776362  -0.386098  57.254387  
-0.014293  -0.437877  -0.898921  406.778200  

Frame  220 
Patt 0 
-0.866234  0.459511  -0.196182  -32.224196  
0.499481  0.786582  -0.363053  56.346150  
-0.012514  -0.412478  -0.910881  405.818025  

Frame  221 
Patt 0 
-0.869358  0.445059  -0.214802  -32.733641  
0.494175  0.780427  -0.383045  54.202265  
-0.002841  -0.439153  -0.898408  402.614985  

Frame  222 
Patt 0 
-0.867972  0.440054  -0.230169  -39.016591  
0.496476  0.779821  -0.381301  52.939773  
0.011698  -0.445232  -0.895339  397.343863  

Frame  223 
Patt 0 
-0.862175  0.447168  -0.238109  -45.649168  
0.506014  0.782923  -0.361914  53.631151  
0.024585  -0.432520  -0.901289  390.430880  

Frame  224 
Patt 0 
-0.856111  0.456221  -0.242767  -53.208615  
0.516524  0.770507  -0.373526  57.802836  
0.016643  -0.445175  -0.895289  382.906497  

Frame  225 
Patt 0 
-0.852382  0.472876  -0.223234  -62.023682  
0.522589  0.755126  -0.395835  62.028198  
-0.018611  -0.454062  -0.890775  377.019214  

Frame  388 
Patt 0 
-0.888302  0.442583  -0.122639  -130.852257  
0.449642  0.783753  -0.428431  -18.364941  
-0.093497  -0.435719  -0.895213  408.902859  

Frame  389 
Patt 0 
-0.888302  0.442583  -0.122639  -130.852257  
0.449642  0.783753  -0.428431  -18.364941  
-0.093497  -0.435719  -0.895213  408.902859  

Frame  390 
Patt 0 
-0.903258  0.410962  -0.123430  -115.979394  
0.422412  0.801024  -0.424180  -24.978631  
-0.075452  -0.435282  -0.897127  417.962002  

Frame  391 
Patt 0 
-0.903258  0.410962  -0.123430  -115.979394  
0.422412  0.801024  -0.424180  -24.978631  
-0.075452  -0.435282  -0.897127  417.962002  

Frame  392 
Patt 0 
-0.909764  0.397315  -0.120289  -109.419667  
0.409052  0.808611  -0.422877  -27.698904  
-0.070748  -0.433923  -0.898168  420.956644  

Frame  393 
Patt 0 
-0.915158  0.388395  -0.107867  -102.025544  
0.396526  0.819291  -0.414161  -30.588836  
-0.072483  -0.421794  -0.903790  426.317268  

Frame  394 
Patt 0 
-0.923278  0.367851  -0.110648  -92.695454  
0.379371  0.827978  -0.412954  -32.560537  
-0.060291  -0.423248  -0.904006  428.274487  

Frame  395 
Patt 0 
-0.929541  0.351015  -0.112881  -85.188536  
0.365002  0.832631  -0.416531  -32.826351  
-0.052221  -0.428385  -0.902086  428.691281  

Frame  396 
Patt 0 
-0.933231  0.343978  -0.103726  -78.077067  
0.355009  0.838508  -0.413368  -31.842509  
-0.055214  -0.422592  -0.904637  433.123722  

Frame  397 
Patt 0 
-0.937747  0.331270  -0.104360  -69.419102  
0.343700  0.841832  -0.416161  -30.807475  
-0.050008  -0.426122  -0.903283  435.401306  

Frame  398 
Patt 0 
-0.940203  0.323170  -0.107606  -61.670999  
0.337826  0.844410  -0.415748  -30.698391  
-0.043494  -0.427239  -0.903092  436.334806  

Frame  399 
Patt 0 
-0.941891  0.317147  -0.110724  -53.857457  
0.333932  0.848187  -0.411179  -30.762660  
-0.036490  -0.424260  -0.904805  437.900936  

Frame  400 
Patt 0 
-0.944771  0.304719  -0.120640  -46.131574  
0.326736  0.847111  -0.419102  -29.820088  
-0.025512  -0.435373  -0.899888  435.817696  

Frame  401 
Patt 0 
-0.947508  0.294150  -0.125318  -40.889230  
0.319219  0.848095  -0.422889  -28.172336  
-0.018111  -0.440694  -0.897474  434.155082  

Frame  402 
Patt 0 
-0.949691  0.289975  -0.118326  -35.258013  
0.312432  0.850952  -0.422216  -26.014747  
-0.021742  -0.437943  -0.898740  436.247105  

Frame  403 
Patt 0 
-0.952354  0.281188  -0.118136  -29.449182  
0.304407  0.852244  -0.425461  -23.978099  
-0.018954  -0.441151  -0.897233  435.997971  

Frame  404 
Patt 0 
-0.954321  0.274293  -0.118468  -23.849756  
0.298334  0.853066  -0.428107  -21.802634  
-0.016366  -0.443895  -0.895929  436.147119  

Frame  405 
Patt 0 
-0.956581  0.269470  -0.111079  -18.236164  
0.290771  0.855978  -0.427497  -19.784211  
-0.020117  -0.441234  -0.897167  437.287692  

Frame  406 
Patt 0 
-0.958521  0.263666  -0.108248  -11.668676  
0.284322  0.857925  -0.427931  -18.313724  
-0.019962  -0.440958  -0.897305  438.181586  

Frame  407 
Patt 0 
-0.960581  0.253850  -0.113334  -5.691498  
0.277714  0.857706  -0.432683  -17.002981  
-0.012629  -0.447102  -0.894394  436.443674  

Frame  408 
Patt 0 
-0.963029  0.244136  -0.113895  -0.448905  
0.269229  0.857248  -0.438910  -15.078546  
-0.009517  -0.453347  -0.891283  435.255802  

Frame  409 
Patt 0 
-0.965793  0.235802  -0.107897  4.158320  
0.259023  0.857491  -0.444540  -12.892092  
-0.012303  -0.457282  -0.889237  434.620963  

Frame  410 
Patt 0 
-0.968373  0.230029  -0.096642  8.908378  
0.248756  0.860085  -0.445393  -10.887379  
-0.019333  -0.455347  -0.890104  435.258202  

Frame  411 
Patt 0 
-0.970687  0.224422  -0.086030  14.617839  
0.238944  0.862466  -0.446159  -9.045101  
-0.025930  -0.453637  -0.890809  435.698069  

Frame  412 
Patt 0 
-0.973018  0.214079  -0.086062  20.091336  
0.229573  0.860964  -0.453913  -7.358385  
-0.023077  -0.461423  -0.886880  433.705314  

Frame  413 
Patt 0 
-0.974572  0.209951  -0.078293  25.270323  
0.222335  0.862602  -0.454407  -5.851870  
-0.027868  -0.460260  -0.887347  433.577265  

Frame  414 
Patt 0 
-0.976142  0.205710  -0.069505  31.753828  
0.214529  0.864245  -0.455036  -4.753493  
-0.033536  -0.459091  -0.887756  433.497401  

Frame  415 
Patt 0 
-0.978260  0.192314  -0.077600  37.761522  
0.206183  0.861803  -0.463447  -3.407156  
-0.022251  -0.469372  -0.882720  430.437063  

Frame  416 
Patt 0 
-0.980084  0.179965  -0.083948  41.470049  
0.198152  0.858515  -0.472956  -1.300544  
-0.013045  -0.480172  -0.877078  427.972269  

Frame  417 
Patt 0 
-0.981738  0.177597  -0.068190  45.397604  
0.188372  0.857426  -0.478891  0.549404  
-0.026581  -0.482991  -0.875222  428.436305  

Frame  418 
Patt 0 
-0.983100  0.174966  -0.053863  50.175622  
0.179014  0.857186  -0.482893  1.093973  
-0.038320  -0.484375  -0.874021  428.979623  

Frame  419 
Patt 0 
-0.984743  0.167423  -0.047453  55.735406  
0.169185  0.857288  -0.486244  0.983623  
-0.040727  -0.486854  -0.872534  428.057854  

Frame  420 
Patt 0 
-0.987566  0.150130  -0.046627  66.118471  
0.153274  0.853634  -0.497811  0.968754  
-0.034934  -0.498768  -0.866031  425.321546  

Frame  421 
Patt 0 
-0.987566  0.150130  -0.046627  66.118471  
0.153274  0.853634  -0.497811  0.968754  
-0.034934  -0.498768  -0.866031  425.321546  

Frame  422 
Patt 0 
-0.988787  0.141950  -0.046365  70.527777  
0.145782  0.850319  -0.505673  0.399857  
-0.032355  -0.506762  -0.861478  424.009040  

Frame  423 
Patt 0 
-0.991141  0.129623  -0.028945  78.598722  
0.126285  0.852268  -0.507634  -0.434733  
-0.041132  -0.506792  -0.861087  423.981316  

Frame  424 
Patt 0 
-0.991141  0.129623  -0.028945  78.598722  
0.126285  0.852268  -0.507634  -0.434733  
-0.041132  -0.506792  -0.861087  423.981316  

Frame  425 
Patt 0 
-0.992347  0.121479  -0.022129  83.483326  
0.115489  0.849702  -0.514460  -0.579100  
-0.043693  -0.513078  -0.857229  423.480010  

Frame  426 
Patt 0 
-0.993348  0.113464  -0.019644  87.946330  
0.107126  0.847991  -0.519071  -0.944095  
-0.042238  -0.517722  -0.854505  423.115981  

Frame  427 
Patt 0 
-0.994260  0.105602  -0.017203  92.131934  
0.099015  0.847219  -0.521935  -1.031124  
-0.040543  -0.520642  -0.852812  423.139111  

Frame  428 
Patt 0 
-0.994835  0.101233  -0.007446  100.456725  
0.089523  0.840444  -0.534453  -1.806880  
-0.047846  -0.532359  -0.845165  424.944584  

Frame  428 
Patt 1 
0.984731  -0.023793  -0.172449  -143.293821  
-0.113263  -0.839840  -0.530887  23.785669  
-0.132198  0.542313  -0.829711  435.831455  

Frame  429 
Patt 0 
-0.994835  0.101233  -0.007446  100.456725  
0.089523  0.840444  -0.534453  -1.806880  
-0.047846  -0.532359  -0.845165  424.944584  

Frame  429 
Patt 1 
0.984731  -0.023793  -0.172449  -143.293821  
-0.113263  -0.839840  -0.530887  23.785669  
-0.132198  0.542313  -0.829711  435.831455  

Frame  430 
Patt 0 
-0.995748  0.091424  -0.011331  105.271980  
0.083081  0.838038  -0.539250  -3.294031  
-0.039805  -0.537898  -0.842069  424.622813  

Frame  430 
Patt 1 
0.985100  -0.016947  -0.171146  -138.756734  
-0.107113  -0.839021  -0.533452  20.951706  
-0.134554  0.543835  -0.828335  438.939286  

Frame  431 
Patt 0 
-0.996334  0.084838  -0.011045  108.848135  
0.077380  0.838530  -0.539332  -4.822640  
-0.036495  -0.538209  -0.842021  425.821093  

Frame  431 
Patt 1 
0.986606  -0.011401  -0.162720  -135.651941  
-0.097618  -0.840468  -0.532995  17.495571  
-0.130684  0.541741  -0.830324  441.368217  

Frame  432 
Patt 0 
-0.996699  0.081038  -0.004887  112.549542  
0.070775  0.837833  -0.541319  -6.044780  
-0.039773  -0.539878  -0.840803  427.023590  

Frame  432 
Patt 1 
0.987122  -0.006390  -0.159842  -132.215626  
-0.090696  -0.845444  -0.526306  14.684674  
-0.131775  0.534025  -0.835136  443.610407  

Frame  433 
Patt 0 
-0.996985  0.077131  -0.008432  115.646741  
0.069210  0.834905  -0.546025  -7.185024  
-0.035076  -0.544963  -0.837726  428.656416  

Frame  433 
Patt 1 
0.987052  -0.004323  -0.160341  -128.608852  
-0.089500  -0.844394  -0.528193  13.137377  
-0.133107  0.535705  -0.833848  444.371011  

Frame  434 
Patt 0 
-0.996721  0.080690  -0.006060  118.078325  
0.070664  0.831488  -0.551031  -8.692494  
-0.039424  -0.549652  -0.834463  430.938396  

Frame  434 
Patt 1 
0.987553  -0.007957  -0.157084  -126.452183  
-0.091044  -0.843312  -0.529656  12.061446  
-0.128257  0.537365  -0.833540  447.398779  

Frame  435 
Patt 0 
-0.996614  0.082177  -0.002715  121.468802  
0.069812  0.828281  -0.555947  -10.781244  
-0.043437  -0.554255  -0.831213  432.522725  

Frame  435 
Patt 1 
0.988160  -0.011131  -0.153022  -123.643491  
-0.091334  -0.844068  -0.528401  10.096128  
-0.123280  0.536121  -0.835091  452.385110  

Frame  436 
Patt 0 
-0.996883  0.078549  -0.007340  124.843202  
0.069290  0.827281  -0.557499  -12.865846  
-0.037719  -0.556270  -0.830145  434.152131  

Frame  436 
Patt 1 
0.988249  -0.009624  -0.152552  -120.009245  
-0.090030  -0.843185  -0.530032  7.669368  
-0.123528  0.537538  -0.834142  455.100139  

Frame  437 
Patt 0 
-0.997039  0.076396  -0.008795  127.792918  
0.068355  0.828030  -0.556501  -14.517579  
-0.035232  -0.555455  -0.830800  436.669780  

Frame  437 
Patt 1 
0.988732  -0.006719  -0.149543  -117.124362  
-0.086262  -0.842022  -0.532502  5.260895  
-0.122341  0.539402  -0.833114  458.246180  

Frame  438 
Patt 0 
-0.997510  0.070185  -0.006909  129.957081  
0.062063  0.827079  -0.558649  -15.859370  
-0.033495  -0.557687  -0.829375  439.706129  

Frame  438 
Patt 1 
0.989817  -0.003961  -0.142292  -114.908564  
-0.080668  -0.839215  -0.537784  2.444050  
-0.117284  0.543786  -0.830988  460.988520  

Frame  439 
Patt 0 
-0.997701  0.067768  0.000644  131.814034  
0.055793  0.826723  -0.559836  -16.717388  
-0.038471  -0.558513  -0.828603  443.171345  

Frame  439 
Patt 1 
0.990870  0.000535  -0.134818  -113.369333  
-0.072409  -0.841408  -0.535528  -0.324671  
-0.113724  0.540401  -0.833687  465.010055  

Frame  440 
Patt 0 
-0.997955  0.063615  0.006210  134.201296  
0.049201  0.826564  -0.560688  -16.908994  
-0.040801  -0.559236  -0.828004  446.756125  

Frame  440 
Patt 1 
0.991449  0.005440  -0.130383  -111.065308  
-0.065558  -0.843140  -0.533683  -2.116370  
-0.112835  0.537667  -0.835573  469.008280  

Frame  441 
Patt 0 
-0.998244  0.059032  0.004856  136.117557  
0.045996  0.824229  -0.564386  -17.037043  
-0.037319  -0.563172  -0.825497  451.983334  

Frame  441 
Patt 1 
0.991900  0.007189  -0.126817  -109.160193  
-0.063014  -0.839028  -0.540426  -3.042858  
-0.110288  0.544040  -0.831779  472.113595  

Frame  442 
Patt 0 
-0.998306  0.057836  0.006338  136.882099  
0.043897  0.820208  -0.570378  -17.732219  
-0.038187  -0.569134  -0.821358  457.329323  

Frame  442 
Patt 1 
0.993197  0.006464  -0.116268  -108.773116  
-0.058529  -0.835463  -0.546421  -4.141565  
-0.100669  0.549509  -0.829401  476.859837  

Frame  443 
Patt 0 
-0.998049  0.061906  0.008113  137.863518  
0.046050  0.817634  -0.573894  -19.358543  
-0.042161  -0.572401  -0.818889  462.432633  

Frame  443 
Patt 1 
0.993246  0.003385  -0.115980  -107.998503  
-0.061241  -0.833710  -0.548796  -6.032093  
-0.098552  0.552192  -0.827872  481.405627  

Frame  444 
Patt 0 
-0.998089  0.060964  0.010099  139.783974  
0.043905  0.814613  -0.578340  -21.236940  
-0.043485  -0.576792  -0.815733  465.999887  

Frame  444 
Patt 1 
0.993459  0.003302  -0.114144  -106.192698  
-0.059930  -0.835785  -0.545777  -7.938447  
-0.097202  0.549047  -0.830120  487.919183  

Frame  445 
Patt 0 
-0.998298  0.057824  0.007587  141.784266  
0.042772  0.814363  -0.578778  -22.457446  
-0.039646  -0.577468  -0.815450  471.098343  

Frame  445 
Patt 1 
0.993911  0.004349  -0.110097  -104.146035  
-0.057430  -0.832307  -0.551332  -9.368611  
-0.094032  0.554298  -0.826989  492.796209  

Frame  446 
Patt 0 
-0.998290  0.058156  0.005955  142.993988  
0.044121  0.816341  -0.575882  -22.941973  
-0.038352  -0.574634  -0.817511  478.003641  

Frame  446 
Patt 1 
0.994221  0.005445  -0.107215  -103.257066  
-0.055445  -0.829155  -0.556262  -10.482492  
-0.091927  0.558992  -0.824062  497.406782  

Frame  447 
Patt 0 
-0.998343  0.055747  0.014261  143.963549  
0.037042  0.812272  -0.582102  -22.645802  
-0.044034  -0.580609  -0.812991  483.150322  

Frame  447 
Patt 1 
0.994687  0.008271  -0.102613  -102.352143  
-0.050725  -0.827985  -0.558452  -11.230242  
-0.089581  0.560690  -0.823166  504.376170  

Frame  448 
Patt 0 
-0.998557  0.050359  0.018665  144.813256  
0.029704  0.807400  -0.589257  -22.282449  
-0.044745  -0.587852  -0.807730  489.095921  

Frame  448 
Patt 1 
0.994974  0.010860  -0.099541  -101.363149  
-0.047730  -0.822455  -0.566823  -11.809296  
-0.088024  0.568726  -0.817804  509.181049  

Frame  449 
Patt 0 
-0.998469  0.051236  0.020842  145.578998  
0.028898  0.804486  -0.593268  -21.923923  
-0.047164  -0.591758  -0.804735  496.140879  

Frame  449 
Patt 1 
0.995429  0.010290  -0.094945  -100.961559  
-0.045762  -0.821216  -0.568780  -12.217267  
-0.083823  0.570525  -0.816991  515.381831  

Frame  450 
Patt 0 
-0.998433  0.052700  0.018800  146.554973  
0.031090  0.801866  -0.596694  -21.896310  
-0.046521  -0.595175  -0.802248  502.435520  

Frame  450 
Patt 1 
0.995872  0.010722  -0.090132  -100.230280  
-0.043190  -0.817402  -0.574447  -12.393750  
-0.079833  0.575968  -0.813564  521.985799  

Frame  451 
Patt 0 
-0.998552  0.050814  0.017684  147.238887  
0.029686  0.794461  -0.606589  -22.538380  
-0.044872  -0.605186  -0.794819  508.319761  

Frame  451 
Patt 1 
0.995872  0.007988  -0.090415  -99.675635  
-0.046045  -0.813972  -0.579077  -12.434106  
-0.078221  0.580849  -0.810244  528.480810  

Frame  452 
Patt 0 
-0.998508  0.053226  0.012196  147.772116  
0.034726  0.791323  -0.610412  -23.810526  
-0.042140  -0.609077  -0.791990  514.665833  

Frame  452 
Patt 1 
0.995148  0.008064  -0.098063  -99.249600  
-0.051204  -0.808613  -0.586108  -12.774809  
-0.084021  0.588286  -0.804276  533.048184  

Frame  453 
Patt 0 
-0.998320  0.057432  0.007682  147.806363  
0.040755  0.790225  -0.611461  -25.814989  
-0.041188  -0.610120  -0.791238  521.955022  

Frame  453 
Patt 1 
0.995446  0.003728  -0.095251  -99.747190  
-0.053562  -0.804699  -0.591261  -13.934568  
-0.078852  0.593671  -0.800835  539.061483  

Frame  454 
Patt 0 
-0.998228  0.058759  0.009447  148.082672  
0.040531  0.787451  -0.615043  -27.663940  
-0.043578  -0.613570  -0.788437  525.870572  

Frame  454 
Patt 1 
0.995551  0.002983  -0.094179  -99.144717  
-0.053652  -0.803700  -0.592610  -15.703936  
-0.077459  0.595027  -0.799965  544.454287  

Frame  455 
Patt 0 
-0.998376  0.056260  0.008912  148.607085  
0.038708  0.784878  -0.618441  -29.255367  
-0.041789  -0.617091  -0.785781  530.979584  

Frame  455 
Patt 1 
0.995735  0.002461  -0.092223  -98.731666  
-0.053276  -0.800777  -0.596588  -17.073658  
-0.075318  0.598957  -0.797231  549.563903  

Frame  456 
Patt 0 
-0.998388  0.056587  0.004294  147.918530  
0.041838  0.785055  -0.618011  -30.690927  
-0.038342  -0.616836  -0.786157  539.041335  

Frame  456 
Patt 1 
0.995420  0.002690  -0.095559  -100.075851  
-0.055648  -0.796484  -0.602093  -17.836982  
-0.077730  0.604654  -0.792687  553.518891  

Frame  457 
Patt 0 
-0.998064  0.062116  0.003034  145.776890  
0.046849  0.783053  -0.620188  -32.633090  
-0.040899  -0.618845  -0.784448  546.905351  

Frame  457 
Patt 1 
0.995560  -0.002732  -0.094088  -102.420009  
-0.059307  -0.794422  -0.604464  -19.060138  
-0.073094  0.607361  -0.791057  557.487442  

Frame  458 
Patt 0 
-0.997468  0.070846  0.006220  144.791974  
0.051494  0.779779  -0.623933  -34.125740  
-0.049054  -0.622033  -0.781453  551.418489  

Frame  458 
Patt 1 
0.996211  -0.010040  -0.086387  -103.404848  
-0.060383  -0.794721  -0.603964  -20.173809  
-0.062590  0.606891  -0.792316  564.310675  

Frame  459 
Patt 0 
-0.997566  0.069592  0.004327  145.799925  
0.051473  0.776859  -0.627568  -35.589520  
-0.047036  -0.625818  -0.778550  555.974481  

Frame  459 
Patt 1 
0.996225  -0.011392  -0.086059  -102.481398  
-0.061651  -0.790779  -0.608989  -21.137141  
-0.061116  0.611995  -0.788496  569.761324  

Frame  460 
Patt 0 
-0.997372  0.072448  0.000660  145.504583  
0.055929  0.775688  -0.628633  -37.538360  
-0.046055  -0.626944  -0.777702  561.607012  

Frame  460 
Patt 1 
0.995919  -0.012933  -0.089315  -102.940124  
-0.065184  -0.787542  -0.612804  -22.573158  
-0.062414  0.616126  -0.785171  573.744180  

Frame  461 
Patt 0 
-0.997617  0.068954  0.002361  147.813066  
0.051964  0.773434  -0.631744  -40.382788  
-0.045388  -0.630116  -0.775174  568.884114  

Frame  461 
Patt 1 
0.996611  -0.011969  -0.081387  -100.590764  
-0.059794  -0.784866  -0.616774  -26.685417  
-0.056495  0.619550  -0.782921  581.956331  

Frame  462 
Patt 0 
-0.997617  0.068954  0.002361  147.813066  
0.051964  0.773434  -0.631744  -40.382788  
-0.045388  -0.630116  -0.775174  568.884114  

Frame  462 
Patt 1 
0.996611  -0.011969  -0.081387  -100.590764  
-0.059794  -0.784866  -0.616774  -26.685417  
-0.056495  0.619550  -0.782921  581.956331  

Frame  463 
Patt 0 
-0.997704  0.065373  0.017708  146.910318  
0.039020  0.768512  -0.638644  -41.202015  
-0.055359  -0.636487  -0.769298  574.859772  

Frame  463 
Patt 1 
0.997109  -0.009882  -0.075334  -101.222671  
-0.054504  -0.783820  -0.618591  -28.852993  
-0.052936  0.620909  -0.782093  588.277471  

Frame  464 
Patt 0 
-0.997704  0.065373  0.017708  146.910318  
0.039020  0.768512  -0.638644  -41.202015  
-0.055359  -0.636487  -0.769298  574.859772  

Frame  464 
Patt 1 
0.997109  -0.009882  -0.075334  -101.222671  
-0.054504  -0.783820  -0.618591  -28.852993  
-0.052936  0.620909  -0.782093  588.277471  

Frame  465 
Patt 0 
-0.997475  0.070396  0.009395  147.214254  
0.048343  0.769915  -0.636313  -42.426110  
-0.052027  -0.634252  -0.771374  580.957434  

Frame  465 
Patt 1 
0.996919  -0.012915  -0.077374  -101.544829  
-0.058215  -0.782925  -0.619387  -29.313426  
-0.052579  0.621983  -0.781264  591.109474  

Frame  466 
Patt 0 
-0.997051  0.075774  0.012181  147.447259  
0.050548  0.767797  -0.638696  -43.861016  
-0.057749  -0.636197  -0.769363  582.496474  

Frame  466 
Patt 1 
0.997029  -0.018788  -0.074707  -101.159130  
-0.061165  -0.782626  -0.619480  -30.012905  
-0.046829  0.622209  -0.781450  594.586143  

Frame  467 
Patt 0 
-0.996711  0.080499  0.009333  149.800020  
0.056030  0.767750  -0.638295  -45.463051  
-0.058547  -0.635673  -0.769735  584.397771  

Frame  467 
Patt 1 
0.997221  -0.024670  -0.070293  -99.316287  
-0.062930  -0.783939  -0.617641  -30.836568  
-0.039869  0.620348  -0.783313  600.438673  

Frame  468 
Patt 0 
-0.997325  0.072783  0.006753  155.505109  
0.051494  0.765146  -0.641795  -46.350507  
-0.051879  -0.639730  -0.766847  584.676267  

Frame  468 
Patt 1 
0.996943  -0.023325  -0.074565  -92.440572  
-0.064860  -0.779157  -0.623464  -32.116820  
-0.043556  0.626395  -0.778288  601.184132  

Frame  469 
Patt 0 
-0.997325  0.072783  0.006753  155.505109  
0.051494  0.765146  -0.641795  -46.350507  
-0.051879  -0.639730  -0.766847  584.676267  

Frame  469 
Patt 1 
0.996943  -0.023325  -0.074565  -92.440572  
-0.064860  -0.779157  -0.623464  -32.116820  
-0.043556  0.626395  -0.778288  601.184132  

Frame  470 
Patt 0 
-0.997131  0.075434  0.006235  157.364844  
0.054167  0.768695  -0.637318  -45.604963  
-0.052868  -0.635152  -0.770576  588.006714  

Frame  470 
Patt 1 
0.997167  -0.018503  -0.072902  -90.898048  
-0.060093  -0.778895  -0.624268  -32.243573  
-0.045232  0.626881  -0.777801  601.964468  

Frame  471 
Patt 0 
-0.997318  0.067108  0.029218  162.949923  
0.032297  0.761719  -0.647102  -41.676864  
-0.065682  -0.644423  -0.761843  586.422680  

Frame  471 
Patt 1 
0.997742  -0.003903  -0.067056  -85.348540  
-0.044874  -0.781564  -0.622209  -32.382076  
-0.049980  0.623813  -0.779974  608.322159  

Frame  472 
Patt 0 
-0.997318  0.067108  0.029218  162.949923  
0.032297  0.761719  -0.647102  -41.676864  
-0.065682  -0.644423  -0.761843  586.422680  

Frame  472 
Patt 1 
0.997742  -0.003903  -0.067056  -85.348540  
-0.044874  -0.781564  -0.622209  -32.382076  
-0.049980  0.623813  -0.779974  608.322159  

Frame  473 
Patt 0 
-0.997430  0.061332  0.037043  172.154658  
0.022492  0.758875  -0.650848  -39.541144  
-0.068029  -0.648342  -0.758304  582.883809  

Frame  473 
Patt 1 
0.998817  -0.006649  -0.048161  -75.370232  
-0.035131  -0.783475  -0.620429  -33.117145  
-0.033608  0.621388  -0.782782  612.439421  

Frame  474 
Patt 0 
-0.997430  0.061332  0.037043  172.154658  
0.022492  0.758875  -0.650848  -39.541144  
-0.068029  -0.648342  -0.758304  582.883809  

Frame  474 
Patt 1 
0.998817  -0.006649  -0.048161  -75.370232  
-0.035131  -0.783475  -0.620429  -33.117145  
-0.033608  0.621388  -0.782782  612.439421  

Frame  475 
Patt 0 
-0.998070  0.058148  0.021785  179.565324  
0.030114  0.760083  -0.649128  -39.057255  
-0.054304  -0.647219  -0.760367  584.232732  

Frame  475 
Patt 1 
0.998398  0.003807  -0.056451  -69.333994  
-0.031670  -0.789182  -0.613342  -33.030849  
-0.046885  0.614148  -0.787797  617.235467  

Frame  476 
Patt 0 
-0.998462  0.052956  0.016403  185.401008  
0.029492  0.757912  -0.651690  -38.703336  
-0.046943  -0.650204  -0.758308  581.340809  

Frame  476 
Patt 1 
0.998316  0.003366  -0.057914  -62.770481  
-0.033065  -0.787273  -0.615718  -32.978094  
-0.047667  0.616596  -0.785835  617.585481  

Frame  477 
Patt 0 
-0.998548  0.042610  0.032958  188.849727  
0.010135  0.749501  -0.661925  -37.487912  
-0.052907  -0.660630  -0.748845  571.212673  

Frame  477 
Patt 1 
0.998218  0.010021  -0.058818  -55.721421  
-0.028733  -0.783227  -0.621071  -32.950147  
-0.052292  0.621655  -0.781544  613.354684  

Frame  478 
Patt 0 
-0.998855  0.040763  0.025058  194.739939  
0.014167  0.752162  -0.658826  -35.931365  
-0.045703  -0.657716  -0.751878  571.131097  

Frame  478 
Patt 1 
0.998569  0.013821  -0.051654  -50.030396  
-0.021119  -0.785526  -0.618468  -32.858527  
-0.049123  0.618674  -0.784110  615.051957  

Frame  479 
Patt 0 
-0.999133  0.033241  0.025072  201.065389  
0.008305  0.749181  -0.662313  -34.100147  
-0.040799  -0.661531  -0.748807  567.012252  

Frame  479 
Patt 1 
0.998349  0.019805  -0.053912  -42.767691  
-0.017819  -0.785542  -0.618552  -32.637375  
