Frame  12 
Patt 1 
0.997589  0.031522  0.061826  -207.225506  
0.060530  -0.830977  -0.553005  48.370085  
0.033944  0.555414  -0.830881  492.734214  

Frame  18 
Patt 1 
0.992409  0.114460  0.044985  -179.980938  
0.121479  -0.855323  -0.503652  19.706912  
-0.019171  0.505293  -0.862735  509.819020  

Frame  40 
Patt 1 
0.946746  0.317978  -0.050610  -102.846570  
0.234827  -0.789439  -0.567134  18.914556  
-0.220289  0.525048  -0.822069  548.732399  

Frame  41 
Patt 1 
0.946745  0.318387  -0.047994  -104.154192  
0.234820  -0.784724  -0.573644  22.989446  
-0.220303  0.531825  -0.817697  551.448984  

Frame  42 
Patt 1 
0.945828  0.321400  -0.045943  -105.342355  
0.236665  -0.779392  -0.580118  26.268408  
-0.222257  0.537819  -0.813236  553.216026  

Frame  43 
Patt 1 
0.946806  0.319495  -0.038497  -106.561302  
0.239517  -0.779532  -0.578759  29.696072  
-0.214920  0.538751  -0.814590  556.497710  

Frame  46 
Patt 1 
0.944146  0.328048  -0.031180  -105.769713  
0.246460  -0.765788  -0.593991  39.040833  
-0.218735  0.553130  -0.803867  559.988667  

Frame  48 
Patt 1 
0.942761  0.332440  -0.026186  -105.371720  
0.250216  -0.757118  -0.603460  42.395086  
-0.220441  0.562366  -0.796963  560.918779  

Frame  50 
Patt 1 
0.942023  0.334858  -0.021497  -104.569417  
0.253919  -0.753275  -0.606715  44.417947  
-0.219356  0.566081  -0.794629  562.497463  

Frame  51 
Patt 1 
0.940904  0.338149  -0.018847  -105.141419  
0.257959  -0.751608  -0.607077  45.394608  
-0.219448  0.566339  -0.794420  562.917603  

Frame  55 
Patt 1 
0.941918  0.335828  -0.003061  -111.711963  
0.262389  -0.741569  -0.617436  52.339471  
-0.209622  0.580771  -0.786615  564.466231  

Frame  59 
Patt 1 
0.947509  0.319711  -0.003479  -123.844134  
0.248187  -0.742309  -0.622399  56.285571  
-0.201570  0.588865  -0.782692  565.382826  

Frame  125 
Patt 0 
-0.997534  -0.042215  0.056065  262.560651  
-0.068052  0.777104  -0.625682  106.583973  
-0.017155  -0.627955  -0.778061  594.091299  

Frame  125 
Patt 1 
0.999495  0.031341  0.005301  -241.285458  
0.027319  -0.761741  -0.647305  81.892619  
-0.016249  0.647123  -0.762213  578.944517  

Frame  126 
Patt 0 
-0.997915  -0.037418  0.052588  260.150789  
-0.062128  0.777640  -0.625632  105.763009  
-0.017484  -0.627595  -0.778344  598.037023  

Frame  126 
Patt 1 
0.999537  0.027399  0.013261  -245.326192  
0.029475  -0.762339  -0.646507  82.954683  
-0.007604  0.646598  -0.762793  580.534130  

Frame  127 
Patt 0 
-0.998105  -0.031531  0.052834  257.652401  
-0.057740  0.776631  -0.627304  104.932408  
-0.021253  -0.629166  -0.776980  599.639911  

Frame  127 
Patt 1 
0.999752  0.021882  0.004070  -246.811047  
0.019336  -0.763288  -0.645769  83.665801  
-0.011024  0.645688  -0.763522  577.855094  

Frame  128 
Patt 0 
-0.997538  -0.028148  0.064224  254.554974  
-0.062531  0.771558  -0.633079  103.996805  
-0.031733  -0.635536  -0.771418  598.476895  

Frame  128 
Patt 1 
0.999801  0.015792  0.012190  -249.164581  
0.019926  -0.760923  -0.648536  85.312527  
-0.000966  0.648650  -0.761086  578.908034  

Frame  129 
Patt 0 
-0.997777  -0.024419  0.062008  253.023259  
-0.058196  0.772638  -0.632174  103.782026  
-0.032473  -0.634377  -0.772341  599.958861  

Frame  129 
Patt 1 
0.999897  0.013539  0.004775  -250.530649  
0.013396  -0.760254  -0.649488  86.330359  
-0.005163  0.649485  -0.760357  578.685086  

Frame  130 
Patt 0 
-0.997812  -0.022208  0.062268  250.979951  
-0.056523  0.775090  -0.629317  104.191338  
-0.034288  -0.631460  -0.774650  602.862247  

Frame  130 
Patt 1 
0.999949  0.007505  0.006800  -252.409147  
0.010126  -0.753258  -0.657647  86.969350  
0.000187  0.657683  -0.753295  577.011236  

Frame  131 
Patt 0 
-0.997567  -0.016506  0.067738  248.018757  
-0.055724  0.772664  -0.632365  104.459259  
-0.041901  -0.634601  -0.771703  604.364143  

Frame  131 
Patt 1 
0.999852  0.002955  0.016932  -255.417210  
0.013341  -0.754496  -0.656169  87.420062  
0.010836  0.656298  -0.754424  577.406260  

Frame  132 
Patt 0 
-0.997850  -0.012816  0.064278  247.619981  
-0.050648  0.773227  -0.632104  104.144808  
-0.041600  -0.634000  -0.772213  606.436596  

Frame  132 
Patt 1 
0.999801  0.000254  0.019939  -256.400050  
0.013276  -0.754561  -0.656096  87.562086  
0.014879  0.656230  -0.754414  578.229919  

Frame  133 
Patt 0 
-0.998012  -0.013815  0.061491  247.205428  
-0.049610  0.773960  -0.631288  103.726169  
-0.038870  -0.633084  -0.773107  608.650338  

Frame  133 
Patt 1 
0.999901  -0.002021  0.013944  -256.499090  
0.007708  -0.749994  -0.661399  86.903860  
0.011795  0.661441  -0.749904  576.947997  

Frame  134 
Patt 0 
-0.998270  -0.015521  0.056707  246.176386  
-0.047703  0.777630  -0.626910  104.233734  
-0.034367  -0.628531  -0.777025  613.112310  

Frame  134 
Patt 1 
0.999877  0.003118  0.015373  -259.509744  
0.012426  -0.755535  -0.654990  86.810780  
0.009573  0.655101  -0.755481  578.658854  

Frame  135 
Patt 0 
-0.997958  -0.010314  0.063035  241.939976  
-0.047634  0.777642  -0.626900  104.514381  
-0.042553  -0.628623  -0.776545  614.509083  

Frame  135 
Patt 1 
0.999926  -0.005345  0.010901  -261.162326  
0.003230  -0.748425  -0.663211  86.432787  
0.011703  0.663197  -0.748353  572.940117  

Frame  136 
Patt 0 
-0.997712  -0.004301  0.067476  239.737392  
-0.046178  0.772304  -0.633572  104.404709  
-0.049387  -0.635239  -0.770735  614.319580  

Frame  137 
Patt 0 
-0.997405  -0.001951  0.071966  238.446810  
-0.047268  0.771735  -0.634185  102.820214  
-0.054302  -0.635941  -0.769825  613.990064  

Frame  138 
Patt 0 
-0.997397  -0.001734  0.072082  237.275007  
-0.047277  0.770548  -0.635626  101.726367  
-0.054441  -0.637379  -0.768625  614.363776  

Frame  139 
Patt 0 
-0.997498  0.003867  0.070590  236.576088  
-0.041505  0.776273  -0.629030  101.210873  
-0.057230  -0.630386  -0.774170  616.469027  

Frame  140 
Patt 0 
-0.997176  0.003244  0.075028  234.685698  
-0.045191  0.772008  -0.634004  100.032665  
-0.059979  -0.635604  -0.769682  614.619249  

Frame  141 
Patt 0 
-0.997367  0.007000  0.072174  234.561296  
-0.040451  0.772367  -0.633887  99.762129  
-0.060182  -0.635138  -0.770050  616.675052  

Frame  142 
Patt 0 
-0.997882  0.012900  0.063759  234.634561  
-0.029984  0.778598  -0.626806  99.632103  
-0.057729  -0.627390  -0.776562  619.156279  

Frame  143 
Patt 0 
-0.997550  0.009895  0.069255  233.294314  
-0.036398  0.771998  -0.634582  98.159644  
-0.059744  -0.635548  -0.769746  615.881413  

Frame  144 
Patt 0 
-0.997517  0.015785  0.068629  233.508338  
-0.030871  0.777903  -0.627625  97.326079  
-0.063294  -0.628186  -0.775485  617.504189  

Frame  145 
Patt 0 
-0.997847  0.015374  0.063762  233.907924  
-0.027857  0.780758  -0.624212  97.363761  
-0.059379  -0.624645  -0.778648  618.248172  

Frame  146 
Patt 0 
-0.997695  0.016329  0.065857  232.208214  
-0.028470  0.780286  -0.624774  97.261946  
-0.061589  -0.625209  -0.778023  618.348394  

Frame  147 
Patt 0 
-0.997410  0.020788  0.068861  230.644261  
-0.026850  0.780535  -0.624536  96.778847  
-0.066731  -0.624767  -0.777955  617.052582  

Frame  148 
Patt 0 
-0.997831  0.018654  0.063126  230.990861  
-0.025356  0.776076  -0.630129  96.648717  
-0.060745  -0.630363  -0.773920  618.534521  

Frame  149 
Patt 0 
-0.997316  0.017200  0.071166  230.100847  
-0.031809  0.773683  -0.632774  96.135864  
-0.065944  -0.633340  -0.771059  617.002513  

Frame  150 
Patt 0 
-0.997722  0.019161  0.064688  230.340480  
-0.025971  0.775848  -0.630385  96.563531  
-0.062267  -0.630629  -0.773583  618.108680  

Frame  151 
Patt 0 
-0.997803  0.019367  0.063363  230.611278  
-0.024945  0.776151  -0.630054  96.660816  
-0.061381  -0.630250  -0.773962  618.731856  

Frame  152 
Patt 0 
-0.997526  0.021969  0.066777  230.183405  
-0.024808  0.778784  -0.626801  96.642909  
-0.065775  -0.626907  -0.776312  617.200165  

Frame  153 
Patt 0 
-0.997400  0.024789  0.067661  230.001437  
-0.022672  0.783324  -0.621200  96.896476  
-0.068400  -0.621119  -0.780726  617.117913  

Frame  154 
Patt 0 
-0.997145  0.026254  0.070796  229.667560  
-0.023566  0.782562  -0.622126  96.912948  
-0.071736  -0.622019  -0.779710  616.807305  

Frame  155 
Patt 0 
-0.996886  0.025292  0.074692  229.593495  
-0.027373  0.777292  -0.628545  96.977980  
-0.073955  -0.628632  -0.774179  615.846387  

Frame  156 
Patt 0 
-0.997296  0.021884  0.070150  229.690763  
-0.027161  0.777243  -0.628614  97.321407  
-0.068280  -0.628820  -0.774547  617.111645  

Frame  157 
Patt 0 
-0.997296  0.021884  0.070150  229.690763  
-0.027161  0.777243  -0.628614  97.321407  
-0.068280  -0.628820  -0.774547  617.111645  

Frame  158 
Patt 0 
-0.996857  0.025626  0.074967  229.762012  
-0.027312  0.777076  -0.628814  96.926459  
-0.074369  -0.628885  -0.773934  615.551365  

Frame  159 
Patt 0 
-0.997145  0.023238  0.071850  230.976684  
-0.027207  0.777021  -0.628887  96.993498  
-0.070443  -0.629046  -0.774170  615.721645  

Frame  160 
Patt 0 
-0.997498  0.019781  0.067870  230.739128  
-0.027544  0.775432  -0.630830  97.165269  
-0.065107  -0.631121  -0.772947  616.124863  

Frame  161 
Patt 0 
-0.997048  0.014276  0.075442  229.419453  
-0.037575  0.766142  -0.641572  97.151851  
-0.066959  -0.642513  -0.763344  613.790176  

Frame  162 
Patt 0 
-0.997168  0.014340  0.073828  229.806728  
-0.036527  0.765754  -0.642095  97.228012  
-0.065741  -0.642974  -0.763062  614.069546  

Frame  163 
Patt 0 
-0.997364  0.017918  0.070317  230.582450  
-0.030805  0.772829  -0.633866  97.117862  
-0.065701  -0.634361  -0.770240  615.252236  

Frame  164 
Patt 0 
-0.997121  0.012456  0.074800  229.513103  
-0.038249  0.769121  -0.637957  97.244895  
-0.065476  -0.638982  -0.766430  614.575483  

Frame  165 
Patt 0 
-0.997597  0.016511  0.067281  229.119459  
-0.030042  0.772007  -0.634904  98.152037  
-0.062424  -0.635400  -0.769656  616.477278  

Frame  166 
Patt 0 
-0.997535  0.018787  0.067616  228.653781  
-0.028748  0.769557  -0.637931  97.950049  
-0.064019  -0.638302  -0.767119  615.611812  

Frame  167 
Patt 0 
-0.997810  0.017019  0.063920  228.713599  
-0.027918  0.767699  -0.640202  97.958061  
-0.059967  -0.640585  -0.765542  616.946970  

Frame  168 
Patt 0 
-0.997718  0.019005  0.064785  227.501192  
-0.026985  0.767332  -0.640682  97.988262  
-0.061888  -0.640968  -0.765068  617.668420  

Frame  169 
Patt 0 
-0.997404  0.020869  0.068925  226.597945  
-0.028254  0.766959  -0.641074  97.506831  
-0.066241  -0.641357  -0.764378  616.328854  

Frame  170 
Patt 0 
-0.996949  0.026778  0.073325  225.270998  
-0.025561  0.775553  -0.630765  96.987365  
-0.073758  -0.630714  -0.772502  615.541548  

Frame  171 
Patt 0 
-0.996502  0.030280  0.077892  223.258835  
-0.026120  0.772501  -0.634476  96.619719  
-0.079383  -0.634291  -0.769008  613.633676  

Frame  172 
Patt 0 
-0.997133  0.039561  0.064506  223.513813  
-0.009394  0.781144  -0.624280  96.711013  
-0.075086  -0.623096  -0.778533  617.543678  

Frame  173 
Patt 0 
-0.998109  0.028512  0.054450  223.060008  
-0.013064  0.767244  -0.641222  96.333010  
-0.060059  -0.640721  -0.765421  620.648557  

Frame  174 
Patt 0 
-0.997010  0.041515  0.065175  220.337335  
-0.008603  0.778545  -0.627530  94.872854  
-0.076793  -0.626214  -0.775860  617.778178  

Frame  175 
Patt 0 
-0.997459  0.034963  0.062068  218.426768  
-0.013232  0.765184  -0.643676  93.592622  
-0.069998  -0.642862  -0.762777  617.469301  

Frame  176 
Patt 0 
-0.996575  0.045939  0.068763  215.727386  
-0.008054  0.773633  -0.633583  91.675220  
-0.082304  -0.631966  -0.770613  617.445326  

Frame  177 
Patt 0 
-0.997394  0.048044  0.053817  214.647408  
0.002882  0.771924  -0.635708  91.589964  
-0.072085  -0.633896  -0.770051  620.848819  

Frame  178 
Patt 0 
-0.996949  0.057153  0.053160  212.744087  
0.012047  0.785571  -0.618655  91.536075  
-0.077119  -0.616127  -0.783862  625.572498  

Frame  179 
Patt 0 
-0.996554  0.060570  0.056663  207.282743  
0.012520  0.785186  -0.619133  91.605185  
-0.081991  -0.616290  -0.783239  627.223614  

Frame  180 
Patt 0 
-0.996849  0.061994  0.049486  203.600267  
0.017869  0.783316  -0.621366  92.509220  
-0.077284  -0.618524  -0.781956  630.487594  

Frame  181 
Patt 0 
-0.995747  0.072873  0.056376  195.979707  
0.020956  0.774982  -0.631635  92.002130  
-0.089720  -0.627767  -0.773213  630.201028  

Frame  182 
Patt 0 
-0.995747  0.072873  0.056376  195.979707  
0.020956  0.774982  -0.631635  92.002130  
-0.089720  -0.627767  -0.773213  630.201028  

Frame  183 
Patt 0 
-0.995069  0.079756  0.058955  192.704774  
0.024105  0.771080  -0.636282  91.501581  
-0.096207  -0.631723  -0.769201  630.316567  

Frame  184 
Patt 0 
-0.993869  0.083834  0.072089  189.539606  
0.017328  0.762040  -0.647298  89.965945  
-0.109201  -0.642080  -0.758820  625.017637  

Frame  185 
Patt 0 
-0.993959  0.088604  0.064767  187.940224  
0.026218  0.764730  -0.643818  88.719050  
-0.106574  -0.638230  -0.762433  627.638871  

Frame  186 
Patt 0 
-0.993179  0.098753  0.061988  185.666706  
0.036387  0.767608  -0.639886  87.679521  
-0.110773  -0.633266  -0.765966  629.622069  

Frame  187 
Patt 0 
-0.992453  0.102372  0.067507  182.922391  
0.034621  0.762029  -0.646617  86.239229  
-0.117638  -0.639400  -0.759822  629.174829  

Frame  188 
Patt 0 
-0.991805  0.113177  0.059278  180.081481  
0.048688  0.763782  -0.643636  84.893811  
-0.118120  -0.635475  -0.763033  631.049893  

Frame  189 
Patt 0 
-0.991164  0.121406  0.053423  176.865955  
0.058520  0.761702  -0.645279  83.517121  
-0.119034  -0.636451  -0.762077  631.472285  

Frame  190 
Patt 0 
-0.990077  0.129192  0.055290  174.022010  
0.063008  0.759806  -0.647090  82.239811  
-0.125608  -0.637185  -0.760407  631.877708  

Frame  191 
Patt 0 
-0.989230  0.136455  0.052952  170.976605  
0.069822  0.757881  -0.648646  80.632637  
-0.128642  -0.637963  -0.759246  633.090100  

Frame  192 
Patt 0 
-0.988321  0.143933  0.050054  167.632665  
0.076951  0.754889  -0.651322  78.940178  
-0.131532  -0.639864  -0.757148  632.149091  

Frame  193 
Patt 0 
-0.987294  0.152200  0.045675  165.345197  
0.086351  0.755156  -0.649833  77.928537  
-0.133396  -0.637632  -0.758704  634.374649  

Frame  194 
Patt 0 
-0.986184  0.158770  0.047256  161.254106  
0.089593  0.751155  -0.654017  76.703274  
-0.139335  -0.640748  -0.755002  633.911824  

Frame  195 
Patt 0 
-0.984951  0.166932  0.044775  158.195596  
0.097061  0.748609  -0.655868  76.497208  
-0.143005  -0.641652  -0.753546  635.059392  

Frame  196 
Patt 0 
-0.983754  0.174689  0.041385  155.196370  
0.105336  0.748343  -0.654895  76.137751  
-0.145373  -0.639896  -0.754586  636.395140  

Frame  197 
Patt 0 
-0.982381  0.182006  0.042437  151.847364  
0.109851  0.746055  -0.656761  75.240718  
-0.151195  -0.640528  -0.752904  636.317803  

Frame  198 
Patt 0 
-0.980404  0.193479  0.037064  146.465323  
0.121698  0.742795  -0.658365  73.119713  
-0.154911  -0.640954  -0.751785  638.062213  

Frame  199 
Patt 0 
-0.980404  0.193479  0.037064  146.465323  
0.121698  0.742795  -0.658365  73.119713  
-0.154911  -0.640954  -0.751785  638.062213  

Frame  200 
Patt 0 
-0.978895  0.200569  0.039214  143.396539  
0.124806  0.738643  -0.662442  72.007274  
-0.161830  -0.643567  -0.748086  637.667631  

Frame  201 
Patt 0 
-0.977658  0.207060  0.036210  140.895004  
0.132496  0.740766  -0.658567  70.996421  
-0.163186  -0.639056  -0.751650  639.903805  

Frame  202 
Patt 0 
-0.976541  0.212462  0.035049  137.779648  
0.136788  0.737768  -0.661051  69.681820  
-0.166306  -0.640749  -0.749522  639.683011  

Frame  203 
Patt 0 
-0.975066  0.219034  0.035643  135.431579  
0.141283  0.736578  -0.661431  68.751967  
-0.171130  -0.639903  -0.749158  639.985102  

Frame  204 
Patt 0 
-0.974622  0.221753  0.030617  132.900261  
0.146932  0.736883  -0.659859  67.403007  
-0.168887  -0.638615  -0.750765  641.931250  

Frame  205 
Patt 0 
-0.972369  0.230794  0.035100  129.876841  
0.150564  0.734912  -0.661237  65.786260  
-0.178405  -0.637682  -0.749356  641.010010  

Frame  206 
Patt 0 
-0.971481  0.234978  0.031788  128.274507  
0.155898  0.733965  -0.661054  64.824508  
-0.178664  -0.637245  -0.749665  641.733161  

Frame  207 
Patt 0 
-0.970636  0.238649  0.030195  125.402749  
0.159807  0.733550  -0.660581  63.636405  
-0.179796  -0.636358  -0.750148  642.542813  

Frame  208 
Patt 0 
-0.968817  0.245870  0.030698  122.629865  
0.164769  0.731812  -0.661288  62.821241  
-0.185056  -0.635609  -0.749504  642.328619  

Frame  209 
Patt 0 
-0.967358  0.251676  0.029622  121.156916  
0.169520  0.729564  -0.662570  61.782319  
-0.188364  -0.635921  -0.748414  642.979096  

Frame  210 
Patt 0 
-0.966136  0.256312  0.029761  118.259774  
0.173084  0.729281  -0.661960  60.129486  
-0.191373  -0.634392  -0.748948  643.207551  

Frame  211 
Patt 0 
-0.964864  0.261249  0.028052  115.526755  
0.178501  0.730084  -0.659633  59.421327  
-0.192809  -0.631448  -0.751064  644.283418  

Frame  212 
Patt 0 
-0.963561  0.265985  0.028333  112.775992  
0.181778  0.728829  -0.660125  58.520682  
-0.196233  -0.630920  -0.750622  644.981188  

Frame  213 
Patt 0 
-0.961758  0.272358  0.029023  108.949851  
0.186146  0.727677  -0.660179  57.233452  
-0.200925  -0.629530  -0.750547  645.476254  

Frame  214 
Patt 0 
-0.959904  0.279119  0.026025  106.093655  
0.192137  0.722675  -0.663946  55.220135  
-0.204128  -0.632324  -0.747327  645.174119  

Frame  215 
Patt 0 
-0.959521  0.281324  0.013247  104.322228  
0.201863  0.719775  -0.664210  51.562312  
-0.196393  -0.634650  -0.747429  645.984957  

Frame  216 
Patt 0 
-0.955866  0.293352  0.016278  101.778737  
0.210810  0.723392  -0.657467  47.828989  
-0.204644  -0.625019  -0.753308  644.573046  

Frame  217 
Patt 0 
-0.953873  0.299932  0.012939  99.247939  
0.218534  0.723264  -0.655081  45.411997  
-0.205839  -0.622037  -0.755447  643.672313  

Frame  218 
Patt 0 
-0.951454  0.307581  0.011381  96.217781  
0.226375  0.724352  -0.651206  44.038064  
-0.208543  -0.617016  -0.758816  643.744871  

Frame  219 
Patt 0 
-0.949206  0.314502  0.009793  93.418422  
0.232693  0.722567  -0.650962  43.785195  
-0.211804  -0.615618  -0.759047  643.651098  

Frame  220 
Patt 0 
-0.947124  0.320750  0.008709  90.503464  
0.237195  0.718163  -0.654202  43.489715  
-0.216090  -0.617545  -0.756270  642.746814  

Frame  221 
Patt 0 
-0.944636  0.327856  0.013193  88.258494  
0.239362  0.716048  -0.655729  42.489627  
-0.224431  -0.616267  -0.754881  642.223688  

Frame  222 
Patt 0 
-0.943762  0.330470  0.010156  85.560085  
0.244193  0.717421  -0.652439  41.131284  
-0.222898  -0.613267  -0.757773  641.656005  

Frame  223 
Patt 0 
-0.943762  0.330470  0.010156  85.560085  
0.244193  0.717421  -0.652439  41.131284  
-0.222898  -0.613267  -0.757773  641.656005  

Frame  224 
Patt 0 
-0.942648  0.333469  0.014580  85.231930  
0.243523  0.716948  -0.653210  41.014873  
-0.228278  -0.612197  -0.757037  641.333816  

Frame  225 
Patt 0 
-0.943065  0.332463  0.009878  85.942382  
0.246140  0.717560  -0.651554  41.006841  
-0.223706  -0.612026  -0.758538  640.703528  

Frame  226 
Patt 0 
-0.942287  0.334465  0.015112  86.397045  
0.244657  0.718681  -0.650877  41.360751  
-0.228556  -0.609616  -0.759033  640.711764  

Frame  227 
Patt 0 
-0.942810  0.333030  0.014155  86.921597  
0.243806  0.717930  -0.652024  42.036460  
-0.227306  -0.611284  -0.758066  640.176897  

Frame  228 
Patt 0 
-0.943499  0.331082  0.013913  88.334725  
0.242319  0.717969  -0.652535  42.589919  
-0.226032  -0.612295  -0.757631  639.715310  

Frame  229 
Patt 0 
-0.941565  0.335526  0.029638  90.147187  
0.235175  0.717839  -0.655287  42.713470  
-0.241140  -0.610025  -0.754799  637.084855  

Frame  230 
Patt 0 
-0.945338  0.325863  0.012196  92.972366  
0.239507  0.719227  -0.652188  43.093213  
-0.221296  -0.613617  -0.757959  638.205296  

Frame  231 
Patt 0 
-0.947625  0.319055  0.014554  96.368730  
0.232825  0.721270  -0.652351  44.264156  
-0.218633  -0.614795  -0.757777  636.016998  

Frame  232 
Patt 0 
-0.947625  0.319055  0.014554  96.368730  
0.232825  0.721270  -0.652351  44.264156  
-0.218633  -0.614795  -0.757777  636.016998  

Frame  233 
Patt 0 
-0.948823  0.315513  0.013623  99.964733  
0.231445  0.724063  -0.649743  45.689175  
-0.214867  -0.613339  -0.760031  635.547560  

Frame  234 
Patt 0 
-0.948823  0.315513  0.013623  99.964733  
0.231445  0.724063  -0.649743  45.689175  
-0.214867  -0.613339  -0.760031  635.547560  

Frame  235 
Patt 0 
-0.950188  0.311400  0.013111  102.249324  
0.228003  0.723165  -0.651956  46.780826  
-0.212501  -0.616491  -0.758144  634.370296  

Frame  236 
Patt 0 
-0.951113  0.308598  0.012303  104.110825  
0.226831  0.725029  -0.650292  47.840927  
-0.209599  -0.615711  -0.759584  634.445200  

Frame  237 
Patt 0 
-0.951325  0.307864  0.014172  106.841154  
0.224452  0.723620  -0.652683  48.312627  
-0.211193  -0.617733  -0.757498  633.722984  

Frame  238 
Patt 0 
-0.953106  0.302446  0.010768  109.501087  
0.222757  0.725175  -0.651536  48.008895  
-0.204863  -0.618584  -0.758541  633.069691  

Frame  239 
Patt 0 
-0.954150  0.299040  0.013144  111.978684  
0.219367  0.728465  -0.649012  48.145510  
-0.203656  -0.616372  -0.760664  632.182241  

Frame  240 
Patt 0 
-0.955662  0.294023  0.016124  114.219300  
0.211556  0.723648  -0.656946  48.365932  
-0.204825  -0.624407  -0.753765  628.766606  

Frame  241 
Patt 0 
-0.957237  0.288903  0.015215  117.611522  
0.211223  0.733858  -0.645629  49.647650  
-0.197689  -0.614807  -0.763499  631.962540  

Frame  242 
Patt 0 
-0.959084  0.282527  0.018344  120.869480  
0.203975  0.734453  -0.647282  50.985451  
-0.196348  -0.617056  -0.762030  630.835179  

Frame  243 
Patt 0 
-0.961188  0.275257  0.018769  124.324305  
0.198374  0.736792  -0.646363  52.473637  
-0.191745  -0.617553  -0.762799  630.748201  

Frame  244 
Patt 0 
-0.963077  0.268514  0.019582  128.483009  
0.192757  0.738480  -0.646136  54.262074  
-0.187958  -0.618504  -0.762971  630.433854  

Frame  245 
Patt 0 
-0.965946  0.257152  0.028674  136.153091  
0.178937  0.743941  -0.643843  57.065101  
-0.186897  -0.616786  -0.764620  630.497459  

Frame  246 
Patt 0 
-0.965946  0.257152  0.028674  136.153091  
0.178937  0.743941  -0.643843  57.065101  
-0.186897  -0.616786  -0.764620  630.497459  

Frame  247 
Patt 0 
-0.968713  0.246593  0.028055  141.004818  
0.170478  0.743296  -0.646876  57.620171  
-0.180368  -0.621854  -0.762079  628.065267  

Frame  248 
Patt 0 
-0.971034  0.237350  0.027543  145.381233  
0.164233  0.746699  -0.644568  57.868558  
-0.173555  -0.621374  -0.764051  627.233198  

Frame  249 
Patt 0 
-0.973364  0.228120  0.022873  148.652445  
0.160263  0.748363  -0.643637  58.080170  
-0.163944  -0.622827  -0.764989  625.910257  

Frame  250 
Patt 0 
-0.973533  0.226040  0.033765  152.778735  
0.152886  0.753910  -0.638941  58.452780  
-0.169882  -0.616868  -0.768514  626.097330  

Frame  251 
Patt 0 
-0.976248  0.214762  0.028587  158.239490  
0.147721  0.756329  -0.637295  58.434468  
-0.158488  -0.617936  -0.770089  624.877729  

Frame  252 
Patt 0 
-0.977841  0.207573  0.027226  161.631912  
0.143398  0.758851  -0.635281  58.446172  
-0.152528  -0.617299  -0.771801  623.018172  

Frame  253 
Patt 0 
-0.979261  0.200460  0.029388  164.769221  
0.136346  0.759336  -0.636254  58.950902  
-0.149859  -0.619051  -0.770920  621.300791  

Frame  254 
Patt 0 
-0.980668  0.193544  0.028811  168.232544  
0.132109  0.763489  -0.632165  59.454474  
-0.144349  -0.616138  -0.774298  621.404575  

Frame  255 
Patt 0 
-0.982261  0.185512  0.027368  171.260294  
0.126837  0.764775  -0.631690  59.805299  
-0.138116  -0.617013  -0.774738  620.034722  

Frame  256 
Patt 0 
-0.982813  0.181481  0.033809  173.995632  
0.120156  0.767919  -0.629177  60.464986  
-0.140147  -0.614301  -0.776526  618.769125  

Frame  257 
Patt 0 
-0.983566  0.174940  0.044654  176.712639  
0.107411  0.765753  -0.634102  61.213591  
-0.145124  -0.618885  -0.771959  615.022233  

Frame  258 
Patt 0 
-0.984974  0.169191  0.034647  181.029423  
0.110188  0.770141  -0.628285  62.768412  
-0.132983  -0.615027  -0.777212  616.933342  

Frame  259 
Patt 0 
-0.986367  0.161032  0.033899  184.248937  
0.104612  0.772603  -0.626211  64.027917  
-0.127030  -0.614128  -0.778916  616.164301  

Frame  260 
Patt 0 
-0.987164  0.155611  0.035952  187.180341  
0.098762  0.771685  -0.628290  65.322575  
-0.125513  -0.616674  -0.777148  614.850988  

Frame  261 
Patt 0 
-0.988023  0.150422  0.034408  190.593451  
0.096154  0.774569  -0.625138  66.583856  
-0.120686  -0.614342  -0.779755  614.654194  

Frame  262 
Patt 0 
-0.988982  0.143709  0.035532  193.251328  
0.089704  0.772701  -0.628400  67.621305  
-0.117763  -0.618288  -0.777079  612.810098  

Frame  263 
Patt 0 
-0.989519  0.139664  0.036694  196.482188  
0.086190  0.775104  -0.625927  68.751969  
-0.115861  -0.616204  -0.779018  612.455229  

Frame  264 
Patt 0 
-0.990531  0.131483  0.039508  200.095037  
0.077740  0.774349  -0.627965  69.587514  
-0.113159  -0.618947  -0.777238  610.217704  

Frame  265 
Patt 0 
-0.991593  0.124985  0.033495  203.840212  
0.076780  0.776692  -0.625184  70.362820  
-0.104154  -0.617356  -0.779759  609.979188  

Frame  266 
Patt 0 
-0.992137  0.119798  0.036224  205.548055  
0.070819  0.776013  -0.626729  71.176386  
-0.103191  -0.619236  -0.778395  607.906233  

Frame  267 
Patt 0 
-0.992769  0.115284  0.033447  208.240255  
0.069205  0.777361  -0.625237  72.291984  
-0.098080  -0.618401  -0.779718  607.898386  

Frame  268 
Patt 0 
-0.993212  0.111010  0.034737  210.355308  
0.065157  0.778358  -0.624430  72.838287  
-0.096356  -0.617928  -0.780308  606.906980  

Frame  269 
Patt 0 
-0.993713  0.106496  0.034539  212.569262  
0.061906  0.779722  -0.623058  73.768207  
-0.093284  -0.617003  -0.781413  606.039980  

Frame  270 
Patt 0 
-0.994224  0.100476  0.037720  214.063418  
0.055263  0.780574  -0.622616  75.404449  
-0.092001  -0.616935  -0.781618  605.178038  

Frame  271 
Patt 0 
-0.994403  0.098303  0.038724  215.476251  
0.053078  0.781703  -0.621389  77.161763  
-0.091355  -0.615855  -0.782545  605.163401  

Frame  272 
Patt 0 
-0.994616  0.095092  0.041178  217.620441  
0.048782  0.780255  -0.623557  78.905366  
-0.091425  -0.618191  -0.780693  603.956037  

Frame  273 
Patt 0 
-0.995062  0.090623  0.040475  220.065983  
0.045454  0.778620  -0.625847  80.525460  
-0.088231  -0.620917  -0.778895  602.968366  

Frame  274 
Patt 0 
-0.995625  0.084786  0.039279  222.766745  
0.041917  0.780931  -0.623210  82.543887  
-0.083514  -0.618836  -0.781068  603.700075  

Frame  275 
Patt 0 
-0.995915  0.077790  0.045848  224.611246  
0.031717  0.776766  -0.628990  84.588834  
-0.084542  -0.624966  -0.776060  600.868214  

Frame  276 
Patt 0 
-0.996593  0.070909  0.042126  227.869670  
0.028815  0.777903  -0.627723  86.948526  
-0.077281  -0.624371  -0.777296  601.642812  

Frame  277 
Patt 0 
-0.996706  0.066118  0.046964  229.160779  
0.021834  0.776472  -0.629774  88.185646  
-0.078106  -0.626674  -0.775358  600.054501  

Frame  278 
Patt 0 
-0.997293  0.059847  0.042724  233.437730  
0.019705  0.777288  -0.628836  90.091565  
-0.070843  -0.626292  -0.776363  601.724479  

Frame  279 
Patt 0 
-0.997293  0.059847  0.042724  233.437730  
0.019705  0.777288  -0.628836  90.091565  
-0.070843  -0.626292  -0.776363  601.724479  

Frame  280 
Patt 0 
-0.997331  0.055675  0.047231  233.932295  
0.013649  0.777678  -0.628514  90.270892  
-0.071723  -0.626192  -0.776363  600.677627  

Frame  281 
Patt 0 
-0.997042  0.051956  0.056644  233.947377  
0.004198  0.772645  -0.634824  90.466852  
-0.076749  -0.632708  -0.770578  598.815608  

Frame  282 
Patt 0 
-0.997681  0.053681  0.041854  236.992345  
0.015519  0.778062  -0.627996  92.208196  
-0.066277  -0.625890  -0.777090  601.994079  

Frame  283 
Patt 0 
-0.997936  0.049083  0.041413  237.206983  
0.012281  0.778818  -0.627129  92.661300  
-0.063034  -0.625326  -0.777813  602.580080  

Frame  284 
Patt 0 
-0.997479  0.048083  0.052183  235.295172  
0.004506  0.776843  -0.629679  92.761793  
-0.070815  -0.627856  -0.775101  602.416638  

Frame  285 
Patt 0 
-0.997029  0.051428  0.057338  233.942959  
0.003548  0.774310  -0.632797  92.517357  
-0.076941  -0.630714  -0.772192  601.396916  

Frame  286 
Patt 0 
-0.997029  0.051428  0.057338  233.942959  
0.003548  0.774310  -0.632797  92.517357  
-0.076941  -0.630714  -0.772192  601.396916  

Frame  287 
Patt 0 
-0.997099  0.050506  0.056938  233.504967  
0.003033  0.773867  -0.633341  92.558296  
-0.076050  -0.631331  -0.771776  602.063769  

Frame  288 
Patt 0 
-0.997435  0.050516  0.050710  233.691990  
0.007134  0.775096  -0.631804  92.641844  
-0.071221  -0.629821  -0.773468  603.396759  

Frame  289 
Patt 0 
-0.997803  0.050063  0.043381  235.114237  
0.011385  0.774729  -0.632191  92.206064  
-0.065258  -0.630309  -0.773597  604.614725  

Frame  290 
Patt 0 
-0.997278  0.049179  0.054939  235.134583  
0.003844  0.778752  -0.627320  91.101825  
-0.073635  -0.625401  -0.776821  601.986586  

Frame  291 
Patt 0 
-0.997325  0.047706  0.055387  235.546833  
0.002855  0.782534  -0.622602  91.971954  
-0.073044  -0.620778  -0.780576  601.480515  

Frame  292 
Patt 0 
-0.997388  0.043732  0.057482  236.171019  
-0.001673  0.781652  -0.623712  93.777748  
-0.072207  -0.622179  -0.779538  600.984291  

Frame  293 
Patt 0 
-0.997100  0.037730  0.066098  236.640376  
-0.012637  0.774343  -0.632639  94.785528  
-0.075052  -0.631640  -0.771621  598.097616  

Frame  294 
Patt 0 
-0.997599  0.045107  0.052547  239.810227  
0.002831  0.784705  -0.619862  96.510316  
-0.069194  -0.618225  -0.782949  602.200815  

Frame  295 
Patt 0 
-0.997361  0.030374  0.065944  238.246719  
-0.018370  0.773155  -0.633951  96.855129  
-0.070240  -0.633490  -0.770556  596.960630  

Frame  296 
Patt 0 
-0.997620  0.037812  0.057665  239.578351  
-0.006775  0.778459  -0.627658  98.892214  
-0.068623  -0.626555  -0.776350  599.447432  

Frame  297 
Patt 0 
-0.997394  0.036163  0.062437  240.111779  
-0.011427  0.775243  -0.631559  99.214908  
-0.071243  -0.630627  -0.772810  597.193719  

Frame  298 
Patt 0 
-0.997263  0.037394  0.063777  240.710010  
-0.011426  0.774327  -0.632683  99.047103  
-0.073043  -0.631680  -0.771781  595.861016  

Frame  299 
Patt 0 
-0.997414  0.040236  0.059549  242.347837  
-0.006197  0.777354  -0.629032  99.063244  
-0.071600  -0.627775  -0.775095  595.270277  

Frame  300 
Patt 0 
-0.997686  0.035499  0.057982  242.385755  
-0.009055  0.775872  -0.630825  98.042317  
-0.067380  -0.629890  -0.773756  594.191719  

Frame  301 
Patt 0 
-0.996885  0.046162  0.063952  243.093410  
-0.003678  0.782747  -0.622330  96.934650  
-0.078786  -0.620626  -0.780138  593.692120  

Frame  302 
Patt 0 
-0.997989  0.040633  0.048653  246.201744  
0.001423  0.781702  -0.623650  96.946346  
-0.063372  -0.622327  -0.780188  596.014343  

Frame  303 
Patt 0 
-0.997834  0.047420  0.045590  246.699546  
0.009650  0.791089  -0.611626  97.088523  
-0.065069  -0.609861  -0.789833  597.427685  

Frame  304 
Patt 0 
-0.997006  0.040419  0.065921  244.682376  
-0.009462  0.782334  -0.622787  96.748538  
-0.076745  -0.621546  -0.779609  591.328252  

Frame  305 
Patt 0 
-0.996261  0.038062  0.077555  242.670794  
-0.019184  0.777832  -0.628179  96.194997  
-0.084234  -0.627318  -0.774194  586.630876  

Frame  306 
Patt 0 
-0.996940  0.049109  0.060822  245.915358  
0.001159  0.787245  -0.616640  97.838962  
-0.078164  -0.614682  -0.784892  591.829438  

Frame  307 
Patt 0 
-0.997024  0.050652  0.058115  246.943592  
0.004319  0.789367  -0.613907  98.031168  
-0.076969  -0.611829  -0.787236  591.584253  

Frame  308 
Patt 0 
-0.997201  0.043214  0.061019  247.498728  
-0.004664  0.778540  -0.627578  98.346572  
-0.074626  -0.626105  -0.776159  588.703535  

Frame  309 
Patt 0 
-0.996565  0.046186  0.068743  246.596953  
-0.006445  0.784284  -0.620369  98.657438  
-0.082566  -0.618681  -0.781292  586.839130  

Frame  310 
Patt 0 
-0.996758  0.054462  0.059231  247.253280  
0.006135  0.785418  -0.618935  99.948575  
-0.080229  -0.616565  -0.783206  589.870160  

Frame  311 
Patt 0 
-0.997043  0.054397  0.054271  248.375417  
0.008966  0.783823  -0.620920  100.129747  
-0.076315  -0.618598  -0.781993  590.450008  

Frame  312 
Patt 0 
-0.995874  0.052988  0.073676  245.914626  
-0.004703  0.780615  -0.624994  98.411876  
-0.090630  -0.622761  -0.777145  584.290451  

Frame  313 
Patt 0 
-0.996387  0.055307  0.064455  247.510868  
0.003462  0.784731  -0.619827  99.165869  
-0.084860  -0.617364  -0.782087  586.669783  

Frame  314 
Patt 0 
-0.996652  0.054278  0.061142  247.993409  
0.004783  0.785265  -0.619141  99.551529  
-0.081618  -0.616776  -0.782896  587.787830  

Frame  315 
Patt 0 
-0.996529  0.055260  0.062266  247.494228  
0.004853  0.785221  -0.619197  99.667669  
-0.083109  -0.616745  -0.782763  587.684514  

Frame  316 
Patt 0 
-0.996330  0.056991  0.063857  247.866948  
0.005771  0.789111  -0.614224  100.549743  
-0.085396  -0.611602  -0.786544  587.527674  

Frame  317 
Patt 0 
-0.995461  0.052013  0.079701  245.056769  
-0.008541  0.785241  -0.619131  100.724583  
-0.094787  -0.617002  -0.781232  584.393077  

Frame  318 
Patt 0 
-0.994664  0.053203  0.088396  243.758700  
-0.013801  0.780471  -0.625040  102.374412  
-0.102244  -0.622924  -0.775572  582.062532  

Frame  319 
Patt 0 
-0.995416  0.047813  0.082830  245.919697  
-0.014545  0.780306  -0.625229  104.574181  
-0.094527  -0.623568  -0.776033  582.153951  

Frame  320 
Patt 0 
-0.995416  0.047813  0.082830  245.919697  
-0.014545  0.780306  -0.625229  104.574181  
-0.094527  -0.623568  -0.776033  582.153951  

Frame  321 
Patt 0 
-0.995459  0.059674  0.074169  246.921821  
0.001523  0.789014  -0.614374  106.321164  
-0.095182  -0.611470  -0.785522  584.433876  

Frame  322 
Patt 0 
-0.994866  0.049894  0.088045  245.830273  
-0.017123  0.774480  -0.632367  105.952282  
-0.099741  -0.630628  -0.769649  577.055299  

Frame  323 
Patt 0 
-0.995216  0.049194  0.084412  247.046724  
-0.015358  0.774470  -0.632424  105.873649  
-0.096486  -0.630694  -0.770010  576.433580  

Frame  324 
Patt 0 
-0.995236  0.054819  0.080626  248.208361  
-0.007202  0.783367  -0.621518  106.058632  
-0.097231  -0.619137  -0.779240  576.497725  

Frame  325 
Patt 0 
-0.995200  0.055020  0.080928  247.910187  
-0.007160  0.783825  -0.620941  106.282674  
-0.097598  -0.618540  -0.779669  575.212733  

Frame  326 
Patt 0 
-0.995126  0.056145  0.081063  247.727051  
-0.006838  0.780802  -0.624741  107.741062  
-0.098370  -0.622250  -0.776613  573.828726  

Frame  327 
Patt 0 
-0.995544  0.061364  0.071603  248.263016  
0.003501  0.782834  -0.622221  109.542393  
-0.094235  -0.619197  -0.779560  574.320193  

Frame  328 
Patt 0 
-0.994503  0.064389  0.082573  247.542703  
-0.001600  0.779152  -0.626833  109.784502  
-0.104698  -0.623519  -0.774766  568.561694  

