Frame  96 
Patt 1 
0.999488  0.026089  -0.018531  143.148188  
0.011958  -0.841624  -0.539932  63.815266  
-0.029682  0.539434  -0.841505  396.068308  

Frame  97 
Patt 1 
0.999128  0.023373  -0.034601  138.346992  
0.001141  -0.843623  -0.536935  61.875221  
-0.041740  0.536427  -0.842914  398.692919  

Frame  106 
Patt 1 
0.998301  -0.049792  -0.030271  76.411792  
-0.058270  -0.856601  -0.512679  48.677602  
-0.000403  0.513571  -0.858047  409.192654  

Frame  108 
Patt 1 
0.997069  -0.074179  -0.018759  61.866635  
-0.072961  -0.847899  -0.525113  47.710185  
0.023047  0.524942  -0.850826  406.259719  

Frame  140 
Patt 0 
-0.977046  0.192689  0.090837  165.348303  
0.134106  0.887667  -0.440526  23.334670  
-0.165518  -0.418233  -0.893132  425.443369  

Frame  140 
Patt 1 
0.978403  -0.204230  0.031897  -84.476752  
-0.164706  -0.863506  -0.476686  60.659624  
0.124897  0.461137  -0.878495  375.926107  

Frame  141 
Patt 0 
-0.974791  0.198179  0.102508  160.363867  
0.132630  0.884119  -0.448044  24.499144  
-0.179422  -0.423154  -0.888115  423.887803  

Frame  141 
Patt 1 
0.976894  -0.208261  0.048007  -87.466685  
-0.162300  -0.869039  -0.467365  61.790253  
0.139054  0.448774  -0.882760  376.114848  

Frame  142 
Patt 0 
-0.974295  0.195731  0.111528  156.676636  
0.129727  0.892223  -0.432561  28.119576  
-0.184174  -0.406974  -0.894680  427.719611  

Frame  142 
Patt 1 
0.978291  -0.203452  0.039420  -92.208746  
-0.162780  -0.872125  -0.461412  64.838356  
0.128254  0.444978  -0.886310  376.960244  

Frame  143 
Patt 0 
-0.972859  0.198119  0.119558  150.908818  
0.128685  0.892627  -0.432039  33.316634  
-0.192316  -0.404928  -0.893895  432.104070  

Frame  143 
Patt 1 
0.977917  -0.204909  0.041111  -98.070325  
-0.161912  -0.867196  -0.470910  69.061400  
0.132145  0.453855  -0.881223  376.501807  

Frame  144 
Patt 0 
-0.969774  0.202609  0.135968  142.837335  
0.126075  0.893160  -0.431707  38.095816  
-0.208909  -0.401516  -0.891707  436.813610  

Frame  144 
Patt 1 
0.975338  -0.213216  0.057044  -105.510283  
-0.160757  -0.863344  -0.478324  72.991025  
0.151235  0.457357  -0.876329  375.442511  

Frame  145 
Patt 0 
-0.967340  0.214553  0.134981  137.300496  
0.128265  0.873616  -0.469407  43.661279  
-0.218634  -0.436763  -0.872604  433.635028  

Frame  145 
Patt 1 
0.967738  -0.230749  0.101178  -107.402408  
-0.154609  -0.860927  -0.484666  79.524585  
0.198943  0.453387  -0.868828  376.121260  

Frame  146 
Patt 0 
-0.966598  0.221920  0.128220  139.483003  
0.132488  0.860892  -0.491235  49.720745  
-0.219399  -0.457839  -0.861538  431.321100  

Frame  146 
Patt 1 
0.966032  -0.235925  0.105462  -105.217908  
-0.156943  -0.859823  -0.485873  87.483611  
0.205309  0.452817  -0.867643  379.745995  

Frame  147 
Patt 0 
-0.970362  0.217507  0.105298  143.101404  
0.137747  0.855867  -0.498515  54.339726  
-0.198552  -0.469236  -0.860462  432.160460  

Frame  147 
Patt 1 
0.969745  -0.233766  0.070337  -102.337988  
-0.165488  -0.841329  -0.514568  92.434988  
0.179465  0.487360  -0.854560  379.068495  

Frame  148 
Patt 0 
-0.972920  0.215695  0.083082  142.733272  
0.149089  0.860279  -0.487538  54.807546  
-0.176633  -0.461949  -0.869140  440.532867  

Frame  148 
Patt 1 
0.971394  -0.234238  0.039058  -105.855473  
-0.177502  -0.825454  -0.535835  93.258439  
0.157753  0.513574  -0.843419  379.168904  

Frame  149 
Patt 0 
-0.970290  0.223979  0.091490  134.681356  
0.155811  0.867756  -0.471935  52.501270  
-0.185094  -0.443658  -0.876874  446.537556  

Frame  149 
Patt 1 
0.968451  -0.244869  0.046291  -113.640754  
-0.182895  -0.824560  -0.535397  91.820681  
0.169271  0.510039  -0.843331  377.743519  

Frame  150 
Patt 0 
-0.963910  0.238073  0.119159  126.706352  
0.152110  0.859821  -0.487412  50.757217  
-0.218495  -0.451696  -0.865003  439.862549  

Frame  150 
Patt 1 
0.961654  -0.259218  0.089593  -117.127885  
-0.178426  -0.839384  -0.513419  91.809838  
0.208291  0.477746  -0.853448  378.608652  

Frame  151 
Patt 0 
-0.962764  0.240102  0.124241  126.772989  
0.150531  0.857853  -0.491354  52.229039  
-0.224556  -0.454356  -0.862053  438.714777  

Frame  151 
Patt 1 
0.961785  -0.257155  0.094028  -116.463391  
-0.176991  -0.845917  -0.503089  93.453101  
0.208912  0.467221  -0.859104  379.951660  

Frame  152 
Patt 0 
-0.963242  0.240127  0.120431  128.056261  
0.151571  0.855943  -0.494356  55.524691  
-0.221791  -0.457931  -0.860876  439.137368  

Frame  152 
Patt 1 
0.962330  -0.257279  0.087909  -115.218724  
-0.178812  -0.842474  -0.508196  97.003112  
0.204809  0.473333  -0.856743  380.755421  

Frame  153 
Patt 0 
-0.964123  0.238531  0.116493  130.158735  
0.151221  0.854186  -0.497493  59.715546  
-0.218174  -0.462028  -0.859611  439.479760  

Frame  153 
Patt 1 
0.963098  -0.253964  0.089131  -113.476767  
-0.174248  -0.840719  -0.512669  100.504729  
0.205133  0.478220  -0.853947  382.247747  

Frame  154 
Patt 0 
-0.966470  0.231099  0.111931  132.079288  
0.146445  0.854132  -0.499012  64.810180  
-0.210925  -0.465889  -0.859336  440.062323  

Frame  154 
Patt 1 
0.966534  -0.246192  0.072120  -112.070644  
-0.173199  -0.833614  -0.524490  103.842291  
0.189245  0.494446  -0.848357  381.378217  

Frame  155 
Patt 0 
-0.967281  0.227000  0.113305  131.846575  
0.141207  0.852728  -0.502907  69.115406  
-0.210778  -0.470453  -0.856882  440.216889  

Frame  155 
Patt 1 
0.967739  -0.242437  0.068590  -112.486471  
-0.169696  -0.828401  -0.533812  106.635969  
0.186236  0.504952  -0.842817  380.699637  

Frame  156 
Patt 0 
-0.967681  0.223324  0.117131  131.600438  
0.133651  0.848060  -0.512768  72.444223  
-0.213848  -0.480541  -0.850499  438.868170  

Frame  156 
Patt 1 
0.967216  -0.240690  0.081005  -112.827973  
-0.162118  -0.830712  -0.532575  108.911984  
0.195477  0.501982  -0.842498  381.584530  

Frame  157 
Patt 0 
-0.969565  0.221984  0.103281  133.372954  
0.137789  0.843426  -0.519275  73.118871  
-0.202380  -0.489240  -0.848343  439.625179  

Frame  157 
Patt 1 
0.967542  -0.240876  0.076431  -111.839559  
-0.163484  -0.827238  -0.537540  109.909618  
0.192707  0.507598  -0.839767  382.052989  

Frame  158 
Patt 0 
-0.969632  0.224895  0.096109  132.318635  
0.147317  0.850753  -0.504497  71.928894  
-0.195224  -0.475018  -0.858048  440.577990  

Frame  158 
Patt 1 
0.969374  -0.241528  0.044480  -113.028540  
-0.179100  -0.819164  -0.544880  110.011238  
0.168040  0.520226  -0.837334  379.219665  

Frame  159 
Patt 0 
-0.965952  0.233708  0.110986  129.906590  
0.145929  0.846383  -0.512191  74.001997  
-0.213640  -0.478556  -0.851670  435.008886  

Frame  159 
Patt 1 
0.965991  -0.247873  0.073630  -113.914808  
-0.173218  -0.831733  -0.527461  113.785093  
0.191983  0.496768  -0.846383  380.731458  

Frame  160 
Patt 0 
-0.967983  0.227219  0.106678  135.797293  
0.138106  0.836966  -0.529542  78.294093  
-0.209608  -0.497855  -0.841549  430.330909  

Frame  160 
Patt 1 
0.968819  -0.238517  0.067074  -108.732546  
-0.168417  -0.832506  -0.527796  118.017378  
0.181728  0.500043  -0.846718  383.041646  

Frame  161 
Patt 0 
-0.973344  0.218599  0.069395  138.503496  
0.151318  0.839455  -0.521938  80.401329  
-0.172349  -0.497524  -0.850156  432.768454  

Frame  162 
Patt 0 
-0.972698  0.222627  0.065544  135.700984  
0.157849  0.841696  -0.516363  80.627156  
-0.170125  -0.491920  -0.853858  432.723372  

Frame  163 
Patt 0 
-0.974542  0.216259  0.059166  134.130553  
0.154320  0.838426  -0.522711  80.254899  
-0.162647  -0.500274  -0.850454  432.912737  

Frame  163 
Patt 1 
0.969324  -0.241346  0.046508  -112.875157  
-0.170185  -0.795570  -0.581468  119.861337  
0.177335  0.555716  -0.812239  382.535725  

Frame  164 
Patt 0 
-0.978187  0.202678  0.045524  131.947233  
0.153673  0.853507  -0.497906  78.348338  
-0.139769  -0.480049  -0.866035  439.732148  

Frame  164 
Patt 1 
0.973812  -0.226964  0.013286  -117.020547  
-0.176193  -0.790325  -0.586807  114.282735  
0.143685  0.569099  -0.809618  378.477442  

Frame  165 
Patt 0 
-0.973072  0.214394  0.084653  121.808277  
0.150977  0.870328  -0.468759  77.018580  
-0.174175  -0.443356  -0.879260  440.950303  

Frame  165 
Patt 1 
0.972552  -0.232664  -0.003063  -124.660131  
-0.191952  -0.794792  -0.575726  112.425512  
0.131516  0.560511  -0.817637  370.771042  

Frame  166 
Patt 0 
-0.967965  0.229957  0.100812  112.748052  
0.150918  0.853739  -0.498351  78.304123  
-0.200666  -0.467172  -0.861094  435.032033  

Frame  167 
Patt 0 
-0.967082  0.234180  0.099555  113.006912  
0.148774  0.837747  -0.525402  81.384769  
-0.206441  -0.493296  -0.845010  430.877927  

Frame  168 
Patt 0 
-0.971826  0.224613  0.071440  115.205892  
0.154055  0.834704  -0.528712  82.923272  
-0.178387  -0.502810  -0.845790  431.217335  

Frame  169 
Patt 0 
-0.973097  0.223195  0.057157  112.760432  
0.163189  0.842818  -0.512861  82.509821  
-0.162641  -0.489736  -0.856567  434.318935  

Frame  170 
Patt 0 
-0.970929  0.231473  0.060962  107.220958  
0.166269  0.835400  -0.523891  80.714465  
-0.172194  -0.498525  -0.849601  429.978944  

Frame  171 
Patt 0 
-0.969635  0.235807  0.064824  106.179303  
0.165730  0.828518  -0.534875  79.187656  
-0.179836  -0.507891  -0.842441  425.192981  

Frame  172 
Patt 0 
-0.971636  0.231660  0.047502  107.386423  
0.171006  0.827043  -0.535497  78.042700  
-0.163339  -0.512185  -0.843200  421.748753  

Frame  173 
Patt 0 
-0.973253  0.227895  0.029027  107.980523  
0.176930  0.824136  -0.538048  75.932225  
-0.146541  -0.518521  -0.842414  419.843274  

Frame  174 
Patt 0 
-0.967695  0.241982  0.070783  111.390599  
0.165027  0.820182  -0.547785  71.663587  
-0.190609  -0.518408  -0.833620  411.595058  

Frame  175 
Patt 0 
-0.975969  0.217676  0.010056  120.985416  
0.179941  0.831090  -0.526223  74.054370  
-0.122903  -0.511768  -0.850287  405.277827  

Frame  176 
Patt 0 
-0.979622  0.198208  -0.032468  122.497046  
0.187399  0.843836  -0.502814  79.945753  
-0.072264  -0.498652  -0.863785  409.057247  

Frame  177 
Patt 0 
-0.981123  0.189482  -0.038658  114.766733  
0.183555  0.849529  -0.494579  83.151454  
-0.060872  -0.492338  -0.868273  414.352502  

Frame  178 
Patt 0 
-0.982738  0.184950  -0.004502  91.534829  
0.161487  0.845685  -0.508663  79.228704  
-0.090270  -0.500610  -0.860954  415.055646  

Frame  179 
Patt 0 
-0.982738  0.184950  -0.004502  91.534829  
0.161487  0.845685  -0.508663  79.228704  
-0.090270  -0.500610  -0.860954  415.055646  

Frame  180 
Patt 0 
-0.981673  0.189226  0.022603  86.756010  
0.149749  0.839303  -0.522634  75.656230  
-0.117866  -0.509671  -0.852258  407.698841  

Frame  181 
Patt 0 
-0.982271  0.187142  0.010980  84.712858  
0.155013  0.843779  -0.513817  73.159878  
-0.105422  -0.503006  -0.857829  406.845444  

Frame  182 
Patt 0 
-0.981367  0.192144  -0.000083  80.112786  
0.165295  0.844018  -0.510207  70.216042  
-0.097963  -0.500714  -0.860051  406.294280  

Frame  183 
Patt 0 
-0.979047  0.203447  0.008737  76.753069  
0.169629  0.838539  -0.517763  66.453217  
-0.112663  -0.505432  -0.855480  401.526189  

Frame  184 
Patt 0 
-0.979665  0.199842  -0.017875  74.833035  
0.180387  0.838267  -0.514557  63.031924  
-0.087846  -0.507318  -0.857270  402.067394  

Frame  185 
Patt 0 
-0.978334  0.204671  -0.031177  68.763907  
0.192077  0.841117  -0.505597  58.562953  
-0.077257  -0.500631  -0.862206  403.896923  

Frame  186 
Patt 0 
-0.975742  0.217408  -0.025719  61.554199  
0.200014  0.837524  -0.508475  52.962767  
-0.089006  -0.501285  -0.860692  400.623606  

Frame  187 
Patt 0 
-0.971938  0.235173  -0.005526  56.707579  
0.207222  0.844828  -0.493279  47.916677  
-0.111337  -0.480582  -0.869854  395.897391  

Frame  188 
Patt 0 
-0.965351  0.260824  -0.008240  50.975644  
0.233723  0.850140  -0.471842  46.411668  
-0.116063  -0.457420  -0.881644  392.936539  

Frame  189 
Patt 0 
-0.965351  0.260824  -0.008240  50.975644  
0.233723  0.850140  -0.471842  46.411668  
-0.116063  -0.457420  -0.881644  392.936539  

Frame  190 
Patt 0 
-0.963995  0.265772  -0.008885  46.692443  
0.238635  0.849854  -0.469896  46.903660  
-0.117334  -0.455098  -0.882677  393.302444  

Frame  191 
Patt 0 
-0.963171  0.268860  -0.003994  42.615573  
0.238287  0.846573  -0.475955  47.089687  
-0.124585  -0.459378  -0.879460  391.750012  

Frame  192 
Patt 0 
-0.963503  0.267678  -0.003349  33.623712  
0.237824  0.850166  -0.469743  47.058117  
-0.122893  -0.453395  -0.882797  394.230016  

Frame  193 
Patt 0 
-0.963503  0.267678  -0.003349  33.623712  
0.237824  0.850166  -0.469743  47.058117  
-0.122893  -0.453395  -0.882797  394.230016  

Frame  194 
Patt 0 
-0.960117  0.279521  0.006573  26.124189  
0.242677  0.844780  -0.476923  45.918239  
-0.138862  -0.456307  -0.878921  392.438238  

Frame  195 
Patt 0 
-0.954647  0.297196  0.017970  22.235987  
0.250850  0.835353  -0.489142  44.458501  
-0.160383  -0.462450  -0.872019  387.230690  

Frame  196 
Patt 0 
-0.951900  0.306186  0.011665  22.044449  
0.262012  0.833123  -0.487089  44.359177  
-0.158858  -0.460604  -0.873274  385.697162  

Frame  197 
Patt 0 
-0.946850  0.320300  -0.029732  11.995045  
0.293597  0.822731  -0.486739  44.623591  
-0.131441  -0.469598  -0.873041  390.565922  

Frame  198 
Patt 0 
-0.946850  0.320300  -0.029732  11.995045  
0.293597  0.822731  -0.486739  44.623591  
-0.131441  -0.469598  -0.873041  390.565922  

Frame  199 
Patt 0 
-0.939295  0.342908  -0.011795  3.166910  
0.306557  0.823291  -0.477718  43.837013  
-0.154103  -0.452334  -0.878434  388.578126  

Frame  200 
Patt 0 
-0.932947  0.360002  0.002878  -3.049370  
0.314848  0.819755  -0.478406  44.836546  
-0.174586  -0.445421  -0.878134  386.552975  

Frame  201 
Patt 0 
-0.932101  0.362198  0.000492  -10.161665  
0.318492  0.820271  -0.475098  46.378521  
-0.172483  -0.442683  -0.879933  387.305831  

Frame  202 
Patt 0 
-0.925801  0.377390  0.021662  -16.503591  
0.320072  0.813101  -0.486232  47.602551  
-0.201112  -0.443221  -0.873561  383.875596  

Frame  203 
Patt 0 
-0.921021  0.388339  0.030219  -24.645056  
0.324022  0.806910  -0.493869  52.402172  
-0.216172  -0.445072  -0.869011  381.053431  

Frame  204 
Patt 0 
-0.921021  0.388339  0.030219  -24.645056  
0.324022  0.806910  -0.493869  52.402172  
-0.216172  -0.445072  -0.869011  381.053431  

Frame  205 
Patt 0 
-0.913479  0.405060  0.038497  -26.388202  
0.330256  0.793383  -0.511346  54.237530  
-0.237669  -0.454390  -0.858512  377.760295  

Frame  206 
Patt 0 
-0.906908  0.420501  0.026405  -24.149125  
0.348844  0.784554  -0.512623  58.489937  
-0.236275  -0.455691  -0.858207  378.041459  

Frame  207 
Patt 0 
-0.899152  0.437625  0.003144  -11.672160  
0.374830  0.773801  -0.510622  63.436053  
-0.225894  -0.457948  -0.859800  378.833018  

Frame  208 
Patt 0 
-0.899152  0.437625  0.003144  -11.672160  
0.374830  0.773801  -0.510622  63.436053  
-0.225894  -0.457948  -0.859800  378.833018  

Frame  209 
Patt 0 
-0.894887  0.446283  -0.002763  -0.708212  
0.384041  0.766896  -0.514182  65.471231  
-0.227352  -0.461196  -0.857677  379.076440  

Frame  210 
Patt 0 
-0.899984  0.432078  -0.057771  12.101487  
0.397193  0.758181  -0.517106  65.827943  
-0.179629  -0.488333  -0.853969  374.913269  

Frame  211 
Patt 0 
-0.905896  0.396053  -0.149983  15.927756  
0.411025  0.736899  -0.536692  62.966447  
-0.102036  -0.547833  -0.830342  365.789443  

Frame  212 
Patt 0 
-0.900905  0.394208  -0.181577  9.641772  
0.429608  0.750489  -0.502199  62.781311  
-0.061699  -0.530440  -0.845474  364.954448  

Frame  213 
Patt 0 
-0.894689  0.409697  -0.177987  -1.255102  
0.440276  0.741540  -0.506236  65.890753  
-0.075419  -0.531288  -0.843828  362.826826  

Frame  214 
Patt 0 
-0.889452  0.431264  -0.151282  -9.454923  
0.445153  0.742539  -0.500475  69.427322  
-0.103504  -0.512492  -0.852431  358.673153  

Frame  215 
Patt 0 
-0.884020  0.446868  -0.137175  -21.292930  
0.445718  0.717380  -0.535445  76.860547  
-0.140867  -0.534486  -0.833355  354.120521  

Frame  216 
Patt 0 
-0.884020  0.446868  -0.137175  -21.292930  
0.445718  0.717380  -0.535445  76.860547  
-0.140867  -0.534486  -0.833355  354.120521  

Frame  217 
Patt 0 
-0.876638  0.469230  -0.106440  -27.013658  
0.444975  0.706484  -0.550343  77.232980  
-0.183039  -0.529815  -0.828126  351.433841  

Frame  218 
Patt 0 
-0.875433  0.472558  -0.101518  -30.981679  
0.442056  0.697866  -0.563533  75.432200  
-0.195456  -0.538212  -0.819832  350.041400  

Frame  219 
Patt 0 
-0.872301  0.482718  -0.077940  -35.296810  
0.443459  0.713844  -0.542007  73.216827  
-0.205999  -0.507356  -0.836752  347.139007  

Frame  220 
Patt 0 
-0.870587  0.488344  -0.059988  -35.214841  
0.443307  0.725659  -0.526211  72.252464  
-0.213441  -0.484706  -0.848235  346.335200  

Frame  221 
Patt 0 
-0.875913  0.474708  -0.086195  -35.813048  
0.442608  0.719511  -0.535165  70.147785  
-0.192029  -0.506908  -0.840339  343.956452  

Frame  222 
Patt 0 
-0.875863  0.473663  -0.092236  -42.405445  
0.447162  0.724795  -0.524136  69.048256  
-0.181412  -0.500316  -0.846625  340.796762  

Frame  223 
Patt 0 
-0.871069  0.483900  -0.084136  -49.428651  
0.456896  0.735465  -0.500337  69.851553  
-0.180234  -0.474269  -0.861733  336.591042  

Frame  224 
Patt 0 
-0.864215  0.496138  -0.083543  -57.508022  
0.465817  0.726279  -0.505502  73.972712  
-0.190123  -0.475778  -0.858771  331.336866  

Frame  225 
Patt 0 
-0.854649  0.515439  -0.062434  -66.812172  
0.467650  0.711958  -0.523851  78.023088  
-0.225563  -0.476906  -0.849519  326.551201  

Frame  388 
Patt 0 
-0.870486  0.490563  -0.040024  -138.114883  
0.439736  0.738607  -0.510971  1.128815  
-0.221101  -0.462393  -0.858666  351.038981  

Frame  389 
Patt 0 
-0.870486  0.490563  -0.040024  -138.114883  
0.439736  0.738607  -0.510971  1.128815  
-0.221101  -0.462393  -0.858666  351.038981  

Frame  390 
Patt 0 
-0.888528  0.456831  -0.042697  -121.994209  
0.412065  0.753592  -0.512154  -5.055572  
-0.201792  -0.472657  -0.857832  356.867708  

Frame  391 
Patt 0 
-0.888528  0.456831  -0.042697  -121.994209  
0.412065  0.753592  -0.512154  -5.055572  
-0.201792  -0.472657  -0.857832  356.867708  

Frame  392 
Patt 0 
-0.896102  0.441916  -0.041371  -114.917531  
0.398527  0.760066  -0.513299  -7.602523  
-0.195391  -0.476456  -0.857212  358.508012  

Frame  393 
Patt 0 
-0.901807  0.431028  -0.030954  -106.992846  
0.385368  0.769727  -0.508931  -10.189833  
-0.195537  -0.470887  -0.860250  362.011730  

Frame  394 
Patt 0 
-0.912049  0.408526  -0.035686  -97.145259  
0.368061  0.777116  -0.510511  -12.050134  
-0.180825  -0.478746  -0.859130  362.704645  

Frame  395 
Patt 0 
-0.919906  0.390145  -0.039505  -89.292889  
0.353257  0.780740  -0.515416  -12.329153  
-0.170244  -0.488090  -0.856029  362.412146  

Frame  396 
Patt 0 
-0.923988  0.381066  -0.032160  -81.869468  
0.341850  0.785343  -0.516116  -11.225261  
-0.171418  -0.487879  -0.855915  365.360515  

Frame  397 
Patt 0 
-0.929999  0.365852  -0.035420  -72.911111  
0.329477  0.787041  -0.521548  -10.178110  
-0.162932  -0.496709  -0.852487  366.552841  

Frame  398 
Patt 0 
-0.933874  0.355241  -0.041026  -64.954639  
0.323030  0.788808  -0.522909  -10.065163  
-0.153397  -0.501584  -0.851400  366.877514  

Frame  399 
Patt 0 
-0.936923  0.346451  -0.046339  -56.970357  
0.318622  0.792007  -0.520774  -10.084315  
-0.143722  -0.502689  -0.852436  367.799218  

Frame  400 
Patt 0 
-0.941640  0.331441  -0.058829  -49.106272  
0.311092  0.790072  -0.528212  -9.311458  
-0.128592  -0.515687  -0.847072  365.858870  

Frame  401 
Patt 0 
-0.945462  0.319194  -0.064937  -43.785821  
0.303440  0.790595  -0.531869  -7.842921  
-0.118431  -0.522566  -0.844333  364.419523  

Frame  402 
Patt 0 
-0.947911  0.312602  -0.061194  -38.065228  
0.295687  0.792079  -0.534023  -5.723317  
-0.118466  -0.524300  -0.843252  365.785175  

Frame  403 
Patt 0 
-0.951340  0.301411  -0.064065  -32.189966  
0.287287  0.792380  -0.538144  -3.823186  
-0.111439  -0.530363  -0.840414  365.423022  

Frame  404 
Patt 0 
-0.953998  0.292150  -0.067351  -26.541847  
0.280864  0.792266  -0.541691  -1.771757  
-0.104895  -0.535689  -0.837875  365.456976  

Frame  405 
Patt 0 
-0.956470  0.284739  -0.063942  -20.885210  
0.272709  0.794070  -0.543215  0.172484  
-0.103900  -0.537006  -0.837155  366.207885  

Frame  406 
Patt 0 
-0.958977  0.275781  -0.065637  -14.286484  
0.266013  0.795394  -0.544597  1.596121  
-0.097982  -0.539716  -0.836126  366.887664  

Frame  407 
Patt 0 
-0.961888  0.263177  -0.074220  -8.281202  
0.259747  0.794588  -0.548781  2.752544  
-0.085452  -0.547145  -0.832665  365.602478  

Frame  408 
Patt 0 
-0.964802  0.250983  -0.078513  -3.016630  
0.251504  0.793404  -0.554306  4.519518  
-0.076829  -0.554542  -0.828602  364.735268  

Frame  409 
Patt 0 
-0.967624  0.240300  -0.077194  1.602469  
0.241530  0.792830  -0.559539  6.561279  
-0.073256  -0.560068  -0.825201  364.284540  

Frame  410 
Patt 0 
-0.970094  0.231951  -0.071523  6.354790  
0.231385  0.794676  -0.561205  8.486167  
-0.073334  -0.560971  -0.824581  364.878552  

Frame  411 
Patt 0 
-0.972427  0.223244  -0.067436  12.070030  
0.221873  0.796589  -0.562333  10.257170  
-0.071818  -0.561790  -0.824157  365.453822  

Frame  412 
Patt 0 
-0.975011  0.210248  -0.071753  17.575602  
0.213218  0.794945  -0.567980  11.788751  
-0.062377  -0.569086  -0.819909  364.154045  

Frame  413 
Patt 0 
-0.976612  0.203350  -0.069835  22.776656  
0.206481  0.796476  -0.568324  13.230027  
-0.059947  -0.569451  -0.819836  364.425331  

Frame  414 
Patt 0 
-0.978288  0.195988  -0.067394  29.307855  
0.199144  0.798869  -0.567582  14.309659  
-0.057400  -0.568679  -0.820554  364.898616  

Frame  415 
Patt 0 
-0.980548  0.179680  -0.078997  35.404232  
0.192168  0.796871  -0.572773  15.502962  
-0.039965  -0.576812  -0.815899  363.035066  

Frame  416 
Patt 0 
-0.982315  0.165410  -0.087735  39.182126  
0.185373  0.793182  -0.580086  17.432582  
-0.026362  -0.586090  -0.809817  361.458787  

Frame  417 
Patt 0 
-0.983838  0.160988  -0.078391  43.163968  
0.176177  0.792073  -0.584450  19.256343  
-0.031998  -0.588815  -0.807634  362.325394  

Frame  418 
Patt 0 
-0.985238  0.156452  -0.069496  48.037361  
0.167243  0.792936  -0.585903  19.863540  
-0.036560  -0.588876  -0.807396  363.422734  

Frame  419 
Patt 0 
-0.986866  0.146618  -0.067814  53.743886  
0.158331  0.794629  -0.586085  19.794532  
-0.032044  -0.589125  -0.807407  363.486416  

Frame  420 
Patt 0 
-0.989416  0.125344  -0.073108  64.484278  
0.144221  0.793853  -0.590761  19.819007  
-0.016011  -0.595052  -0.803528  362.882806  

Frame  421 
Patt 0 
-0.989416  0.125344  -0.073108  64.484278  
0.144221  0.793853  -0.590761  19.819007  
-0.016011  -0.595052  -0.803528  362.882806  

Frame  422 
Patt 0 
-0.990469  0.115689  -0.074746  69.076868  
0.137397  0.791938  -0.594942  19.288875  
-0.009634  -0.599542  -0.800285  362.541576  

Frame  423 
Patt 0 
-0.992870  0.101052  -0.063219  77.547320  
0.118826  0.797221  -0.591878  18.629912  
-0.009411  -0.595170  -0.803545  364.093536  

Frame  424 
Patt 0 
-0.992870  0.101052  -0.063219  77.547320  
0.118826  0.797221  -0.591878  18.629912  
-0.009411  -0.595170  -0.803545  364.093536  

Frame  425 
Patt 0 
-0.994063  0.091574  -0.058758  82.709712  
0.108532  0.796364  -0.595000  18.560707  
-0.007694  -0.597845  -0.801575  364.647830  

Frame  426 
Patt 0 
-0.994919  0.082470  -0.057756  87.443339  
0.100632  0.796302  -0.596470  18.276907  
-0.003200  -0.599251  -0.800555  365.235868  

Frame  427 
Patt 0 
-0.995666  0.073682  -0.056749  91.895939  
0.092994  0.797012  -0.596761  18.274173  
0.001259  -0.599452  -0.800410  366.097384  

Frame  428 
Patt 0 
-0.996512  0.067710  -0.048783  100.793921  
0.083425  0.792929  -0.603576  17.765138  
-0.002187  -0.605541  -0.795811  369.321390  

Frame  428 
Patt 1 
0.993160  -0.078007  -0.086884  -152.345602  
-0.114812  -0.787918  -0.604982  43.774744  
-0.021264  0.610819  -0.791485  375.743872  

Frame  429 
Patt 0 
-0.996512  0.067710  -0.048783  100.793921  
0.083425  0.792929  -0.603576  17.765138  
-0.002187  -0.605541  -0.795811  369.321390  

Frame  429 
Patt 1 
0.993160  -0.078007  -0.086884  -152.345602  
-0.114812  -0.787918  -0.604982  43.774744  
-0.021264  0.610819  -0.791485  375.743872  

Frame  430 
Patt 0 
-0.997006  0.057197  -0.052026  105.950658  
0.077035  0.792393  -0.605127  16.394104  
0.006614  -0.607323  -0.794427  369.978045  

Frame  430 
Patt 1 
0.993691  -0.070278  -0.087406  -147.281975  
-0.109124  -0.785794  -0.608786  40.981482  
-0.025899  0.614483  -0.788505  377.655114  

Frame  431 
Patt 0 
-0.997406  0.050248  -0.051550  109.786199  
0.071194  0.794538  -0.603026  15.025241  
0.010658  -0.605131  -0.796054  371.697036  

Frame  431 
Patt 1 
0.994668  -0.064152  -0.080746  -143.744262  
-0.100200  -0.786421  -0.609509  37.591735  
-0.024399  0.614350  -0.788656  379.032587  

Frame  432 
Patt 0 
-0.997907  0.046234  -0.045201  113.773984  
0.064152  0.795277  -0.602843  13.952608  
0.008075  -0.604481  -0.796579  373.457529  

Frame  432 
Patt 1 
0.995511  -0.058138  -0.074685  -140.318047  
-0.091424  -0.794844  -0.599887  34.988602  
-0.024486  0.604022  -0.796591  381.479144  

Frame  433 
Patt 0 
-0.997971  0.041932  -0.047905  117.077149  
0.062407  0.793139  -0.605835  12.964463  
0.012592  -0.607595  -0.794147  375.368760  

Frame  433 
Patt 1 
0.995233  -0.055283  -0.080349  -136.012197  
-0.092853  -0.789133  -0.607163  33.287957  
-0.029840  0.611729  -0.790504  380.593825  

Frame  434 
Patt 0 
-0.997976  0.045460  -0.044467  119.668277  
0.063153  0.790548  -0.609135  11.634165  
0.007462  -0.610710  -0.791819  377.714376  

Frame  434 
Patt 1 
0.995208  -0.058452  -0.078384  -133.623290  
-0.094243  -0.787050  -0.609648  32.310242  
-0.026057  0.614114  -0.788787  382.733477  

Frame  435 
Patt 0 
-0.998103  0.046745  -0.040066  123.328030  
0.061493  0.788704  -0.611690  9.718470  
0.003007  -0.612993  -0.790082  379.740038  

Frame  435 
Patt 1 
0.995321  -0.060930  -0.074992  -130.520100  
-0.094116  -0.787022  -0.609704  30.548735  
-0.021871  0.613909  -0.789074  386.413010  

Frame  436 
Patt 0 
-0.998143  0.043033  -0.043107  126.918146  
0.060425  0.788686  -0.611820  7.800460  
0.007669  -0.613289  -0.789822  381.650774  

Frame  436 
Patt 1 
0.995391  -0.058519  -0.075981  -126.551236  
-0.092892  -0.785295  -0.612113  28.232640  
-0.023847  0.616350  -0.787111  388.129189  

Frame  437 
Patt 0 
-0.998211  0.040862  -0.043655  130.069159  
0.059021  0.790403  -0.609738  6.339762  
0.009590  -0.611223  -0.791400  384.290797  

Frame  437 
Patt 1 
0.995662  -0.054779  -0.075207  -123.383586  
-0.089561  -0.783280  -0.615184  25.971417  
-0.025209  0.619251  -0.784788  390.218717  

Frame  438 
Patt 0 
-0.998551  0.034569  -0.041232  132.357684  
0.052576  0.789825  -0.611075  5.190723  
0.011442  -0.612357  -0.790498  387.190358  

Frame  438 
Patt 1 
0.996186  -0.051581  -0.070370  -120.899411  
-0.084204  -0.779617  -0.620570  23.312785  
-0.022852  0.624129  -0.780987  391.934903  

Frame  439 
Patt 0 
-0.998913  0.032061  -0.033837  134.344834  
0.046066  0.789919  -0.611479  4.530497  
0.007124  -0.612373  -0.790537  390.471376  

Frame  439 
Patt 1 
0.996845  -0.046484  -0.064336  -119.172597  
-0.076405  -0.781528  -0.619173  20.782611  
-0.021499  0.622135  -0.782614  394.868255  

Frame  440 
Patt 0 
-0.999219  0.027870  -0.028014  136.861307  
0.039191  0.789740  -0.612188  4.532146  
0.005062  -0.612808  -0.790215  393.803133  

Frame  440 
Patt 1 
0.997291  -0.040740  -0.061239  -116.669216  
-0.069951  -0.782660  -0.618506  19.192381  
-0.022732  0.621115  -0.783390  397.768233  

Frame  441 
Patt 0 
-0.999305  0.023043  -0.029298  138.847621  
0.036200  0.787246  -0.615576  4.670210  
0.008880  -0.616209  -0.787533  398.438798  

Frame  441 
Patt 1 
0.997472  -0.038428  -0.059782  -114.585795  
-0.067420  -0.777714  -0.624993  18.406748  
-0.022476  0.627443  -0.778338  399.913727  

Frame  442 
Patt 0 
-0.999389  0.021708  -0.027378  139.563665  
0.034027  0.782620  -0.621569  4.236459  
0.007934  -0.622121  -0.782881  402.904075  

Frame  442 
Patt 1 
0.997905  -0.039015  -0.051616  -114.079204  
-0.062865  -0.773399  -0.630794  17.546641  
-0.015309  0.632717  -0.774232  403.452423  

Frame  443 
Patt 0 
-0.999361  0.025801  -0.024743  140.491616  
0.035608  0.779655  -0.625196  2.879550  
0.003160  -0.625677  -0.780075  407.146796  

Frame  443 
Patt 1 
0.997748  -0.041678  -0.052547  -113.223333  
-0.065561  -0.771280  -0.633110  15.922791  
-0.014142  0.635130  -0.772276  406.994158  

Frame  444 
Patt 0 
-0.999451  0.024797  -0.021964  142.524456  
0.033092  0.777145  -0.628450  1.224618  
0.001486  -0.628832  -0.777540  410.500026  

Frame  444 
Patt 1 
0.997856  -0.041057  -0.050963  -111.315334  
-0.064039  -0.773054  -0.631099  14.367879  
-0.013486  0.633010  -0.774026  412.179501  

Frame  445 
Patt 0 
-0.999484  0.021553  -0.023829  144.548574  
0.031747  0.776647  -0.629135  0.281395  
0.004947  -0.629567  -0.776930  414.912293  

Frame  445 
Patt 1 
0.997986  -0.038933  -0.050087  -109.113897  
-0.061930  -0.769083  -0.636142  13.193814  
-0.013754  0.637962  -0.769945  415.767016  

Frame  446 
Patt 0 
-0.999434  0.022004  -0.025457  145.703852  
0.033107  0.778194  -0.627151  0.133322  
0.006011  -0.627639  -0.778482  420.685523  

Frame  446 
Patt 1 
0.998123  -0.037592  -0.048349  -108.124146  
-0.059872  -0.765077  -0.641149  12.321371  
-0.012888  0.642840  -0.765892  419.255001  

Frame  447 
Patt 0 
-0.999657  0.019373  -0.017644  146.684365  
0.026166  0.773668  -0.633050  0.667356  
0.001387  -0.633295  -0.773910  425.107851  

Frame  447 
Patt 1 
0.998408  -0.034361  -0.044727  -107.147364  
-0.055110  -0.763078  -0.643952  11.908788  
-0.012004  0.645392  -0.763757  424.759830  

Frame  448 
Patt 0 
-0.999815  0.013694  -0.013533  147.508599  
0.019184  0.768034  -0.640122  1.301268  
0.001628  -0.640263  -0.768154  430.132612  

Frame  448 
Patt 1 
0.998533  -0.031130  -0.044311  -106.072430  
-0.052507  -0.756790  -0.651546  11.561423  
-0.013251  0.652916  -0.757314  428.394304  

Frame  449 
Patt 0 
-0.999831  0.014621  -0.011117  148.178413  
0.018344  0.764199  -0.644720  1.978830  
-0.000931  -0.644815  -0.764338  435.898380  

Frame  449 
Patt 1 
0.998701  -0.031540  -0.040015  -105.632574  
-0.050037  -0.755184  -0.653600  11.451548  
-0.009605  0.654753  -0.755782  433.347737  

Frame  450 
Patt 0 
-0.999788  0.016068  -0.012855  149.110922  
0.020568  0.761027  -0.648395  2.302848  
-0.000635  -0.648522  -0.761196  441.173713  

Frame  450 
Patt 1 
0.998822  -0.030238  -0.037953  -104.900953  
-0.047756  -0.751256  -0.658281  11.581983  
-0.008607  0.659318  -0.751815  438.730831  

Frame  451 
Patt 0 
-0.999814  0.013971  -0.013303  149.716914  
0.019274  0.752827  -0.657936  1.949211  
0.000823  -0.658070  -0.752956  446.029955  

Frame  451 
Patt 1 
0.998740  -0.033099  -0.037715  -104.271431  
-0.049796  -0.746495  -0.663525  11.826086  
-0.006192  0.664567  -0.747203  443.776734  

Frame  452 
Patt 0 
-0.999700  0.016238  -0.018320  150.127912  
0.024300  0.749034  -0.662086  0.998600  
0.002971  -0.662332  -0.749204  451.181963  

Frame  452 
Patt 1 
0.998356  -0.032134  -0.047468  -103.856048  
-0.055672  -0.740774  -0.669444  11.707199  
-0.013651  0.670986  -0.741345  447.499833  

Frame  453 
Patt 0 
-0.999546  0.021049  -0.021545  149.988951  
0.030044  0.747660  -0.663402  -0.624979  
0.002144  -0.663748  -0.747953  457.017364  

Frame  453 
Patt 1 
0.998301  -0.036516  -0.045400  -104.347328  
-0.057588  -0.736670  -0.673796  10.881258  
-0.008841  0.675266  -0.737522  452.336432  

Frame  454 
Patt 0 
-0.999571  0.022272  -0.019029  150.173018  
0.029286  0.744541  -0.666934  -2.249545  
-0.000686  -0.667205  -0.744873  460.146050  

Frame  454 
Patt 1 
0.998327  -0.037058  -0.044384  -103.706354  
-0.057312  -0.735827  -0.674740  9.443437  
-0.007654  0.676155  -0.736720  456.639387  

Frame  455 
Patt 0 
-0.999622  0.019831  -0.019052  150.635230  
0.027487  0.741712  -0.670155  -3.563358  
0.000841  -0.670425  -0.741977  464.393911  

Frame  455 
Patt 1 
0.998341  -0.037069  -0.044048  -103.273892  
-0.057125  -0.732841  -0.677998  8.371935  
-0.007148  0.679390  -0.733743  460.723261  

Frame  456 
Patt 0 
-0.999520  0.020525  -0.023185  149.764570  
0.030774  0.741429  -0.670326  -4.599444  
0.003432  -0.670718  -0.741705  470.879405  

Frame  456 
Patt 1 
0.998165  -0.036895  -0.048018  -104.677949  
-0.059754  -0.728675  -0.682248  7.839845  
-0.009818  0.683865  -0.729542  464.080442  

Frame  457 
Patt 0 
-0.999374  0.026961  -0.022918  147.184087  
0.035363  0.738012  -0.673860  -6.142012  
-0.001254  -0.674249  -0.738503  476.435191  

Frame  457 
Patt 1 
0.998010  -0.043142  -0.045988  -107.076502  
-0.062935  -0.726729  -0.684036  6.875853  
-0.003910  0.685569  -0.727997  467.398527  

Frame  458 
Patt 0 
-0.999171  0.036191  -0.018619  146.018028  
0.039224  0.734231  -0.677766  -7.392507  
-0.010858  -0.677935  -0.735042  479.811748  

Frame  458 
Patt 1 
0.997960  -0.050495  -0.039069  -108.069131  
-0.063550  -0.726882  -0.683816  6.133618  
0.006131  0.684904  -0.728608  472.906471  

Frame  459 
Patt 0 
-0.999194  0.035194  -0.019301  147.029861  
0.038913  0.731422  -0.680814  -8.594693  
-0.009844  -0.681016  -0.732202  483.740635  

Frame  459 
Patt 1 
0.997873  -0.051010  -0.040586  -107.154293  
-0.064935  -0.723185  -0.687595  5.467357  
0.005723  0.688768  -0.724959  477.406633  

Frame  460 
Patt 0 
-0.999022  0.038013  -0.022573  146.527053  
0.043181  0.729447  -0.682673  -10.222377  
-0.009485  -0.682980  -0.730376  488.000645  

Frame  460 
Patt 1 
0.997668  -0.052845  -0.043198  -107.595091  
-0.068040  -0.719893  -0.690742  4.291838  
0.005404  0.692071  -0.721810  480.567285  

Frame  461 
Patt 0 
-0.999199  0.034962  -0.019444  148.906295  
0.038790  0.727848  -0.684641  -12.628292  
-0.009784  -0.684847  -0.728621  494.470369  

Frame  461 
Patt 1 
0.997982  -0.050658  -0.038285  -105.142424  
-0.063031  -0.717319  -0.693888  0.756561  
0.007688  0.694901  -0.719064  486.946084  

Frame  462 
Patt 0 
-0.999199  0.034962  -0.019444  148.906295  
0.038790  0.727848  -0.684641  -12.628292  
-0.009784  -0.684847  -0.728621  494.470369  

Frame  462 
Patt 1 
0.997982  -0.050658  -0.038285  -105.142424  
-0.063031  -0.717319  -0.693888  0.756561  
0.007688  0.694901  -0.719064  486.946084  

Frame  463 
Patt 0 
-0.999497  0.031306  -0.005119  147.819998  
0.026157  0.722044  -0.691353  -13.149710  
-0.017947  -0.691139  -0.722499  499.079975  

Frame  463 
Patt 1 
0.998272  -0.048554  -0.033105  -105.767316  
-0.057902  -0.716421  -0.695261  -1.001105  
0.010041  0.695976  -0.717994  492.015154  

Frame  464 
Patt 0 
-0.999497  0.031306  -0.005119  147.819998  
0.026157  0.722044  -0.691353  -13.149710  
-0.017947  -0.691139  -0.722499  499.079975  

Frame  464 
Patt 1 
0.998272  -0.048554  -0.033105  -105.767316  
-0.057902  -0.716421  -0.695261  -1.001105  
0.010041  0.695976  -0.717994  492.015154  

Frame  465 
Patt 0 
-0.999238  0.037346  -0.011371  148.064751  
0.034888  0.723573  -0.689365  -14.049264  
-0.017518  -0.689237  -0.724324  504.133523  

Frame  465 
Patt 1 
0.998044  -0.051317  -0.035711  -106.128775  
-0.061690  -0.715624  -0.695756  -1.306529  
0.010149  0.696598  -0.717390  494.442636  

Frame  466 
Patt 0 
-0.999063  0.042197  -0.009656  148.244588  
0.037156  0.721492  -0.691426  -15.359420  
-0.022210  -0.691136  -0.722383  505.348371  

Frame  466 
Patt 1 
0.997813  -0.056979  -0.033498  -105.715259  
-0.064201  -0.715007  -0.696164  -1.812940  
0.015716  0.696792  -0.717101  497.155096  

Frame  467 
Patt 0 
-0.998833  0.046944  -0.011339  150.695164  
0.041770  0.721902  -0.690733  -16.807716  
-0.024241  -0.690401  -0.723021  507.248257  

Frame  467 
Patt 1 
0.997626  -0.062347  -0.029241  -103.837639  
-0.065130  -0.716355  -0.694689  -2.330759  
0.022364  0.694945  -0.718715  501.858034  

Frame  468 
Patt 0 
-0.999165  0.038586  -0.013430  156.860349  
0.037139  0.720790  -0.692158  -17.631152  
-0.017028  -0.692079  -0.721621  508.794988  

Frame  468 
Patt 1 
0.997633  -0.058972  -0.035377  -96.728397  
-0.066833  -0.710219  -0.700801  -3.538704  
0.016202  0.701506  -0.712479  501.735343  

Frame  469 
Patt 0 
-0.999165  0.038586  -0.013430  156.860349  
0.037139  0.720790  -0.692158  -17.631152  
-0.017028  -0.692079  -0.721621  508.794988  

Frame  469 
Patt 1 
0.997633  -0.058972  -0.035377  -96.728397  
-0.066833  -0.710219  -0.700801  -3.538704  
0.016202  0.701506  -0.712479  501.735343  

Frame  470 
Patt 0 
-0.999059  0.040611  -0.015207  158.762448  
0.039912  0.723989  -0.688656  -16.740620  
-0.016957  -0.688615  -0.724929  511.720643  

Frame  470 
Patt 1 
0.997971  -0.053646  -0.034288  -95.193663  
-0.062277  -0.710600  -0.700835  -3.623737  
0.013232  0.701549  -0.712499  502.496577  

Frame  471 
Patt 0 
-0.999489  0.031385  0.006042  164.970916  
0.018344  0.718115  -0.695682  -12.980370  
-0.026173  -0.695216  -0.718324  511.939647  

Frame  471 
Patt 1 
0.998845  -0.037144  -0.030464  -89.538307  
-0.047846  -0.712528  -0.700010  -3.485385  
0.004294  0.700660  -0.713483  507.341131  

Frame  472 
Patt 0 
-0.999489  0.031385  0.006042  164.970916  
0.018344  0.718115  -0.695682  -12.980370  
-0.026173  -0.695216  -0.718324  511.939647  

Frame  472 
Patt 1 
0.998845  -0.037144  -0.030464  -89.538307  
-0.047846  -0.712528  -0.700010  -3.485385  
0.004294  0.700660  -0.713483  507.341131  

Frame  473 
Patt 0 
-0.999630  0.024189  0.012471  175.269943  
0.008693  0.718053  -0.695934  -11.010097  
-0.025788  -0.695567  -0.717998  511.666752  

Frame  473 
Patt 1 
0.999198  -0.036794  -0.015820  -79.354705  
-0.037349  -0.713360  -0.699802  -4.024567  
0.014463  0.699831  -0.714162  509.966384  

Frame  474 
Patt 0 
-0.999630  0.024189  0.012471  175.269943  
0.008693  0.718053  -0.695934  -11.010097  
-0.025788  -0.695567  -0.717998  511.666752  

Frame  474 
Patt 1 
0.999198  -0.036794  -0.015820  -79.354705  
-0.037349  -0.713360  -0.699802  -4.024567  
0.014463  0.699831  -0.714162  509.966384  

Frame  475 
Patt 0 
-0.999795  0.020141  -0.001936  183.187619  
0.015847  0.719948  -0.693847  -10.401117  
-0.012581  -0.693736  -0.720119  513.952276  

Frame  475 
Patt 1 
0.999405  -0.024087  -0.024700  -73.265341  
-0.034485  -0.718252  -0.694928  -3.749288  
-0.001002  0.695366  -0.718655  513.708314  

Frame  476 
Patt 0 
-0.999875  0.014814  -0.005491  189.674697  
0.014470  0.719192  -0.694661  -10.136708  
-0.006341  -0.694654  -0.719316  512.953261  

Frame  476 
Patt 1 
0.999248  -0.019330  -0.033616  -66.739486  
-0.037263  -0.718589  -0.694436  -3.682342  
-0.010732  0.695166  -0.718769  514.310866  

Frame  477 
Patt 0 
-0.999947  0.003237  0.009742  193.869411  
-0.004527  0.712695  -0.701459  -9.381630  
-0.009214  -0.701466  -0.712643  505.965015  

Frame  477 
Patt 1 
0.999406  -0.013191  -0.031853  -59.534363  
-0.031750  -0.712271  -0.701186  -3.880650  
-0.013439  0.701780  -0.712267  510.400076  

Frame  478 
Patt 0 
-0.999998  0.000900  0.001731  200.480204  
-0.000562  0.716940  -0.697135  -7.786894  
-0.001869  -0.697134  -0.716938  507.448240  

Frame  478 
Patt 1 
0.999630  -0.007952  -0.026022  -53.771451  
-0.023897  -0.713933  -0.699806  -3.726564  
-0.013013  0.700169  -0.713859  511.406889  

Frame  479 
Patt 0 
-0.999973  -0.007137  0.001982  207.814166  
-0.006495  0.716125  -0.697942  -6.091462  
0.003561  -0.697936  -0.716151  506.037621  

Frame  479 
Patt 1 
0.999544  0.000530  -0.030190  -46.477993  
-0.020771  -0.713622  -0.700223  -3.453912  
-0.021916  0.700530  -0.713286  512.720142  

Frame  480 
Patt 1 
0.999492  0.011006  -0.029923  -40.010596  
