Frame  50 
Patt 0 
-0.962795  0.246593  0.110529  212.122398  
0.126523  0.772769  -0.621949  62.092274  
-0.238782  -0.584825  -0.775218  513.500116  

Frame  50 
Patt 1 
0.959144  -0.278768  0.048275  -148.949895  
-0.180578  -0.734571  -0.654062  116.345159  
0.217793  0.618622  -0.754899  406.538694  

Frame  51 
Patt 0 
-0.962006  0.249790  0.110224  210.658596  
0.128472  0.770360  -0.624532  61.380651  
-0.240914  -0.586643  -0.773182  513.212356  

Frame  51 
Patt 1 
0.959761  -0.277459  0.043305  -150.120736  
-0.184122  -0.738190  -0.648980  116.906398  
0.212033  0.614892  -0.759572  408.621653  

Frame  52 
Patt 0 
-0.962100  0.249925  0.109090  210.141691  
0.129275  0.770244  -0.624509  61.307156  
-0.240106  -0.586738  -0.773361  513.599749  

Frame  52 
Patt 1 
0.959370  -0.278705  0.043971  -150.512056  
-0.184581  -0.737810  -0.649282  117.144057  
0.213401  0.614785  -0.759276  409.417346  

Frame  53 
Patt 0 
-0.962605  0.250098  0.104129  210.317117  
0.133091  0.771362  -0.622324  61.056068  
-0.235963  -0.585193  -0.775803  515.764065  

Frame  53 
Patt 1 
0.957661  -0.283490  0.050185  -151.276556  
-0.184551  -0.738280  -0.648756  117.429510  
0.220966  0.612027  -0.759340  410.335151  

Frame  54 
Patt 0 
-0.961677  0.253763  0.103839  208.081413  
0.136358  0.771197  -0.621821  59.843302  
-0.237875  -0.583832  -0.776245  517.473464  

Frame  54 
Patt 1 
0.958168  -0.284138  0.034350  -152.233998  
-0.192240  -0.727846  -0.658243  116.807019  
0.212033  0.624104  -0.752022  406.703777  

Frame  55 
Patt 0 
-0.959786  0.260688  0.104179  205.374412  
0.142389  0.771864  -0.619639  59.344187  
-0.241944  -0.579886  -0.777943  518.941035  

Frame  55 
Patt 1 
0.956765  -0.288946  0.033333  -154.685596  
-0.199129  -0.734234  -0.649036  118.556077  
0.212010  0.614338  -0.760027  407.834470  

Frame  56 
Patt 0 
-0.958388  0.266315  0.102806  202.438722  
0.146598  0.768159  -0.623250  59.934230  
-0.244952  -0.582244  -0.775236  519.350570  

Frame  56 
Patt 1 
0.954876  -0.295665  0.028178  -155.943210  
-0.204972  -0.724674  -0.657901  120.223293  
0.214939  0.622438  -0.752577  405.032913  

Frame  57 
Patt 0 
-0.957635  0.270473  0.098893  199.927960  
0.151543  0.765288  -0.625594  60.940406  
-0.244888  -0.584105  -0.773855  522.520841  

Frame  57 
Patt 1 
0.955014  -0.296483  0.006757  -157.772626  
-0.216251  -0.711803  -0.668260  121.855014  
0.202938  0.636737  -0.743897  401.495560  

Frame  58 
Patt 0 
-0.952151  0.290020  0.096418  190.265647  
0.165306  0.754044  -0.635682  60.145072  
-0.257064  -0.589327  -0.765906  524.172194  

Frame  58 
Patt 1 
0.947986  -0.318302  0.002355  -163.367753  
-0.232978  -0.698871  -0.676240  125.563717  
0.216894  0.640518  -0.736678  397.471475  

Frame  59 
Patt 0 
-0.952151  0.290020  0.096418  190.265647  
0.165306  0.754044  -0.635682  60.145072  
-0.257064  -0.589327  -0.765906  524.172194  

Frame  59 
Patt 1 
0.947986  -0.318302  0.002355  -163.367753  
-0.232978  -0.698871  -0.676240  125.563717  
0.216894  0.640518  -0.736678  397.471475  

Frame  60 
Patt 0 
-0.949516  0.299945  0.091936  187.580244  
0.174633  0.748800  -0.639376  58.542465  
-0.260619  -0.591043  -0.763378  524.618028  

Frame  60 
Patt 1 
0.944184  -0.329411  0.002352  -164.936800  
-0.240519  -0.694238  -0.678369  127.354121  
0.225095  0.639939  -0.734717  397.759192  

Frame  61 
Patt 0 
-0.948992  0.303929  0.083910  185.279865  
0.182410  0.746291  -0.640138  56.157882  
-0.257177  -0.592181  -0.763664  526.219915  

Frame  61 
Patt 1 
0.941170  -0.337932  0.001249  -166.717618  
-0.245612  -0.686581  -0.684311  127.350550  
0.232108  0.643746  -0.729189  397.085956  

Frame  62 
Patt 0 
-0.946826  0.310436  0.084552  182.281589  
0.188094  0.747275  -0.637339  53.351230  
-0.261037  -0.587545  -0.765931  526.571046  

Frame  62 
Patt 1 
0.940025  -0.341093  -0.002830  -168.503911  
-0.250730  -0.685321  -0.683718  126.290181  
0.231272  0.643422  -0.729741  396.663909  

Frame  63 
Patt 0 
-0.944169  0.316789  0.090499  180.330058  
0.189240  0.746315  -0.638124  50.754297  
-0.269691  -0.585371  -0.764596  524.103213  

Frame  63 
Patt 1 
0.937518  -0.347788  0.010175  -169.793417  
-0.250133  -0.694025  -0.675102  126.171858  
0.241854  0.630375  -0.737655  400.034879  

Frame  64 
Patt 0 
-0.944693  0.316413  0.086245  181.382422  
0.192255  0.747358  -0.635999  48.760890  
-0.265694  -0.584242  -0.766855  524.084948  

Frame  64 
Patt 1 
0.937504  -0.347835  0.009880  -169.351075  
-0.250989  -0.695600  -0.673160  125.448347  
0.241021  0.628610  -0.739431  402.265563  

Frame  65 
Patt 0 
-0.944967  0.316600  0.082470  181.763793  
0.195435  0.748415  -0.633783  46.658848  
-0.262378  -0.582786  -0.769102  524.515026  

Frame  65 
Patt 1 
0.938296  -0.345783  0.005868  -169.259620  
-0.252611  -0.696863  -0.671244  124.199188  
0.236194  0.628344  -0.741213  403.060618  

Frame  66 
Patt 0 
-0.944722  0.316668  0.084982  181.063604  
0.195063  0.751173  -0.630626  45.120610  
-0.263535  -0.579189  -0.771420  523.958537  

Frame  66 
Patt 1 
0.937825  -0.346973  0.009728  -169.738644  
-0.252719  -0.701745  -0.666098  123.617906  
0.237945  0.622225  -0.745801  404.491541  

Frame  67 
Patt 0 
-0.944967  0.316685  0.082144  181.610727  
0.196781  0.750749  -0.630597  44.493430  
-0.261370  -0.579729  -0.771751  524.511570  

Frame  67 
Patt 1 
0.938358  -0.345634  0.004669  -169.394670  
-0.254897  -0.701016  -0.666036  123.257641  
0.233478  0.623790  -0.745905  405.253753  

Frame  68 
Patt 0 
-0.946058  0.315142  0.075230  181.220625  
0.200545  0.751946  -0.627980  43.378319  
-0.254472  -0.579019  -0.774585  527.639012  

Frame  68 
Patt 1 
0.938278  -0.345862  -0.003827  -170.036871  
-0.259266  -0.695945  -0.669658  122.407454  
0.228946  0.629318  -0.742660  404.025555  

Frame  69 
Patt 0 
-0.943341  0.321798  0.080951  178.289089  
0.203067  0.752797  -0.626148  42.375089  
-0.262433  -0.574233  -0.775491  527.505102  

Frame  69 
Patt 1 
0.936732  -0.350046  -0.001313  -171.618900  
-0.262301  -0.699430  -0.664828  122.815627  
0.231802  0.623109  -0.746996  404.471125  

Frame  70 
Patt 0 
-0.943296  0.322392  0.079094  177.413890  
0.204468  0.751997  -0.626653  43.219308  
-0.261506  -0.574947  -0.775274  528.591142  

Frame  70 
Patt 1 
0.936794  -0.349828  -0.006186  -172.175030  
-0.264039  -0.695242  -0.668522  123.601124  
0.229567  0.627900  -0.743667  404.047204  

Frame  71 
Patt 0 
-0.942880  0.323832  0.078167  174.946464  
0.205895  0.750945  -0.627446  44.133301  
-0.261887  -0.575512  -0.774727  531.851018  

Frame  71 
Patt 1 
0.936058  -0.351601  -0.013148  -174.157556  
-0.268014  -0.688318  -0.674082  124.191525  
0.227958  0.634504  -0.738539  401.951978  

Frame  72 
Patt 0 
-0.941123  0.328643  0.079257  171.191969  
0.207192  0.745967  -0.632933  44.139565  
-0.267132  -0.579246  -0.770139  532.400753  

Frame  72 
Patt 1 
0.933745  -0.357576  -0.016123  -175.838402  
-0.273205  -0.682876  -0.677524  125.134956  
0.231256  0.637039  -0.735324  400.415014  

Frame  73 
Patt 0 
-0.939040  0.335474  0.075235  168.427256  
0.214616  0.742930  -0.634031  43.508192  
-0.268595  -0.579234  -0.769639  534.521260  

Frame  73 
Patt 1 
0.931207  -0.363844  -0.021691  -177.277935  
-0.279964  -0.675883  -0.681764  125.987101  
0.233396  0.640936  -0.731251  399.408407  

Frame  74 
Patt 0 
-0.936538  0.342454  0.074982  165.518433  
0.219890  0.740422  -0.635156  42.477703  
-0.273030  -0.578360  -0.768736  535.161026  

Frame  75 
Patt 0 
-0.935350  0.345638  0.075193  163.637710  
0.221695  0.738475  -0.636793  41.799429  
-0.275629  -0.578955  -0.767359  535.251703  

Frame  76 
Patt 0 
-0.935781  0.345684  0.069403  162.279938  
0.224707  0.736408  -0.638130  40.097441  
-0.271701  -0.581554  -0.766795  537.867950  

Frame  77 
Patt 0 
-0.935781  0.345684  0.069403  162.279938  
0.224707  0.736408  -0.638130  40.097441  
-0.271701  -0.581554  -0.766795  537.867950  

Frame  78 
Patt 0 
-0.934741  0.348069  0.071469  160.593057  
0.226265  0.738138  -0.635576  38.603474  
-0.273978  -0.577928  -0.768723  538.757468  

Frame  79 
Patt 0 
-0.934233  0.348972  0.073673  159.152712  
0.226175  0.739376  -0.634167  37.444477  
-0.275779  -0.575797  -0.769678  539.429118  

Frame  80 
Patt 0 
-0.933834  0.350065  0.073537  158.329103  
0.227185  0.739219  -0.633989  36.981407  
-0.276297  -0.575334  -0.769838  539.606731  

Frame  81 
Patt 0 
-0.933932  0.350288  0.071202  156.500682  
0.228886  0.739039  -0.633587  36.579975  
-0.274559  -0.575430  -0.770388  542.151700  

Frame  82 
Patt 0 
-0.931362  0.356397  0.074475  151.873500  
0.232013  0.738585  -0.632979  35.818886  
-0.280597  -0.572253  -0.770579  543.411647  

Frame  83 
Patt 0 
-0.928022  0.365200  0.073516  147.981532  
0.238654  0.734363  -0.635417  35.325351  
-0.286042  -0.572136  -0.768661  543.653498  

Frame  84 
Patt 0 
-0.924413  0.374574  0.071800  143.762040  
0.246810  0.731040  -0.636133  34.999585  
-0.290767  -0.570329  -0.768231  546.136053  

Frame  85 
Patt 0 
-0.920567  0.384607  0.068066  138.166360  
0.256690  0.727085  -0.636755  34.822889  
-0.294390  -0.568704  -0.768056  547.458628  

Frame  86 
Patt 0 
-0.916549  0.394861  0.063417  132.437443  
0.265373  0.719126  -0.642211  34.191524  
-0.299190  -0.571789  -0.763900  547.571821  

Frame  87 
Patt 0 
-0.910804  0.408120  0.062245  127.486524  
0.274667  0.711601  -0.646670  32.976230  
-0.308212  -0.571893  -0.760226  546.841454  

Frame  88 
Patt 0 
-0.907190  0.416863  0.056839  123.460546  
0.284150  0.706720  -0.647924  31.466618  
-0.310265  -0.571639  -0.759582  547.883512  

Frame  89 
Patt 0 
-0.900764  0.431271  0.051284  116.811934  
0.297927  0.699500  -0.649568  26.415302  
-0.316013  -0.569829  -0.758572  546.746378  

Frame  90 
Patt 0 
-0.898270  0.436208  0.053228  115.701755  
0.301560  0.699988  -0.647363  23.773448  
-0.319644  -0.565456  -0.760321  545.319591  

Frame  91 
Patt 0 
-0.898270  0.436208  0.053228  115.701755  
0.301560  0.699988  -0.647363  23.773448  
-0.319644  -0.565456  -0.760321  545.319591  

Frame  92 
Patt 0 
-0.898218  0.436794  0.049143  114.890772  
0.306015  0.701678  -0.643431  21.510270  
-0.315529  -0.562903  -0.763925  545.734869  

Frame  93 
Patt 0 
-0.897239  0.438849  0.048726  113.447122  
0.309177  0.703208  -0.640240  19.558469  
-0.315233  -0.559384  -0.766628  546.021351  

Frame  94 
Patt 0 
-0.895100  0.442940  0.051003  111.641802  
0.311484  0.703062  -0.639282  18.086078  
-0.319021  -0.556335  -0.767279  545.253472  

Frame  95 
Patt 0 
-0.894416  0.444586  0.048616  109.538916  
0.315065  0.703506  -0.637035  17.426425  
-0.317418  -0.554457  -0.769300  546.517447  

Frame  96 
Patt 0 
-0.891008  0.451138  0.050793  106.385125  
0.319107  0.701935  -0.636756  17.633758  
-0.322918  -0.551146  -0.769390  546.754830  

Frame  97 
Patt 0 
-0.888700  0.455733  0.050202  104.242371  
0.322671  0.699468  -0.637673  18.735381  
-0.325724  -0.550501  -0.768669  547.601465  

Frame  98 
Patt 0 
-0.885489  0.462102  0.048683  101.757923  
0.326817  0.693855  -0.641682  19.669857  
-0.330301  -0.552292  -0.765425  547.906527  

Frame  99 
Patt 0 
-0.883622  0.465613  0.049161  99.892929  
0.327215  0.689229  -0.646447  20.568767  
-0.334877  -0.555128  -0.761374  547.064961  

Frame  100 
Patt 0 
-0.882940  0.467174  0.046534  99.016832  
0.329570  0.687344  -0.647257  20.851465  
-0.334366  -0.556153  -0.760850  547.567784  

Frame  101 
Patt 0 
-0.880998  0.470562  0.049136  98.827040  
0.329203  0.684286  -0.650675  20.304753  
-0.339806  -0.557068  -0.757765  547.015654  

Frame  102 
Patt 0 
-0.881074  0.470493  0.048433  99.469444  
0.330112  0.685041  -0.649418  19.354366  
-0.338725  -0.556197  -0.758887  546.369456  

Frame  103 
Patt 0 
-0.881827  0.469021  0.048989  100.938677  
0.329145  0.686555  -0.648310  18.354306  
-0.337705  -0.555573  -0.759799  545.842528  

Frame  104 
Patt 0 
-0.883969  0.465130  0.047453  103.370231  
0.328863  0.690701  -0.644036  17.200656  
-0.332336  -0.553702  -0.763522  546.023993  

Frame  105 
Patt 0 
-0.889203  0.454783  0.049894  110.353319  
0.322057  0.699663  -0.637770  14.343164  
-0.324956  -0.551038  -0.768609  544.279999  

Frame  106 
Patt 0 
-0.889203  0.454783  0.049894  110.353319  
0.322057  0.699663  -0.637770  14.343164  
-0.324956  -0.551038  -0.768609  544.279999  

Frame  107 
Patt 0 
-0.891817  0.448780  0.057080  114.695362  
0.315490  0.707390  -0.632507  13.022765  
-0.324235  -0.546073  -0.772448  543.568821  

Frame  108 
Patt 0 
-0.898069  0.435809  0.059516  120.910945  
0.306079  0.716361  -0.627011  12.459212  
-0.315892  -0.544883  -0.776733  542.573863  

Frame  109 
Patt 0 
-0.903925  0.421716  0.071235  129.235340  
0.290589  0.727791  -0.621191  12.508836  
-0.313811  -0.540810  -0.780415  541.824316  

Frame  110 
Patt 0 
-0.914000  0.399357  0.071536  138.750470  
0.274911  0.739297  -0.614707  11.680233  
-0.298374  -0.542176  -0.785505  538.413824  

Frame  111 
Patt 0 
-0.924277  0.376208  0.064659  146.647906  
0.263218  0.750803  -0.605814  8.608498  
-0.276458  -0.542921  -0.792974  536.590749  

Frame  112 
Patt 0 
-0.932557  0.355249  0.064317  153.037036  
0.250570  0.765145  -0.593100  4.608856  
-0.259910  -0.536984  -0.802556  533.013000  

Frame  113 
Patt 0 
-0.938903  0.337169  0.069124  159.653927  
0.237672  0.780405  -0.578343  1.615722  
-0.248944  -0.526579  -0.812860  528.260185  

Frame  113 
Patt 1 
0.930684  -0.365123  0.022653  -193.761016  
-0.279197  -0.748947  -0.600939  100.343956  
0.236382  0.552960  -0.798974  438.192083  

Frame  114 
Patt 0 
-0.947092  0.314509  0.064045  166.514932  
0.224818  0.792459  -0.566980  0.477926  
-0.229073  -0.522583  -0.821238  523.848897  

Frame  114 
Patt 1 
0.939389  -0.342266  0.020054  -189.678312  
-0.265487  -0.763178  -0.589132  94.211321  
0.216945  0.548100  -0.807788  440.789295  

Frame  115 
Patt 0 
-0.955159  0.290209  0.058727  171.000747  
0.210596  0.805283  -0.554228  0.611855  
-0.208134  -0.517009  -0.830290  521.986475  

Frame  115 
Patt 1 
0.945689  -0.324280  0.022695  -187.834180  
-0.251752  -0.774765  -0.579965  88.923390  
0.205654  0.542753  -0.814325  441.594192  

Frame  116 
Patt 0 
-0.959318  0.275478  0.061809  174.293634  
0.198211  0.813063  -0.547394  1.106221  
-0.201050  -0.512874  -0.834589  519.709344  

Frame  116 
Patt 1 
0.951117  -0.307991  0.022785  -186.105375  
-0.241663  -0.788162  -0.566038  85.131905  
0.192293  0.532862  -0.824064  442.842597  

Frame  117 
Patt 0 
-0.962357  0.263605  0.066198  177.852781  
0.186545  0.817762  -0.544487  2.236822  
-0.197664  -0.511641  -0.836153  517.358528  

Frame  117 
Patt 1 
0.955130  -0.295390  0.021697  -183.833226  
-0.234358  -0.798515  -0.554481  82.888177  
0.181114  0.524517  -0.831913  444.673837  

Frame  118 
Patt 0 
-0.966148  0.250664  0.061032  181.154001  
0.179131  0.822043  -0.540516  4.111192  
-0.185659  -0.511286  -0.839117  516.080558  

Frame  118 
Patt 1 
0.959207  -0.282192  0.017029  -181.243407  
-0.225762  -0.800865  -0.554659  81.522343  
0.170158  0.528188  -0.831904  444.690218  

Frame  119 
Patt 0 
-0.968711  0.241129  0.058778  183.478833  
0.173461  0.827160  -0.534526  7.225855  
-0.177509  -0.507605  -0.843106  516.715131  

Frame  119 
Patt 1 
0.962158  -0.272083  0.014920  -180.489291  
-0.219297  -0.805666  -0.550282  81.708211  
0.161743  0.526187  -0.834845  445.584190  

Frame  120 
Patt 0 
-0.970630  0.233223  0.059023  184.908507  
0.166425  0.828104  -0.535301  11.670339  
-0.173722  -0.509757  -0.842597  517.190773  

Frame  120 
Patt 1 
0.965633  -0.259911  0.000047  -178.730598  
-0.215614  -0.801159  -0.558260  83.011584  
0.145136  0.539064  -0.829666  443.473648  

Frame  121 
Patt 0 
-0.972364  0.226094  0.058215  186.043229  
0.159199  0.824489  -0.543023  17.123688  
-0.170772  -0.518748  -0.837698  517.050683  

Frame  121 
Patt 1 
0.966692  -0.255931  0.002369  -178.019401  
-0.209134  -0.795202  -0.569137  85.774876  
0.147544  0.549685  -0.822239  442.778884  

Frame  122 
Patt 0 
-0.973040  0.222929  0.059131  185.967359  
0.155966  0.824885  -0.543360  21.489955  
-0.169907  -0.519488  -0.837415  518.848765  

Frame  122 
Patt 1 
0.968090  -0.250600  -0.001320  -179.016802  
-0.206476  -0.794625  -0.570910  88.564170  
0.142021  0.552965  -0.821011  443.312454  

Frame  123 
Patt 0 
-0.972938  0.222801  0.061250  184.416651  
0.152967  0.819721  -0.551959  24.496527  
-0.173185  -0.527653  -0.831619  518.710982  

Frame  123 
Patt 1 
0.966171  -0.257326  0.017241  -180.959342  
-0.202348  -0.797802  -0.567949  91.433542  
0.159903  0.545247  -0.822883  445.218320  

Frame  124 
Patt 0 
-0.972604  0.223592  0.063632  184.120473  
0.151419  0.817003  -0.556397  27.259459  
-0.176394  -0.531519  -0.828476  517.984590  

Frame  124 
Patt 1 
0.966544  -0.255888  0.017737  -180.977501  
-0.199933  -0.794898  -0.572856  93.412113  
0.160686  0.550144  -0.819464  445.366881  

Frame  125 
Patt 0 
-0.973491  0.220468  0.060907  185.021629  
0.149555  0.815021  -0.559798  29.325035  
-0.173058  -0.535849  -0.826388  518.396936  

Frame  125 
Patt 1 
0.968335  -0.249589  0.005703  -179.837000  
-0.199221  -0.786285  -0.584864  94.116681  
0.150460  0.565208  -0.811111  443.584255  

Frame  126 
Patt 0 
-0.974439  0.217053  0.057931  184.712398  
0.148123  0.814641  -0.560732  30.184670  
-0.168902  -0.537818  -0.825968  519.700596  

Frame  126 
Patt 1 
0.967864  -0.251284  0.009738  -180.783599  
-0.197928  -0.785098  -0.586895  94.486157  
0.155123  0.566108  -0.809604  443.829392  

Frame  127 
Patt 0 
-0.973664  0.218932  0.063616  183.569599  
0.146687  0.815182  -0.560322  31.046202  
-0.174531  -0.536234  -0.825828  518.715462  

Frame  127 
Patt 1 
0.968449  -0.249048  0.009061  -181.310013  
-0.196768  -0.786454  -0.585468  94.787755  
0.152936  0.565213  -0.810645  443.516219  

Frame  128 
Patt 0 
-0.974360  0.215937  0.063194  183.880649  
0.144152  0.814788  -0.561553  32.808691  
-0.172749  -0.538045  -0.825024  519.025683  

Frame  128 
Patt 1 
0.968953  -0.247042  0.009993  -181.452817  
-0.194435  -0.786335  -0.586406  95.499077  
0.152725  0.566257  -0.809956  443.834703  

Frame  129 
Patt 0 
-0.975095  0.213221  0.061052  183.249921  
0.143010  0.814855  -0.561746  34.165991  
-0.169525  -0.539024  -0.825054  520.519766  

Frame  129 
Patt 1 
0.968795  -0.247484  0.013725  -182.520471  
-0.192068  -0.784559  -0.589557  95.901376  
0.156674  0.568523  -0.807610  443.280895  

Frame  130 
Patt 0 
-0.974570  0.214830  0.063728  181.827088  
0.142192  0.812682  -0.565092  34.600579  
-0.173190  -0.541660  -0.822563  520.682642  

Frame  130 
Patt 1 
0.968682  -0.247984  0.012661  -183.306547  
-0.192796  -0.783281  -0.591017  96.357004  
0.156480  0.570066  -0.806560  442.199361  

Frame  131 
Patt 0 
-0.973838  0.217276  0.066560  180.641179  
0.142598  0.812352  -0.565465  34.867613  
-0.176933  -0.541180  -0.822082  520.665476  

Frame  131 
Patt 1 
0.968523  -0.248788  0.008279  -183.915173  
-0.195842  -0.782093  -0.591588  96.954373  
0.153655  0.571345  -0.806198  441.157376  

Frame  132 
Patt 0 
-0.973279  0.219550  0.067280  179.916412  
0.143902  0.811487  -0.566375  35.837830  
-0.178945  -0.541559  -0.821397  520.011107  

Frame  132 
Patt 1 
0.967928  -0.250995  0.010792  -184.318268  
-0.196211  -0.782091  -0.591469  98.247693  
0.156896  0.570382  -0.806255  441.254148  

Frame  133 
Patt 0 
-0.973956  0.217263  0.064857  179.650498  
0.143021  0.810643  -0.567806  37.203425  
-0.175939  -0.543742  -0.820604  521.286101  

Frame  133 
Patt 1 
0.968691  -0.248224  0.004801  -184.695335  
-0.195718  -0.775400  -0.600375  98.979178  
0.152749  0.580638  -0.799704  439.427021  

Frame  134 
Patt 0 
-0.972225  0.222805  0.071663  176.399091  
0.142887  0.807548  -0.572232  38.934464  
-0.185368  -0.546098  -0.816955  521.165797  

Frame  134 
Patt 1 
0.966583  -0.255762  0.017438  -187.130802  
-0.194863  -0.777225  -0.598289  100.965704  
0.166573  0.574897  -0.801091  439.100804  

Frame  135 
Patt 0 
-0.972225  0.222805  0.071663  176.399091  
0.142887  0.807548  -0.572232  38.934464  
-0.185368  -0.546098  -0.816955  521.165797  

Frame  135 
Patt 1 
0.966583  -0.255762  0.017438  -187.130802  
-0.194863  -0.777225  -0.598289  100.965704  
0.166573  0.574897  -0.801091  439.100804  

Frame  136 
Patt 0 
-0.972152  0.222777  0.072733  176.474799  
0.141982  0.806816  -0.573488  40.180031  
-0.186442  -0.547191  -0.815979  520.843796  

Frame  136 
Patt 1 
0.966943  -0.254604  0.014068  -186.827684  
-0.194790  -0.773132  -0.603593  101.695135  
0.164554  0.580899  -0.797169  438.212233  

Frame  137 
Patt 0 
-0.972599  0.221500  0.070638  176.450754  
0.141914  0.806276  -0.574264  41.284206  
-0.184153  -0.548504  -0.815617  521.689267  

Frame  137 
Patt 1 
0.967163  -0.253887  0.011680  -186.942399  
-0.194874  -0.770290  -0.607188  102.073502  
0.163154  0.584974  -0.794473  437.267837  

Frame  138 
Patt 0 
-0.972603  0.221717  0.069894  175.916962  
0.141805  0.804065  -0.577382  41.707579  
-0.184215  -0.551652  -0.813477  521.805271  

Frame  138 
Patt 1 
0.966331  -0.256748  0.016864  -187.562614  
-0.194712  -0.772543  -0.604371  102.660275  
0.168199  0.580739  -0.796524  437.071810  

Frame  139 
Patt 0 
-0.971021  0.227289  0.073878  175.268214  
0.144228  0.803779  -0.577181  43.589473  
-0.190568  -0.549800  -0.813267  520.642279  

Frame  139 
Patt 1 
0.966518  -0.256481  0.007744  -186.780325  
-0.198912  -0.767959  -0.608829  104.970184  
0.162100  0.586904  -0.793264  434.212976  

Frame  140 
Patt 0 
-0.971021  0.227289  0.073878  175.268214  
0.144228  0.803779  -0.577181  43.589473  
-0.190568  -0.549800  -0.813267  520.642279  

Frame  140 
Patt 1 
0.966518  -0.256481  0.007744  -186.780325  
-0.198912  -0.767959  -0.608829  104.970184  
0.162100  0.586904  -0.793264  434.212976  

Frame  141 
Patt 0 
-0.971125  0.227650  0.071361  174.178266  
0.145020  0.800796  -0.581115  46.964787  
-0.189437  -0.553986  -0.810687  522.379091  

Frame  141 
Patt 1 
0.965325  -0.260896  0.009022  -187.517079  
-0.199384  -0.759153  -0.619623  107.418596  
0.168506  0.596338  -0.784848  430.212475  

Frame  142 
Patt 0 
-0.969943  0.231293  0.075599  172.804402  
0.144909  0.798614  -0.584138  47.401233  
-0.195481  -0.555625  -0.808126  521.630443  

Frame  142 
Patt 1 
0.964135  -0.265147  0.011880  -188.373327  
-0.201296  -0.759666  -0.618375  108.582169  
0.172986  0.593805  -0.785793  429.371867  

Frame  143 
Patt 0 
-0.969943  0.231293  0.075599  172.804402  
0.144909  0.798614  -0.584138  47.401233  
-0.195481  -0.555625  -0.808126  521.630443  

Frame  143 
Patt 1 
0.964135  -0.265147  0.011880  -188.373327  
-0.201296  -0.759666  -0.618375  108.582169  
0.172986  0.593805  -0.785793  429.371867  

Frame  144 
Patt 0 
-0.969437  0.233594  0.075008  172.319203  
0.146996  0.797806  -0.584721  47.666358  
-0.196429  -0.555824  -0.807760  521.635521  

Frame  144 
Patt 1 
0.963503  -0.267597  0.007364  -188.160842  
-0.204587  -0.753813  -0.624428  108.997882  
0.172646  0.600131  -0.781048  426.872766  

Frame  145 
Patt 0 
-0.968335  0.236847  0.078934  171.103371  
0.147225  0.797094  -0.585633  47.573725  
-0.201623  -0.555468  -0.806724  520.867627  

Frame  145 
Patt 1 
0.962880  -0.269819  0.007789  -188.612501  
-0.205945  -0.752981  -0.624986  109.337746  
0.174498  0.600182  -0.780597  424.908292  

Frame  146 
Patt 0 
-0.967212  0.241291  0.079248  170.641137  
0.151038  0.797345  -0.584319  47.316544  
-0.204179  -0.553191  -0.807645  520.717050  

Frame  146 
Patt 1 
0.961280  -0.275292  0.012474  -188.924697  
-0.208181  -0.755107  -0.621671  110.066435  
0.180560  0.595003  -0.783179  424.244636  

Frame  147 
Patt 0 
-0.966109  0.245067  0.081087  170.972213  
0.152972  0.796570  -0.584872  47.225324  
-0.207924  -0.552646  -0.807062  519.534789  

Frame  147 
Patt 1 
0.959954  -0.279731  0.015469  -188.113400  
-0.210727  -0.757333  -0.618094  111.246555  
0.184615  0.590082  -0.785952  424.216607  

Frame  148 
Patt 0 
-0.966066  0.245329  0.080806  171.937799  
0.154474  0.799489  -0.580479  48.174967  
-0.207012  -0.548298  -0.810256  519.906271  

Frame  148 
Patt 1 
0.960511  -0.278080  0.009474  -186.989405  
-0.212610  -0.755485  -0.619709  112.305022  
0.179486  0.593223  -0.784775  422.741229  

Frame  149 
Patt 0 
-0.965753  0.245599  0.083675  171.800351  
0.152678  0.798677  -0.582069  50.653461  
-0.209785  -0.549360  -0.808823  520.044241  

Frame  149 
Patt 1 
0.960677  -0.277586  0.006719  -186.325148  
-0.212322  -0.749973  -0.626466  113.700226  
0.178937  0.600405  -0.779420  420.469661  

Frame  150 
Patt 0 
-0.965509  0.246159  0.084839  171.408097  
0.153278  0.800768  -0.579031  53.926267  
-0.210470  -0.546055  -0.810880  523.939493  

Frame  150 
Patt 1 
0.960861  -0.276998  -0.004332  -186.208057  
-0.216240  -0.740142  -0.636734  115.205228  
0.173168  0.612750  -0.771071  415.433760  

Frame  151 
Patt 0 
-0.962446  0.256230  0.089689  167.919026  
0.156324  0.793196  -0.588560  56.102849  
-0.221948  -0.552436  -0.803463  524.669692  

Frame  152 
Patt 0 
-0.959933  0.268169  0.081329  166.022857  
0.169435  0.786586  -0.593779  57.829772  
-0.223206  -0.556208  -0.800507  527.822502  

Frame  153 
Patt 0 
-0.954513  0.286963  0.080973  161.177855  
0.183457  0.779300  -0.599196  58.820786  
-0.235049  -0.557085  -0.796497  530.622172  

Frame  154 
Patt 0 
-0.948942  0.305076  0.080238  157.072868  
0.193878  0.764689  -0.614542  60.114047  
-0.248839  -0.567608  -0.784793  527.561317  

Frame  155 
Patt 0 
-0.947953  0.309923  0.073021  157.195786  
0.200066  0.758158  -0.620621  61.355286  
-0.247706  -0.573711  -0.780703  529.170560  

Frame  156 
Patt 0 
-0.946785  0.314685  0.067608  155.639697  
0.205827  0.753431  -0.624482  59.670280  
-0.247453  -0.577335  -0.778108  531.357107  

Frame  157 
Patt 0 
-0.942725  0.324207  0.078481  156.029228  
0.207279  0.753697  -0.623680  56.003592  
-0.261352  -0.571692  -0.777730  529.475247  

Frame  158 
Patt 0 
-0.942499  0.325914  0.073994  163.161111  
0.214482  0.759643  -0.613954  48.425866  
-0.256305  -0.562781  -0.785866  526.637023  

Frame  159 
Patt 0 
-0.942499  0.325914  0.073994  163.161111  
0.214482  0.759643  -0.613954  48.425866  
-0.256305  -0.562781  -0.785866  526.637023  

Frame  160 
Patt 0 
-0.944136  0.322484  0.067908  166.620569  
0.217472  0.764483  -0.606854  44.967012  
-0.247615  -0.558185  -0.791907  524.678498  

Frame  160 
Patt 1 
0.935084  -0.353979  -0.017830  -182.255331  
-0.280140  -0.707339  -0.648994  131.143511  
0.217118  0.611858  -0.760585  410.957519  

Frame  161 
Patt 0 
-0.943847  0.323165  0.068680  169.570767  
0.219225  0.768128  -0.601598  42.071464  
-0.247171  -0.552760  -0.795841  522.711963  

Frame  161 
Patt 1 
0.935409  -0.353198  -0.016169  -179.955713  
-0.281739  -0.716969  -0.637636  130.053468  
0.213619  0.601006  -0.770168  413.018692  

Frame  162 
Patt 0 
-0.945861  0.319720  0.055921  173.101418  
0.225833  0.772022  -0.594122  39.629113  
-0.233124  -0.549328  -0.802429  522.187109  

Frame  162 
Patt 1 
0.935319  -0.353366  -0.017619  -177.371763  
-0.283791  -0.719562  -0.633793  129.019694  
0.211283  0.597799  -0.773302  413.051377  

Frame  163 
Patt 0 
-0.944648  0.323254  0.056091  173.369427  
0.230555  0.775694  -0.587488  37.516993  
-0.233418  -0.542038  -0.807286  521.108613  

Frame  163 
Patt 1 
0.934686  -0.354778  -0.022248  -176.172506  
-0.288840  -0.721505  -0.629287  128.189882  
0.207205  0.594612  -0.776854  410.785114  

Frame  164 
Patt 0 
-0.943031  0.326868  0.062051  174.159051  
0.230555  0.776490  -0.586436  37.718019  
-0.239869  -0.538721  -0.807615  519.070993  

Frame  164 
Patt 1 
0.934686  -0.354590  -0.025056  -174.370489  
-0.290435  -0.721131  -0.628981  128.540027  
0.204962  0.595177  -0.777017  408.664559  

Frame  165 
Patt 0 
-0.943432  0.325450  0.063399  175.367798  
0.228437  0.776582  -0.587143  39.665041  
-0.240320  -0.539446  -0.806997  518.607383  

Frame  165 
Patt 1 
0.935469  -0.352032  -0.031157  -172.766084  
-0.289913  -0.713991  -0.637313  128.963912  
0.202109  0.605220  -0.769975  404.778662  

Frame  166 
Patt 0 
-0.943093  0.325655  0.067261  175.911705  
0.226206  0.776547  -0.588052  42.510939  
-0.243733  -0.539373  -0.806022  519.280821  

Frame  167 
Patt 0 
-0.943089  0.324736  0.071624  176.568665  
0.221430  0.773929  -0.593298  46.194701  
-0.248097  -0.543673  -0.801790  518.566923  

Frame  168 
Patt 0 
-0.943476  0.322978  0.074418  177.797883  
0.215987  0.769436  -0.601098  50.206780  
-0.251401  -0.551048  -0.795703  517.313084  

Frame  169 
Patt 0 
-0.943564  0.321275  0.080432  178.921459  
0.207155  0.762005  -0.613543  55.790896  
-0.258405  -0.562256  -0.785554  514.361722  

Frame  170 
Patt 0 
-0.943564  0.321275  0.080432  178.921459  
0.207155  0.762005  -0.613543  55.790896  
-0.258405  -0.562256  -0.785554  514.361722  

Frame  171 
Patt 0 
-0.943404  0.322139  0.078839  178.789105  
0.207340  0.758428  -0.617898  56.763941  
-0.258843  -0.566581  -0.782296  513.715332  

Frame  172 
Patt 0 
-0.942190  0.325540  0.079379  177.801746  
0.209315  0.756799  -0.619227  57.181068  
-0.261658  -0.566815  -0.781189  513.440026  

Frame  173 
Patt 0 
-0.941733  0.327138  0.078225  176.389698  
0.210246  0.754035  -0.622276  56.228156  
-0.262554  -0.569572  -0.778879  513.744219  

Frame  174 
Patt 0 
-0.939000  0.334548  0.079727  174.526823  
0.215569  0.753164  -0.621509  53.288355  
-0.267972  -0.566411  -0.779339  512.674404  

Frame  175 
Patt 0 
-0.937220  0.339422  0.080066  174.099840  
0.219397  0.752333  -0.621176  50.527887  
-0.271077  -0.564613  -0.779570  509.808440  

Frame  176 
Patt 0 
-0.936253  0.342156  0.079751  173.748753  
0.223754  0.755724  -0.615479  48.740607  
-0.270859  -0.558400  -0.784108  509.403087  

Frame  177 
Patt 0 
-0.936102  0.342629  0.079486  172.830739  
0.225598  0.758261  -0.611674  47.003838  
-0.269848  -0.554658  -0.787106  509.237294  

Frame  178 
Patt 0 
-0.934214  0.346711  0.083877  170.709326  
0.227393  0.760005  -0.608839  45.168209  
-0.274838  -0.549713  -0.788847  508.154124  

Frame  179 
Patt 0 
-0.932952  0.349743  0.085324  169.454616  
0.230236  0.761867  -0.605434  44.371347  
-0.276751  -0.545197  -0.791309  507.616619  

Frame  180 
Patt 0 
-0.931518  0.352953  0.087744  167.711968  
0.232490  0.763402  -0.602632  44.429514  
-0.279684  -0.540963  -0.793181  507.562960  

Frame  181 
Patt 0 
-0.930114  0.355927  0.090574  165.617100  
0.232799  0.762096  -0.604165  45.000684  
-0.284065  -0.540856  -0.791695  506.953456  

Frame  182 
Patt 0 
-0.928384  0.360574  0.089941  164.713778  
0.236052  0.759099  -0.606670  45.519074  
-0.287023  -0.541992  -0.789850  506.854546  

Frame  183 
Patt 0 
-0.927287  0.363967  0.087562  163.597979  
0.239934  0.757387  -0.607286  45.411620  
-0.287350  -0.542120  -0.789643  506.624805  

Frame  184 
Patt 0 
-0.925026  0.368660  0.091740  162.403994  
0.241737  0.757471  -0.606466  45.909769  
-0.293070  -0.538820  -0.789799  506.061238  

Frame  185 
Patt 0 
-0.924564  0.369574  0.092717  161.519595  
0.241883  0.757304  -0.606616  47.076505  
-0.294404  -0.538429  -0.789570  506.028237  

Frame  186 
Patt 0 
-0.924271  0.369880  0.094402  160.989727  
0.240990  0.757155  -0.607157  48.462964  
-0.296053  -0.538428  -0.788954  506.180458  

Frame  187 
Patt 0 
-0.923959  0.369887  0.097388  160.485418  
0.238776  0.756691  -0.608608  49.780750  
-0.298809  -0.539075  -0.787471  506.032872  

Frame  188 
Patt 0 
-0.923669  0.370253  0.098737  160.627804  
0.236755  0.754021  -0.612699  51.032167  
-0.301303  -0.542554  -0.784125  505.326711  

Frame  189 
Patt 0 
-0.925390  0.366690  0.095877  162.312818  
0.234706  0.753033  -0.614699  53.063149  
-0.297602  -0.546333  -0.782913  505.539604  

Frame  190 
Patt 0 
-0.925390  0.366690  0.095877  162.312818  
0.234706  0.753033  -0.614699  53.063149  
-0.297602  -0.546333  -0.782913  505.539604  

Frame  191 
Patt 0 
-0.925603  0.366033  0.096325  162.576933  
0.233218  0.751995  -0.616533  52.909172  
-0.298108  -0.548200  -0.781415  504.741901  

Frame  192 
Patt 0 
-0.924937  0.367818  0.095922  163.726814  
0.234866  0.751413  -0.616617  52.706075  
-0.298880  -0.547804  -0.781398  504.017351  

Frame  193 
Patt 0 
-0.925426  0.367027  0.094225  165.113132  
0.234536  0.750104  -0.618334  52.138244  
-0.297624  -0.550123  -0.780247  502.586697  

Frame  194 
Patt 0 
-0.926681  0.365222  0.088737  166.694438  
0.236502  0.750125  -0.617560  51.036079  
-0.292111  -0.551295  -0.781502  502.254818  

Frame  195 
Patt 0 
-0.927878  0.363633  0.082543  166.742938  
0.240052  0.751915  -0.614002  49.241790  
-0.285337  -0.549904  -0.784977  503.043104  

Frame  196 
Patt 0 
-0.926079  0.367550  0.085349  164.613260  
0.242942  0.753871  -0.610457  47.252055  
-0.288716  -0.544596  -0.787438  502.154720  

Frame  197 
Patt 0 
-0.924679  0.370170  0.089124  162.999529  
0.243511  0.754902  -0.608954  45.821499  
-0.292696  -0.541385  -0.788183  501.496457  

Frame  198 
Patt 0 
-0.924012  0.372636  0.085695  161.943596  
0.248267  0.755148  -0.606725  44.240776  
-0.290800  -0.539346  -0.790279  502.310751  

Frame  199 
Patt 0 
-0.921988  0.376297  0.091310  159.842809  
0.249123  0.756977  -0.604089  42.312950  
-0.296437  -0.534216  -0.791668  501.377457  

Frame  200 
Patt 0 
-0.920871  0.378225  0.094564  158.589849  
0.250445  0.759778  -0.600012  41.330253  
-0.298787  -0.528851  -0.794382  500.695483  

Frame  201 
Patt 0 
-0.920580  0.377843  0.098827  157.513918  
0.248234  0.761429  -0.598837  41.031474  
-0.301516  -0.526745  -0.794750  500.386603  

Frame  202 
Patt 0 
-0.920212  0.378120  0.101172  156.318399  
0.247557  0.762430  -0.597842  41.064422  
-0.303192  -0.525096  -0.795204  500.757893  

Frame  203 
Patt 0 
-0.918971  0.380501  0.103498  155.260209  
0.248633  0.762840  -0.596872  41.457407  
-0.306063  -0.522775  -0.795633  501.399154  

Frame  204 
Patt 0 
-0.918231  0.381855  0.105062  153.879066  
0.249109  0.763098  -0.596343  42.252535  
-0.307890  -0.521409  -0.795824  502.252376  

Frame  205 
Patt 0 
-0.917507  0.382472  0.109064  152.370126  
0.246547  0.762140  -0.598629  43.256298  
-0.312081  -0.522358  -0.793567  502.522254  

Frame  206 
Patt 0 
-0.916993  0.382827  0.112102  151.211823  
0.244354  0.761211  -0.600707  44.163847  
-0.315300  -0.523452  -0.791570  502.731416  

Frame  207 
Patt 0 
-0.916580  0.383660  0.112630  150.085198  
0.244144  0.760068  -0.602237  44.615084  
-0.316660  -0.524501  -0.790332  503.278287  

Frame  208 
Patt 0 
-0.915340  0.386250  0.113859  149.608158  
0.244915  0.758442  -0.603972  44.408990  
-0.319639  -0.524954  -0.788831  503.096015  

Frame  209 
Patt 0 
-0.915239  0.386272  0.114593  149.330726  
0.245770  0.760599  -0.600905  43.948121  
-0.319272  -0.521808  -0.791064  503.387688  

Frame  210 
Patt 0 
-0.914499  0.387057  0.117808  148.411183  
0.245110  0.761681  -0.599802  43.625470  
-0.321890  -0.519642  -0.791428  503.319541  

Frame  211 
Patt 0 
-0.914104  0.387427  0.119642  147.746112  
0.244918  0.762711  -0.598571  43.274107  
-0.323155  -0.517854  -0.792085  503.427242  

Frame  212 
Patt 0 
-0.913271  0.389107  0.120548  147.060566  
0.246046  0.762769  -0.598034  42.605342  
-0.324649  -0.516507  -0.792353  503.355905  

Frame  213 
Patt 0 
-0.911847  0.391512  0.123505  146.205931  
0.246772  0.763149  -0.597250  42.379235  
-0.328083  -0.514123  -0.792489  502.876906  

Frame  214 
Patt 0 
-0.911421  0.391861  0.125527  145.963986  
0.246502  0.764241  -0.595963  42.849980  
-0.329467  -0.512231  -0.793140  503.317732  

Frame  215 
Patt 0 
-0.910301  0.392506  0.131495  145.196936  
0.243148  0.764091  -0.597532  42.744358  
-0.335009  -0.511961  -0.790990  503.286298  

Frame  216 
Patt 0 
-0.910301  0.392506  0.131495  145.196936  
0.243148  0.764091  -0.597532  42.744358  
-0.335009  -0.511961  -0.790990  503.286298  

Frame  217 
Patt 0 
-0.910641  0.391228  0.132942  145.962977  
0.241165  0.764491  -0.597824  41.998455  
-0.335518  -0.512342  -0.790527  502.766161  

