NumPatterns 4 
Frame 1 
Patt 2 
r0 0.839228 0.031568 -0.542863 -36.944879 
r1 0.127571 -0.981882 0.140118 -93.231464 
r2 -0.528604 -0.186845 -0.828050 897.818134 

Frame 2 
Patt 2 
r0 0.841786 0.027277 -0.539122 -35.093851 
r1 0.128965 -0.979964 0.151786 -92.673595 
r2 -0.524179 -0.197299 -0.828438 896.229402 

Frame 3 
Patt 2 
r0 0.843202 0.030411 -0.536736 -33.068501 
r1 0.128660 -0.980801 0.146550 -93.213531 
r2 -0.521974 -0.192628 -0.830926 898.004822 

Frame 4 
Patt 2 
r0 0.843162 0.030720 -0.536781 -36.297572 
r1 0.128103 -0.981093 0.145074 -92.802369 
r2 -0.522175 -0.191085 -0.831156 896.551854 

Frame 5 
Patt 2 
r0 0.843162 0.030720 -0.536781 -36.297572 
r1 0.128103 -0.981093 0.145074 -92.802369 
r2 -0.522175 -0.191085 -0.831156 896.551854 

Frame 6 
Patt 2 
r0 0.836671 0.027477 -0.547016 -33.287904 
r1 0.125007 -0.981959 0.141876 -90.239283 
r2 -0.533250 -0.187085 -0.825012 893.553740 

Frame 7 
Patt 2 
r0 0.836388 0.024384 -0.547596 -29.150549 
r1 0.128089 -0.980045 0.152001 -86.778051 
r2 -0.532962 -0.197273 -0.822821 897.230426 

Frame 8 
Patt 2 
r0 0.833105 0.031255 -0.552232 -27.624156 
r1 0.128113 -0.982156 0.137686 -86.272761 
r2 -0.538074 -0.185455 -0.822243 898.278340 

Frame 9 
Patt 2 
r0 0.834229 0.018355 -0.551112 -19.827821 
r1 0.128172 -0.978526 0.161428 -84.261740 
r2 -0.536314 -0.205305 -0.818668 900.179296 

Frame 10 
Patt 2 
r0 0.834229 0.018355 -0.551112 -19.827821 
r1 0.128172 -0.978526 0.161428 -84.261740 
r2 -0.536314 -0.205305 -0.818668 900.179296 

Frame 11 
Patt 2 
r0 0.826427 0.027620 -0.562366 -12.955392 
r1 0.130477 -0.981002 0.143563 -83.961062 
r2 -0.547717 -0.192020 -0.814331 899.625880 

Frame 12 
Patt 2 
r0 0.824877 0.027897 -0.564623 -11.915533 
r1 0.129026 -0.981710 0.139993 -84.017705 
r2 -0.550391 -0.188328 -0.813390 901.383933 

Frame 13 
Patt 2 
r0 0.822185 0.024891 -0.568676 -11.792488 
r1 0.119473 -0.984336 0.129648 -81.930704 
r2 -0.556541 -0.174536 -0.812280 897.997351 

Frame 14 
Patt 2 
r0 0.823043 0.010187 -0.567888 -6.100848 
r1 0.122568 -0.979467 0.160069 -78.279388 
r2 -0.554597 -0.201348 -0.807392 898.093825 

Frame 15 
Patt 2 
r0 0.819065 0.014970 -0.573505 4.037399 
r1 0.124178 -0.980587 0.151752 -76.596479 
r2 -0.560100 -0.195511 -0.805024 901.906887 

Frame 16 
Patt 2 
r0 0.818106 0.039662 -0.573698 9.634674 
r1 0.133740 -0.983387 0.122731 -79.926824 
r2 -0.559299 -0.177134 -0.809820 910.794639 

Frame 17 
Patt 2 
r0 0.813724 0.036237 -0.580121 10.033074 
r1 0.139020 -0.981222 0.133708 -81.951848 
r2 -0.564382 -0.189450 -0.803481 903.888781 

Frame 18 
Patt 2 
r0 0.822430 0.007989 -0.568810 21.661227 
r1 0.139662 -0.972134 0.188281 -72.654442 
r2 -0.551455 -0.234289 -0.800628 888.836635 

Frame 19 
Patt 2 
r0 0.806747 0.006643 -0.590859 43.378174 
r1 0.135152 -0.975505 0.173565 -66.626924 
r2 -0.575233 -0.219879 -0.787883 900.328966 

Frame 20 
Patt 2 
r0 0.785287 0.036643 -0.618046 50.792881 
r1 0.135122 -0.984327 0.113327 -62.875534 
r2 -0.604207 -0.172506 -0.777930 908.924695 

Frame 21 
Patt 2 
r0 0.785173 0.034417 -0.618319 53.711848 
r1 0.133783 -0.984304 0.115095 -58.670968 
r2 -0.604653 -0.173090 -0.777454 908.997601 

Frame 22 
Patt 2 
r0 0.789384 0.008927 -0.613835 66.475720 
r1 0.127249 -0.980558 0.149380 -52.725076 
r2 -0.600567 -0.196028 -0.775173 904.789968 

Frame 23 
Patt 2 
r0 0.778635 0.005350 -0.627454 82.533090 
r1 0.121794 -0.982234 0.142765 -47.618497 
r2 -0.615543 -0.187582 -0.765454 909.611793 

Frame 24 
Patt 2 
r0 0.760768 0.004232 -0.649010 93.486481 
r1 0.113878 -0.985336 0.127062 -46.636842 
r2 -0.638955 -0.170573 -0.750094 912.724594 

Frame 25 
Patt 2 
r0 0.764681 -0.002628 -0.644404 102.889414 
r1 0.112710 -0.984032 0.137760 -44.394399 
r2 -0.634475 -0.177974 -0.752174 913.835023 

Frame 26 
Patt 2 
r0 0.759399 -0.013443 -0.650487 117.106382 
r1 0.109083 -0.983004 0.147662 -43.524284 
r2 -0.641416 -0.183091 -0.745026 910.969751 

Frame 27 
Patt 2 
r0 0.754671 -0.011130 -0.656009 131.943604 
r1 0.116650 -0.981650 0.150849 -41.244779 
r2 -0.645650 -0.190365 -0.739525 906.736844 

Frame 28 
Patt 2 
r0 0.745682 -0.019619 -0.666013 149.567852 
r1 0.110709 -0.982024 0.152881 -39.705507 
r2 -0.657040 -0.187735 -0.730105 908.344420 

Frame 29 
Patt 2 
r0 0.729319 -0.014602 -0.684018 164.711640 
r1 0.111973 -0.983744 0.140389 -39.523734 
r2 -0.674949 -0.178980 -0.715829 908.802603 

Frame 30 
Patt 2 
r0 0.709945 -0.016438 -0.704065 176.081868 
r1 0.112273 -0.984300 0.136191 -38.190348 
r2 -0.695250 -0.175736 -0.696953 901.884091 

Frame 31 
Patt 2 
r0 0.711569 -0.020326 -0.702322 189.923375 
r1 0.111459 -0.983659 0.141395 -36.541112 
r2 -0.693719 -0.178892 -0.697676 901.198419 

Frame 32 
Patt 2 
r0 0.700751 -0.028218 -0.712848 203.714891 
r1 0.109121 -0.983220 0.146189 -31.573339 
r2 -0.705011 -0.180228 -0.685913 894.968664 

Frame 33 
Patt 2 
r0 0.673953 -0.026758 -0.738289 230.626240 
r1 0.110468 -0.984459 0.136522 -27.346139 
r2 -0.730468 -0.173567 -0.660523 895.863991 

Frame 34 
Patt 2 
r0 0.673953 -0.026758 -0.738289 230.626240 
r1 0.110468 -0.984459 0.136522 -27.346139 
r2 -0.730468 -0.173567 -0.660523 895.863991 

Frame 35 
Patt 2 
r0 0.672348 -0.027101 -0.739739 241.954570 
r1 0.110236 -0.984520 0.136263 -23.778378 
r2 -0.731981 -0.173162 -0.658952 892.963274 

Frame 36 
Patt 2 
r0 0.678905 -0.036583 -0.733314 256.921730 
r1 0.110269 -0.982350 0.151093 -20.226885 
r2 -0.725899 -0.183440 -0.662888 889.527758 

Frame 37 
Patt 2 
r0 0.652817 -0.028576 -0.756976 270.275750 
r1 0.105282 -0.986167 0.128023 -18.274069 
r2 -0.750164 -0.163272 -0.640778 882.014619 

Frame 38 
Patt 2 
r0 0.642139 -0.025740 -0.766156 298.682509 
r1 0.110849 -0.985814 0.126026 -12.724307 
r2 -0.758532 -0.165854 -0.630176 884.515705 

Frame 39 
Patt 2 
r0 0.642139 -0.025740 -0.766156 298.682509 
r1 0.110849 -0.985814 0.126026 -12.724307 
r2 -0.758532 -0.165854 -0.630176 884.515705 

Frame 40 
Patt 2 
r0 0.618879 -0.032808 -0.784801 308.498033 
r1 0.111410 -0.985360 0.129048 -11.245853 
r2 -0.777545 -0.167300 -0.606164 874.421203 

Frame 41 
Patt 2 
r0 0.598334 -0.027041 -0.800791 319.030646 
r1 0.108446 -0.987501 0.114374 -7.617121 
r2 -0.793874 -0.155277 -0.587923 871.588973 

Frame 42 
Patt 2 
r0 0.585404 -0.030055 -0.810185 328.131131 
r1 0.104848 -0.988114 0.112414 -2.539890 
r2 -0.803934 -0.150753 -0.575295 867.708899 

Frame 43 
Patt 2 
r0 0.578158 -0.026023 -0.815510 338.715241 
r1 0.099041 -0.989862 0.101802 4.366279 
r2 -0.809891 -0.139627 -0.569720 866.457773 

Frame 44 
Patt 2 
r0 0.566995 -0.035943 -0.822937 347.383366 
r1 0.095631 -0.989420 0.109103 11.548947 
r2 -0.818151 -0.140560 -0.557558 862.612142 

Frame 45 
Patt 2 
r0 0.568888 -0.037133 -0.821576 357.890100 
r1 0.089854 -0.990193 0.106973 17.952722 
r2 -0.817492 -0.134678 -0.559972 860.086215 

Frame 55 
Patt 3 
r0 0.853572 -0.029884 0.520118 -213.146451 
r1 -0.067611 -0.996265 0.053716 -114.090231 
r2 0.516570 -0.081016 -0.852404 881.989407 

Frame 56 
Patt 3 
r0 0.853572 -0.029884 0.520118 -213.146451 
r1 -0.067611 -0.996265 0.053716 -114.090231 
r2 0.516570 -0.081016 -0.852404 881.989407 

Frame 57 
Patt 3 
r0 0.866776 -0.026371 0.497999 -198.040429 
r1 -0.070372 -0.995076 0.069791 -115.420105 
r2 0.493707 -0.095538 -0.864365 892.739682 

Frame 58 
Patt 3 
r0 0.860090 -0.031340 0.509179 -183.342428 
r1 -0.068987 -0.996088 0.055220 -114.839090 
r2 0.505457 -0.082621 -0.858887 894.661686 

Frame 59 
Patt 3 
r0 0.871542 -0.030882 0.489347 -170.765949 
r1 -0.066448 -0.996246 0.055476 -114.015400 
r2 0.485797 -0.080866 -0.870323 899.306488 

Frame 60 
Patt 3 
r0 0.881691 -0.018197 0.471477 -156.278481 
r1 -0.065126 -0.994385 0.083410 -112.645407 
r2 0.467312 -0.104247 -0.877925 903.321656 

Frame 61 
Patt 3 
r0 0.889391 -0.025492 0.456436 -140.480847 
r1 -0.060749 -0.996180 0.062736 -113.644348 
r2 0.453093 -0.083525 -0.887542 906.627558 

Frame 62 
Patt 3 
r0 0.899899 -0.020189 0.435630 -124.327385 
r1 -0.057842 -0.995628 0.073344 -114.014787 
r2 0.432244 -0.091200 -0.897133 909.070952 

Frame 63 
Patt 3 
r0 0.901762 -0.025825 0.431461 -106.968712 
r1 -0.058238 -0.996371 0.062081 -116.247239 
r2 0.428292 -0.081110 -0.899993 912.254798 

Frame 64 
Patt 3 
r0 0.906305 -0.018568 0.422217 -90.452424 
r1 -0.057973 -0.995052 0.080683 -118.309566 
r2 0.418630 -0.097601 -0.902897 914.796869 

Frame 65 
Patt 3 
r0 0.921665 -0.011993 0.387802 -72.847990 
r1 -0.047932 -0.995385 0.083134 -121.708082 
r2 0.385015 -0.095210 -0.917986 915.385289 

Frame 66 
Patt 3 
r0 0.922357 -0.014995 0.386048 -54.613947 
r1 -0.047984 -0.995956 0.075959 -123.708834 
r2 0.383347 -0.088586 -0.919346 916.507830 

Frame 67 
Patt 3 
r0 0.918350 -0.012408 0.395575 -40.363229 
r1 -0.049529 -0.995254 0.083766 -127.049348 
r2 0.392658 -0.096519 -0.914606 919.364101 

Frame 68 
Patt 3 
r0 0.923985 -0.001811 0.382425 -29.729651 
r1 -0.048033 -0.992619 0.111353 -130.047774 
r2 0.379401 -0.121257 -0.917252 920.380110 

Frame 69 
Patt 3 
r0 0.933986 -0.004691 0.357280 -16.367306 
r1 -0.038729 -0.995352 0.088174 -132.375108 
r2 0.355206 -0.096190 -0.929826 916.814557 

Frame 70 
Patt 3 
r0 0.938674 -0.002839 0.344795 0.187256 
r1 -0.040468 -0.993962 0.101988 -132.606516 
r2 0.342424 -0.109687 -0.933121 917.099663 

Frame 71 
Patt 3 
r0 0.937114 -0.001227 0.349022 14.452716 
r1 -0.043168 -0.992723 0.112414 -133.203860 
r2 0.346344 -0.120412 -0.930348 919.096646 

Frame 72 
Patt 3 
r0 0.948332 0.003668 0.317259 33.804848 
r1 -0.033616 -0.993143 0.111966 -137.913268 
r2 0.315495 -0.116846 -0.941706 924.664686 

Frame 73 
Patt 3 
r0 0.948332 0.003668 0.317259 33.804848 
r1 -0.033616 -0.993143 0.111966 -137.913268 
r2 0.315495 -0.116846 -0.941706 924.664686 

Frame 74 
Patt 3 
r0 0.956236 0.002426 0.292588 47.498496 
r1 -0.032704 -0.992813 0.115118 -140.578997 
r2 0.290764 -0.119649 -0.949284 923.049925 

Frame 75 
Patt 3 
r0 0.955534 0.004555 0.294845 62.481515 
r1 -0.025707 -0.994787 0.098682 -141.614396 
r2 0.293757 -0.101874 -0.950436 917.456904 

Frame 76 
Patt 3 
r0 0.957233 0.005425 0.289266 76.072962 
r1 -0.031537 -0.991910 0.122962 -144.871587 
r2 0.287593 -0.126826 -0.949318 915.753479 

Frame 77 
Patt 3 
r0 0.964744 0.011723 0.262930 88.629884 
r1 -0.022985 -0.991438 0.128542 -151.161089 
r2 0.262186 -0.130053 -0.956214 916.805117 

Frame 84 
Patt 1 
r0 0.992070 -0.004776 0.125595 -409.480572 
r1 -0.022337 -0.990071 0.138785 250.635607 
r2 0.123685 -0.140490 -0.982326 910.554211 

Frame 85 
Patt 1 
r0 0.995612 0.005328 0.093421 -393.769341 
r1 -0.011329 -0.984169 0.176868 239.594268 
r2 0.092885 -0.177150 -0.979791 907.120967 

Frame 86 
Patt 1 
r0 0.998072 0.013902 0.060495 -378.427329 
r1 0.002323 -0.982281 0.187401 232.652702 
r2 0.062028 -0.186899 -0.980419 913.833684 

Frame 87 
Patt 1 
r0 0.998336 0.009606 0.056856 -367.989924 
r1 -0.000265 -0.985251 0.171113 230.058771 
r2 0.057662 -0.170844 -0.983609 928.148601 

Frame 88 
Patt 1 
r0 0.999345 0.008715 0.035111 -358.307692 
r1 0.003124 -0.987713 0.156246 227.057334 
r2 0.036041 -0.156034 -0.987094 934.880410 

Frame 89 
Patt 1 
r0 0.999660 0.011831 0.023231 -345.389824 
r1 0.007575 -0.984470 0.175388 222.589944 
r2 0.024945 -0.175153 -0.984225 936.660884 

Frame 90 
Patt 1 
r0 0.999888 0.010562 0.010587 -332.468413 
r1 0.008637 -0.985796 0.167728 220.644868 
r2 0.012208 -0.167618 -0.985776 945.323909 

Frame 91 
Patt 1 
r0 0.999800 0.009356 -0.017649 -319.362000 
r1 0.012196 -0.985639 0.168423 217.498631 
r2 -0.015820 -0.168605 -0.985557 948.810821 

Frame 92 
Patt 1 
r0 0.999796 0.006593 -0.019084 -309.443272 
r1 0.009721 -0.985604 0.168789 214.765510 
r2 -0.017696 -0.168940 -0.985467 956.634497 

Frame 93 
Patt 1 
r0 0.999168 0.004232 -0.040576 -297.805213 
r1 0.011305 -0.984379 0.175700 209.337515 
r2 -0.039198 -0.176012 -0.983607 956.314653 

Frame 94 
Patt 1 
r0 0.998756 0.002382 -0.049806 -285.891140 
r1 0.011220 -0.983979 0.177934 205.601413 
r2 -0.048584 -0.178271 -0.982781 961.900576 

Frame 95 
Patt 1 
r0 0.997441 0.005307 -0.071300 -270.491229 
r1 0.018318 -0.982924 0.183099 202.931469 
r2 -0.069111 -0.183936 -0.980506 963.671394 

Frame 96 
Patt 1 
r0 0.997955 0.006249 -0.063611 -259.780249 
r1 0.016411 -0.986896 0.160518 203.536380 
r2 -0.061774 -0.161234 -0.984981 976.496086 

Frame 97 
Patt 1 
r0 0.997134 0.010725 -0.074890 -250.358029 
r1 0.022218 -0.987764 0.154365 204.029619 
r2 -0.072318 -0.155587 -0.985171 982.161606 

Frame 98 
Patt 1 
r0 0.994014 0.005472 -0.109120 -238.217596 
r1 0.023442 -0.986168 0.164080 202.505553 
r2 -0.106713 -0.165656 -0.980393 979.765513 

Frame 99 
Patt 1 
r0 0.991751 0.000556 -0.128179 -223.180150 
r1 0.021768 -0.986196 0.164147 202.518583 
r2 -0.126318 -0.165583 -0.978073 981.684394 

Frame 100 
Patt 1 
r0 0.992659 0.004378 -0.120866 -211.871713 
r1 0.023880 -0.986766 0.160383 203.578001 
r2 -0.118564 -0.162092 -0.979627 993.812574 

Frame 101 
Patt 1 
r0 0.986077 0.003359 -0.166258 -182.334608 
r1 0.030700 -0.986288 0.162151 197.691221 
r2 -0.163434 -0.164998 -0.972659 997.953580 

Frame 102 
Patt 1 
r0 0.986077 0.003359 -0.166258 -182.334608 
r1 0.030700 -0.986288 0.162151 197.691221 
r2 -0.163434 -0.164998 -0.972659 997.953580 

Frame 103 
Patt 1 
r0 0.985829 0.007916 -0.167564 -162.421546 
r1 0.038009 -0.983448 0.177160 195.339520 
r2 -0.163388 -0.181018 -0.969813 998.956411 

Frame 104 
Patt 1 
r0 0.983405 0.017533 -0.180576 -136.912514 
r1 0.044267 -0.988425 0.145108 191.345822 
r2 -0.175942 -0.150694 -0.972798 1016.830635 

Frame 105 
Patt 1 
r0 0.983405 0.017533 -0.180576 -136.912514 
r1 0.044267 -0.988425 0.145108 191.345822 
r2 -0.175942 -0.150694 -0.972798 1016.830635 

Frame 106 
Patt 1 
r0 0.980902 0.013032 -0.194068 -121.274075 
r1 0.043523 -0.987160 0.153690 190.297014 
r2 -0.189573 -0.159201 -0.968874 1015.837408 

Frame 107 
Patt 1 
r0 0.975520 0.010537 -0.219659 -108.414704 
r1 0.045250 -0.987095 0.153610 188.708322 
r2 -0.215205 -0.159789 -0.963408 1015.773702 

Frame 108 
Patt 1 
r0 0.975515 0.023331 -0.218690 -96.421597 
r1 0.054925 -0.988693 0.139530 189.686186 
r2 -0.212962 -0.148125 -0.965767 1022.562355 

Frame 109 
Patt 1 
r0 0.971483 0.014188 -0.236682 -80.292088 
r1 0.054353 -0.984952 0.164057 186.289778 
r2 -0.230793 -0.172243 -0.957636 1023.000254 

Frame 110 
Patt 1 
r0 0.976584 0.031546 -0.212812 -74.238919 
r1 0.062383 -0.988215 0.139784 182.994438 
r2 -0.205894 -0.149786 -0.967043 1028.012452 

Frame 111 
Patt 1 
r0 0.967777 0.023274 -0.250733 -67.665095 
r1 0.058430 -0.989298 0.133701 182.791806 
r2 -0.244938 -0.144043 -0.958779 1025.740130 

Frame 112 
Patt 1 
r0 0.955066 0.009080 -0.296253 -46.622985 
r1 0.050727 -0.989791 0.133197 187.804068 
r2 -0.292019 -0.142240 -0.945776 1026.296073 

Frame 113 
Patt 1 
r0 0.951325 0.004547 -0.308157 -23.856174 
r1 0.047339 -0.990181 0.131534 194.119192 
r2 -0.304533 -0.139719 -0.942198 1025.618680 

Frame 114 
Patt 1 
r0 0.951411 0.005041 -0.307881 -8.798362 
r1 0.047241 -0.990418 0.129767 200.755195 
r2 -0.304277 -0.138007 -0.942534 1026.745176 

Frame 115 
Patt 1 
r0 0.950187 0.015657 -0.311286 4.061861 
r1 0.046614 -0.994643 0.092260 208.114112 
r2 -0.308174 -0.102175 -0.945827 1036.837614 

Frame 116 
Patt 1 
r0 0.946584 0.010762 -0.322277 16.112829 
r1 0.049648 -0.992390 0.112684 212.978432 
r2 -0.318611 -0.122665 -0.939915 1030.489573 

Frame 117 
Patt 1 
r0 0.941859 0.008315 -0.335905 31.210096 
r1 0.048190 -0.992702 0.110547 218.069493 
r2 -0.332534 -0.120307 -0.935386 1032.069236 

Frame 118 
Patt 1 
r0 0.943855 0.018255 -0.329855 45.450640 
r1 0.053981 -0.993575 0.099476 221.875888 
r2 -0.325920 -0.111697 -0.938776 1038.840326 

Frame 119 
Patt 1 
r0 0.943094 0.019163 -0.331973 56.706546 
r1 0.053648 -0.994028 0.095028 221.284407 
r2 -0.328169 -0.107430 -0.938490 1044.064366 

Frame 120 
Patt 1 
r0 0.937294 0.017179 -0.348115 67.673969 
r1 0.051361 -0.994688 0.089203 220.048844 
r2 -0.344734 -0.101489 -0.933198 1044.823276 

Frame 121 
Patt 1 
r0 0.937102 0.014597 -0.348750 80.270941 
r1 0.053023 -0.993484 0.100891 216.883927 
r2 -0.345004 -0.113037 -0.931770 1040.575975 

Frame 122 
Patt 1 
r0 0.933345 0.023247 -0.358227 92.613000 
r1 0.057244 -0.994770 0.084594 215.897493 
r2 -0.354386 -0.099462 -0.929794 1042.786578 

Frame 123 
Patt 1 
r0 0.929147 0.018724 -0.369237 105.974441 
r1 0.060030 -0.993104 0.100700 213.696438 
r2 -0.364805 -0.115730 -0.923863 1038.797750 

Frame 124 
Patt 1 
r0 0.926074 0.021031 -0.376757 121.615332 
r1 0.059801 -0.994007 0.091504 211.155383 
r2 -0.372574 -0.107270 -0.921782 1039.457675 

Frame 125 
Patt 1 
r0 0.924642 0.019344 -0.380346 132.409342 
r1 0.062900 -0.992750 0.102424 207.295032 
r2 -0.375608 -0.118630 -0.919155 1036.657429 

Frame 126 
Patt 1 
r0 0.918884 0.019273 -0.394056 143.979065 
r1 0.062310 -0.993360 0.096713 203.448837 
r2 -0.389576 -0.113421 -0.913984 1035.170530 

Frame 127 
Patt 1 
r0 0.910560 0.018616 -0.412957 160.812107 
r1 0.060793 -0.994154 0.089230 200.509020 
r2 -0.408882 -0.106355 -0.906369 1036.834096 

Frame 128 
Patt 1 
r0 0.908825 0.025701 -0.416385 174.003305 
r1 0.066880 -0.994167 0.084612 197.762976 
r2 -0.411782 -0.104745 -0.905243 1031.891766 

Frame 129 
Patt 1 
r0 0.896382 0.012092 -0.443117 186.168887 
r1 0.065793 -0.992185 0.106018 196.208474 
r2 -0.438372 -0.124186 -0.890173 1024.290088 

Frame 130 
Patt 1 
r0 0.896878 0.025048 -0.441569 200.320016 
r1 0.066382 -0.994709 0.078405 197.530808 
r2 -0.437269 -0.099632 -0.893795 1026.052054 

Frame 131 
Patt 1 
r0 0.886220 0.012820 -0.463087 211.672419 
r1 0.062870 -0.993697 0.092807 198.512628 
r2 -0.458979 -0.111362 -0.881440 1018.140605 

Frame 132 
Patt 1 
r0 0.886399 0.016027 -0.462644 228.071459 
r1 0.062146 -0.994474 0.084617 199.851581 
r2 -0.458731 -0.103756 -0.882497 1020.462541 

Frame 133 
Patt 1 
r0 0.879412 0.009473 -0.475967 240.927770 
r1 0.060933 -0.993818 0.092802 199.200675 
r2 -0.472146 -0.110613 -0.874553 1014.434111 

Frame 134 
Patt 1 
r0 0.874321 0.016217 -0.485076 256.810323 
r1 0.063250 -0.994726 0.080748 199.542090 
r2 -0.481208 -0.101281 -0.870736 1014.062253 

Frame 135 
Patt 1 
r0 0.868892 0.018680 -0.494648 271.767410 
r1 0.062599 -0.995412 0.072369 199.886066 
r2 -0.491027 -0.093845 -0.866075 1011.667440 

Frame 136 
Patt 1 
r0 0.861130 0.010635 -0.508273 283.089153 
r1 0.061319 -0.994655 0.083076 200.099255 
r2 -0.504673 -0.102706 -0.857180 1006.078939 

Frame 137 
Patt 1 
r0 0.862126 0.026192 -0.506016 294.139936 
r1 0.066554 -0.995864 0.061845 200.632266 
r2 -0.502303 -0.086996 -0.860304 1007.448566 

Frame 138 
Patt 1 
r0 0.855161 0.034039 -0.517244 300.116459 
r1 0.070150 -0.996262 0.050417 202.699980 
r2 -0.513594 -0.079399 -0.854352 1003.922240 

Frame 139 
Patt 1 
r0 0.852412 0.030480 -0.521981 308.977194 
r1 0.072350 -0.995572 0.060015 205.306295 
r2 -0.517841 -0.088923 -0.850843 997.842372 

Frame 140 
Patt 1 
r0 0.846674 0.035996 -0.530893 319.386933 
r1 0.075644 -0.995719 0.053125 207.617925 
r2 -0.526708 -0.085139 -0.845772 995.995742 

Frame 141 
Patt 1 
r0 0.849214 0.043875 -0.526223 327.522918 
r1 0.081603 -0.995475 0.048691 206.934786 
r2 -0.521705 -0.084290 -0.848951 998.981307 

Frame 142 
Patt 1 
r0 0.847828 0.043512 -0.528484 331.805914 
r1 0.082206 -0.995364 0.049928 203.858735 
r2 -0.523861 -0.085775 -0.847474 996.674638 

Frame 143 
Patt 1 
r0 0.832435 0.033047 -0.553136 346.591842 
r1 0.085584 -0.993910 0.069418 197.131215 
r2 -0.547473 -0.105125 -0.830194 982.482391 

Frame 144 
Patt 1 
r0 0.832435 0.033047 -0.553136 346.591842 
r1 0.085584 -0.993910 0.069418 197.131215 
r2 -0.547473 -0.105125 -0.830194 982.482391 

Frame 145 
Patt 1 
r0 0.830920 0.035923 -0.555231 356.955130 
r1 0.085362 -0.994330 0.063415 194.883704 
r2 -0.549805 -0.100088 -0.829275 980.369903 

Frame 146 
Patt 1 
r0 0.824059 0.049221 -0.564361 364.374301 
r1 0.090189 -0.994911 0.044919 194.042722 
r2 -0.559278 -0.087915 -0.824305 979.010155 

Frame 147 
Patt 1 
r0 0.824594 0.053907 -0.563150 369.657231 
r1 0.094809 -0.994539 0.043622 193.785509 
r2 -0.557724 -0.089362 -0.825202 979.081841 

Frame 148 
Patt 1 
r0 0.822117 0.055810 -0.566577 373.213488 
r1 0.095226 -0.994644 0.040199 191.797033 
r2 -0.561299 -0.087001 -0.823028 977.466544 

Frame 149 
Patt 1 
r0 0.820947 0.058412 -0.568008 375.613239 
r1 0.095642 -0.994767 0.035934 191.146152 
r2 -0.562937 -0.083825 -0.822238 976.353154 

Frame 150 
Patt 1 
r0 0.818759 0.056193 -0.571381 377.322587 
r1 0.094924 -0.994752 0.038192 190.675526 
r2 -0.566236 -0.085508 -0.819796 974.192762 

Frame 151 
Patt 1 
r0 0.813434 0.053521 -0.579190 379.223095 
r1 0.094222 -0.994731 0.040410 190.790495 
r2 -0.573976 -0.087443 -0.814190 970.563265 

Frame 152 
Patt 1 
r0 0.808802 0.054057 -0.585591 383.019146 
r1 0.094818 -0.994725 0.039135 192.175203 
r2 -0.580386 -0.087177 -0.809661 966.669746 

Frame 153 
Patt 1 
r0 0.813711 0.060061 -0.578159 388.223380 
r1 0.096216 -0.994844 0.032069 193.881682 
r2 -0.573252 -0.081723 -0.815294 969.220904 

Frame 154 
Patt 1 
r0 0.813940 0.067756 -0.576984 387.607295 
r1 0.096373 -0.995162 0.019087 193.921116 
r2 -0.572900 -0.071141 -0.816532 969.482441 

Frame 155 
Patt 1 
r0 0.810259 0.061385 -0.582848 385.852164 
r1 0.093124 -0.995350 0.024629 195.497110 
r2 -0.578626 -0.074233 -0.812208 966.787990 

Frame 156 
Patt 1 
r0 0.810782 0.058179 -0.582450 387.600071 
r1 0.089919 -0.995617 0.025720 198.122242 
r2 -0.578401 -0.073226 -0.812459 966.443509 

Frame 157 
Patt 1 
r0 0.810002 0.060702 -0.583277 387.678806 
r1 0.090764 -0.995620 0.022429 199.677481 
r2 -0.579360 -0.071108 -0.811964 965.937091 

Frame 158 
Patt 1 
r0 0.810733 0.062545 -0.582066 387.065727 
r1 0.090408 -0.995725 0.018932 201.365837 
r2 -0.578393 -0.067972 -0.812921 966.047617 

Frame 159 
Patt 1 
r0 0.809043 0.062957 -0.584367 386.838721 
r1 0.090004 -0.995791 0.017327 203.390080 
r2 -0.580817 -0.066614 -0.811304 965.477964 

Frame 160 
Patt 1 
r0 0.810778 0.065614 -0.581664 386.789111 
r1 0.091131 -0.995730 0.014705 205.024687 
r2 -0.578216 -0.064930 -0.813296 965.636912 

Frame 161 
Patt 1 
r0 0.809185 0.060534 -0.584427 386.559588 
r1 0.089076 -0.995820 0.020186 206.573142 
r2 -0.580763 -0.068393 -0.811195 964.229676 

Frame 162 
Patt 0 
r0 0.511105 -0.025063 0.859153 -246.090418 
r1 -0.131764 -0.990044 0.049504 -42.593706 
r2 0.849359 -0.138507 -0.509319 1035.776639 

Frame 162 
Patt 1 
r0 0.812059 0.060882 -0.580391 388.623568 
r1 0.089152 -0.995812 0.020279 207.283003 
r2 -0.576726 -0.068211 -0.814085 964.131160 

Frame 163 
Patt 0 
r0 0.510965 -0.024366 0.859256 -245.530335 
r1 -0.123600 -0.991293 0.045390 -41.589255 
r2 0.850669 -0.129397 -0.509528 1034.340588 

Frame 163 
Patt 1 
r0 0.815072 0.065049 -0.575697 388.763089 
r1 0.090382 -0.995787 0.015447 208.396648 
r2 -0.572267 -0.064623 -0.817517 964.479857 

