NumPatterns 4 
Frame 1 
Patt 2 
r0 0.543276 -0.052415 -0.837916 320.412735 
r1 -0.001692 -0.998116 0.061340 -64.300136 
r2 -0.839552 -0.031907 -0.542341 899.250186 

Frame 2 
Patt 2 
r0 0.533817 -0.053414 -0.843911 317.047189 
r1 -0.003059 -0.998118 0.061240 -58.876003 
r2 -0.845594 -0.030109 -0.532976 892.850364 

Frame 3 
Patt 2 
r0 0.532261 -0.058512 -0.844556 320.911660 
r1 -0.008049 -0.997913 0.064064 -51.713001 
r2 -0.846542 -0.027301 -0.531622 896.000839 

Frame 4 
Patt 2 
r0 0.534408 -0.056441 -0.843340 324.687503 
r1 -0.023956 -0.998379 0.051636 -46.864845 
r2 -0.844887 -0.007391 -0.534893 901.402656 

Frame 5 
Patt 2 
r0 0.540074 -0.050842 -0.840080 313.559138 
r1 -0.020413 -0.998671 0.047317 -32.710918 
r2 -0.841370 -0.008406 -0.540394 900.488314 

Frame 6 
Patt 2 
r0 0.540074 -0.050842 -0.840080 313.559138 
r1 -0.020413 -0.998671 0.047317 -32.710918 
r2 -0.841370 -0.008406 -0.540394 900.488314 

Frame 7 
Patt 2 
r0 0.521268 -0.045830 -0.852162 302.087527 
r1 -0.028109 -0.998937 0.036530 -19.221912 
r2 -0.852930 0.004911 -0.522002 886.111274 

Frame 8 
Patt 2 
r0 0.545243 -0.035171 -0.837540 305.008201 
r1 -0.032569 -0.999254 0.020759 -6.663150 
r2 -0.837645 0.015959 -0.545982 910.104847 

Frame 9 
Patt 2 
r0 0.549929 -0.029597 -0.834687 299.993424 
r1 -0.024483 -0.999514 0.019312 -0.500194 
r2 -0.834852 0.009816 -0.550387 917.321114 

Frame 10 
Patt 2 
r0 0.529509 -0.022197 -0.848014 294.093097 
r1 -0.015626 -0.999743 0.016411 9.567530 
r2 -0.848160 0.004561 -0.529720 905.697754 

Frame 11 
Patt 2 
r0 0.542720 -0.059960 -0.837770 318.106804 
r1 -0.025018 -0.998160 0.055233 34.572198 
r2 -0.839541 -0.009016 -0.543222 891.011930 

Frame 12 
Patt 2 
r0 0.542720 -0.059960 -0.837770 318.106804 
r1 -0.025018 -0.998160 0.055233 34.572198 
r2 -0.839541 -0.009016 -0.543222 891.011930 

Frame 13 
Patt 2 
r0 0.494751 -0.028347 -0.868573 325.248454 
r1 -0.052441 -0.998620 0.002720 51.050693 
r2 -0.867451 0.044203 -0.495555 895.853980 

Frame 14 
Patt 2 
r0 0.516084 -0.039427 -0.855630 330.608530 
r1 -0.060421 -0.998127 0.009549 62.263797 
r2 -0.854404 0.046769 -0.517500 915.830032 

Frame 15 
Patt 2 
r0 0.536475 -0.021677 -0.843638 323.908321 
r1 -0.053894 -0.998510 -0.008615 68.695905 
r2 -0.842194 0.050089 -0.536843 906.549158 

Frame 16 
Patt 2 
r0 0.571438 -0.001758 -0.820643 310.468811 
r1 -0.053304 -0.997966 -0.034979 79.699250 
r2 -0.818912 0.063732 -0.570370 909.016893 

Frame 17 
Patt 2 
r0 0.502554 -0.030860 -0.863995 300.620809 
r1 -0.072020 -0.997383 -0.006267 94.904824 
r2 -0.861541 0.065375 -0.503461 902.637772 

Frame 18 
Patt 2 
r0 0.513699 -0.027417 -0.857532 309.246526 
r1 -0.087274 -0.995975 -0.020438 113.552154 
r2 -0.853520 0.085340 -0.514024 918.312256 

Frame 19 
Patt 2 
r0 0.550033 -0.018140 -0.834946 307.200631 
r1 -0.089779 -0.995255 -0.037521 124.585333 
r2 -0.830303 0.095599 -0.549052 927.417320 

Frame 20 
Patt 2 
r0 0.583269 -0.005270 -0.812262 295.041243 
r1 -0.086851 -0.994651 -0.055913 133.599409 
r2 -0.807623 0.103158 -0.580606 934.244309 

Frame 21 
Patt 2 
r0 0.562180 -0.017436 -0.826831 289.538679 
r1 -0.087159 -0.995459 -0.038270 138.899010 
r2 -0.822409 0.093580 -0.561147 954.802847 

Frame 22 
Patt 2 
r0 0.560267 -0.036967 -0.827487 290.360025 
r1 -0.090201 -0.995785 -0.016587 135.746217 
r2 -0.823386 0.083933 -0.561240 954.476716 

Frame 23 
Patt 2 
r0 0.555477 -0.028614 -0.831039 292.724078 
r1 -0.088997 -0.995713 -0.025202 132.600290 
r2 -0.826755 0.087959 -0.555642 956.243294 

Frame 24 
Patt 2 
r0 0.563825 -0.021155 -0.825623 286.761897 
r1 -0.083155 -0.996046 -0.031265 127.478503 
r2 -0.821697 0.086283 -0.563355 960.239022 

Frame 25 
Patt 2 
r0 0.552951 -0.028856 -0.832714 279.351054 
r1 -0.081288 -0.996501 -0.019446 125.464905 
r2 -0.829239 0.078442 -0.553362 952.436813 

Frame 26 
Patt 2 
r0 0.545860 -0.033199 -0.837218 278.232711 
r1 -0.089821 -0.995775 -0.019077 131.828057 
r2 -0.833048 0.085613 -0.546536 947.287367 

Frame 27 
Patt 2 
r0 0.560818 -0.028744 -0.827440 280.791955 
r1 -0.090014 -0.995590 -0.026425 137.225087 
r2 -0.823031 0.089301 -0.560932 961.189498 

Frame 28 
Patt 2 
r0 0.562809 -0.026251 -0.826170 278.425852 
r1 -0.083427 -0.996196 -0.025180 133.062315 
r2 -0.822366 0.083097 -0.562858 964.680427 

Frame 29 
Patt 2 
r0 0.558127 -0.029931 -0.829215 277.973677 
r1 -0.080099 -0.996625 -0.017940 129.587502 
r2 -0.825880 0.076432 -0.558641 961.392055 

Frame 30 
Patt 2 
r0 0.549797 -0.037196 -0.834470 287.098100 
r1 -0.088371 -0.995992 -0.013829 129.671604 
r2 -0.830611 0.081346 -0.550880 960.712679 

Frame 31 
Patt 2 
r0 0.549797 -0.037196 -0.834470 287.098100 
r1 -0.088371 -0.995992 -0.013829 129.671604 
r2 -0.830611 0.081346 -0.550880 960.712679 

Frame 32 
Patt 2 
r0 0.549621 -0.031727 -0.834811 282.091896 
r1 -0.086091 -0.996109 -0.018823 129.212443 
r2 -0.830966 0.082215 -0.550214 959.419522 

Frame 33 
Patt 2 
r0 0.543090 -0.037442 -0.838839 278.739432 
r1 -0.087551 -0.996085 -0.012222 132.433114 
r2 -0.835098 0.080079 -0.544242 953.899459 

Frame 34 
Patt 2 
r0 0.547459 -0.041638 -0.835796 281.411211 
r1 -0.092255 -0.995677 -0.010825 138.013369 
r2 -0.831732 0.083033 -0.548933 958.153324 

Frame 35 
Patt 2 
r0 0.547509 -0.044099 -0.835637 285.574753 
r1 -0.092094 -0.995720 -0.007793 140.037073 
r2 -0.831717 0.081224 -0.549226 960.011256 

Frame 36 
Patt 2 
r0 0.540266 -0.042314 -0.840430 289.291990 
r1 -0.091949 -0.995723 -0.008977 139.601096 
r2 -0.836456 0.082126 -0.541846 957.727446 

Frame 37 
Patt 2 
r0 0.536880 -0.045752 -0.842417 290.961212 
r1 -0.097057 -0.995248 -0.007803 141.982851 
r2 -0.838057 0.085952 -0.538769 955.569085 

Frame 38 
Patt 2 
r0 0.539847 -0.047727 -0.840409 297.979257 
r1 -0.095032 -0.995464 -0.004512 143.230065 
r2 -0.836382 0.082301 -0.541934 958.567109 

Frame 39 
Patt 2 
r0 0.532600 -0.046929 -0.845065 301.330312 
r1 -0.089796 -0.995959 -0.001285 141.719743 
r2 -0.841590 0.076568 -0.534662 954.799090 

Frame 40 
Patt 2 
r0 0.528297 -0.055500 -0.847244 306.371214 
r1 -0.094743 -0.995483 0.006134 144.677790 
r2 -0.843757 0.077030 -0.531169 944.449272 

Frame 41 
Patt 2 
r0 0.534497 -0.062482 -0.842858 316.663718 
r1 -0.099429 -0.994987 0.010707 149.728494 
r2 -0.839302 0.078082 -0.538030 945.595880 

Frame 42 
Patt 2 
r0 0.525492 -0.058226 -0.848804 328.465479 
r1 -0.099391 -0.995026 0.006724 150.102067 
r2 -0.844973 0.080830 -0.528666 949.002148 

Frame 43 
Patt 2 
r0 0.515263 -0.048600 -0.855653 335.925787 
r1 -0.099125 -0.995070 -0.003173 149.599098 
r2 -0.851280 0.086451 -0.517541 947.482225 

Frame 45 
Patt 3 
r0 0.783049 -0.064178 0.618640 -337.188611 
r1 0.030925 -0.989414 -0.141786 14.840026 
r2 0.621191 0.130157 -0.772775 981.181095 

Frame 46 
Patt 3 
r0 0.801262 -0.071563 0.594018 -327.011547 
r1 0.026544 -0.987592 -0.154783 9.731316 
r2 0.597724 0.139790 -0.789420 992.286243 

Frame 47 
Patt 3 
r0 0.803373 -0.036426 0.594361 -315.128790 
r1 0.018965 -0.996056 -0.086679 13.358362 
r2 0.595174 0.080908 -0.799513 994.466496 

Frame 48 
Patt 3 
r0 0.811561 -0.044212 0.582592 -298.834616 
r1 0.016536 -0.994995 -0.098544 21.877010 
r2 0.584033 0.089608 -0.806768 989.068982 

Frame 49 
Patt 3 
r0 0.852571 -0.053175 0.519900 -289.698392 
r1 0.010928 -0.992779 -0.119461 28.238217 
r2 0.522498 0.107531 -0.845833 1016.736568 

Frame 50 
Patt 3 
r0 0.838893 -0.042858 0.542606 -271.421184 
r1 0.015812 -0.994556 -0.103001 20.911207 
r2 0.544066 0.094987 -0.833648 1028.626166 

Frame 51 
Patt 3 
r0 0.838893 -0.042858 0.542606 -271.421184 
r1 0.015812 -0.994556 -0.103001 20.911207 
r2 0.544066 0.094987 -0.833648 1028.626166 

Frame 52 
Patt 3 
r0 0.837956 -0.026814 0.545079 -263.192905 
r1 0.013307 -0.997491 -0.069527 21.582575 
r2 0.545576 0.065514 -0.835497 1031.325363 

Frame 53 
Patt 3 
r0 0.855006 -0.044087 0.516741 -253.444212 
r1 0.012760 -0.994290 -0.105942 23.292918 
r2 0.518461 0.097174 -0.849562 1029.047889 

Frame 54 
Patt 3 
r0 0.856734 -0.032145 0.514756 -240.710338 
r1 0.012873 -0.996412 -0.083647 26.106537 
r2 0.515598 0.078289 -0.853246 1032.163466 

Frame 55 
Patt 3 
r0 0.864055 -0.014879 0.503178 -231.399815 
r1 0.021106 -0.997613 -0.065742 29.333557 
r2 0.502956 0.067425 -0.861678 1041.087416 

Frame 56 
Patt 3 
r0 0.873873 -0.012745 0.485988 -220.738014 
r1 0.020645 -0.997782 -0.063290 29.619537 
r2 0.485717 0.065341 -0.871671 1043.627771 

Frame 57 
Patt 3 
r0 0.881139 -0.027053 0.472084 -205.970316 
r1 0.021699 -0.994997 -0.097520 29.406992 
r2 0.472360 0.096173 -0.876143 1041.838608 

Frame 58 
Patt 3 
r0 0.869965 -0.013290 0.492934 -197.486754 
r1 0.022837 -0.997478 -0.067198 32.277441 
r2 0.492584 0.069717 -0.867468 1048.638437 

Frame 59 
Patt 3 
r0 0.875377 -0.034905 0.482180 -191.375032 
r1 0.022952 -0.993265 -0.113571 30.982401 
r2 0.482896 0.110484 -0.868680 1050.547044 

Frame 60 
Patt 3 
r0 0.879940 -0.044034 0.473040 -180.384993 
r1 0.021004 -0.991116 -0.131331 29.247614 
r2 0.474621 0.125499 -0.871197 1047.098647 

Frame 61 
Patt 3 
r0 0.882528 -0.014599 0.470034 -171.571381 
r1 0.017021 -0.997871 -0.062953 27.823127 
r2 0.469952 0.063559 -0.880401 1057.347812 

Frame 62 
Patt 3 
r0 0.880924 -0.014552 0.473035 -163.654379 
r1 0.018367 -0.997723 -0.064898 27.592416 
r2 0.472902 0.065858 -0.878650 1056.834139 

Frame 63 
Patt 3 
r0 0.877148 -0.031354 0.479196 -156.390307 
r1 0.020736 -0.994463 -0.103024 30.709111 
r2 0.479773 0.100304 -0.871640 1053.962189 

Frame 64 
Patt 3 
r0 0.891362 -0.015030 0.453043 -148.829035 
r1 0.017485 -0.997566 -0.067497 33.814563 
r2 0.452955 0.068085 -0.888930 1059.749178 

Frame 65 
Patt 3 
r0 0.885984 -0.029950 0.462747 -138.829721 
r1 0.020445 -0.994419 -0.103505 34.693859 
r2 0.463264 0.101165 -0.880427 1057.950588 

Frame 66 
Patt 3 
r0 0.878579 -0.027368 0.476813 -132.666948 
r1 0.022108 -0.994956 -0.097844 38.492476 
r2 0.477086 0.096505 -0.873542 1060.101252 

Frame 67 
Patt 3 
r0 0.898353 -0.029314 0.438296 -128.406923 
r1 0.017079 -0.994686 -0.101532 39.760621 
r2 0.438943 0.098697 -0.893078 1066.943938 

Frame 68 
Patt 3 
r0 0.906154 -0.031584 0.421767 -117.566719 
r1 0.013206 -0.994609 -0.102853 39.860574 
r2 0.422742 0.098771 -0.900852 1067.032836 

Frame 69 
Patt 3 
r0 0.900180 -0.027549 0.434646 -98.944987 
r1 0.012879 -0.995877 -0.089794 41.809191 
r2 0.435327 0.086428 -0.896114 1072.235990 

Frame 70 
Patt 3 
r0 0.900180 -0.027549 0.434646 -98.944987 
r1 0.012879 -0.995877 -0.089794 41.809191 
r2 0.435327 0.086428 -0.896114 1072.235990 

Frame 71 
Patt 3 
r0 0.908842 -0.025188 0.416380 -90.581489 
r1 0.013310 -0.995916 -0.089297 42.472228 
r2 0.416929 0.086699 -0.904795 1069.152666 

Frame 72 
Patt 3 
r0 0.909432 -0.028213 0.414894 -79.257483 
r1 0.010853 -0.995746 -0.091500 46.103039 
r2 0.415710 0.087716 -0.905257 1071.015987 

Frame 73 
Patt 3 
r0 0.907105 -0.034106 0.419521 -64.858720 
r1 0.015500 -0.993329 -0.114270 46.922221 
r2 0.420619 0.110157 -0.900525 1073.295098 

Frame 74 
Patt 3 
r0 0.907105 -0.034106 0.419521 -64.858720 
r1 0.015500 -0.993329 -0.114270 46.922221 
r2 0.420619 0.110157 -0.900525 1073.295098 

Frame 75 
Patt 3 
r0 0.911985 -0.026956 0.409337 -60.725690 
r1 0.015691 -0.994816 -0.100472 49.025163 
r2 0.409923 0.098052 -0.906834 1078.757226 

Frame 76 
Patt 3 
r0 0.918638 -0.019988 0.394594 -55.348894 
r1 0.014496 -0.996342 -0.084216 50.021732 
r2 0.394834 0.083084 -0.914988 1082.354953 

Frame 77 
Patt 3 
r0 0.921545 -0.027902 0.387268 -39.145285 
r1 0.017936 -0.993291 -0.114245 47.226766 
r2 0.387857 0.112228 -0.914862 1078.331316 

Frame 78 
Patt 3 
r0 0.921545 -0.027902 0.387268 -39.145285 
r1 0.017936 -0.993291 -0.114245 47.226766 
r2 0.387857 0.112228 -0.914862 1078.331316 

Frame 79 
Patt 3 
r0 0.927845 -0.021755 0.372332 -29.797962 
r1 0.014283 -0.995493 -0.093758 45.925462 
r2 0.372693 0.092311 -0.923352 1086.451648 

Frame 80 
Patt 3 
r0 0.932604 -0.020476 0.360320 -22.355336 
r1 0.019062 -0.994201 -0.105834 40.536863 
r2 0.360398 0.105569 -0.926806 1087.890344 

Frame 81 
Patt 3 
r0 0.935058 -0.008447 0.354394 -13.367603 
r1 0.019526 -0.996971 -0.075282 36.282985 
r2 0.353956 0.077313 -0.932061 1086.350195 

Frame 82 
Patt 3 
r0 0.934167 -0.008656 0.356732 -1.907649 
r1 0.013455 -0.998140 -0.059453 37.123479 
r2 0.356583 0.060338 -0.932313 1081.665375 

Frame 83 
Patt 3 
r0 0.936892 -0.009613 0.349486 10.054466 
r1 0.012503 -0.998061 -0.060970 38.711750 
r2 0.349394 0.061491 -0.934956 1083.947442 

Frame 84 
Patt 3 
r0 0.940060 -0.013196 0.340753 20.794158 
r1 0.022082 -0.994798 -0.099442 38.836115 
r2 0.340292 0.101006 -0.934879 1082.151179 

Frame 85 
Patt 3 
r0 0.936138 -0.008992 0.351518 29.995915 
r1 0.009682 -0.998635 -0.051330 41.980507 
r2 0.351500 0.051455 -0.934773 1083.751163 

Frame 86 
Patt 3 
r0 0.945116 -0.016605 0.326312 40.150000 
r1 0.020835 -0.993612 -0.110908 43.585678 
r2 0.326069 0.111619 -0.938733 1085.567964 

Frame 87 
Patt 3 
r0 0.942409 -0.013031 0.334209 49.095608 
r1 0.006516 -0.998336 -0.057300 45.551191 
r2 0.334399 0.056178 -0.940756 1086.329185 

Frame 88 
Patt 3 
r0 0.940260 -0.019052 0.339923 56.331176 
r1 0.015518 -0.994997 -0.098693 46.101884 
r2 0.340102 0.098072 -0.935261 1083.914637 

Frame 89 
Patt 3 
r0 0.950085 -0.016890 0.311534 63.746200 
r1 0.019429 -0.993393 -0.113110 47.354214 
r2 0.311386 0.113517 -0.943479 1088.193826 

Frame 90 
Patt 3 
r0 0.953201 -0.013755 0.302023 72.085011 
r1 0.016661 -0.995057 -0.097901 47.819751 
r2 0.301877 0.098351 -0.948260 1091.674210 

Frame 91 
Patt 3 
r0 0.949444 -0.012910 0.313671 79.790181 
r1 0.011711 -0.997002 -0.076481 46.301648 
r2 0.313718 0.076288 -0.946447 1088.301842 

Frame 92 
Patt 3 
r0 0.959025 -0.013432 0.283003 98.180089 
r1 0.016600 -0.994496 -0.103456 43.736727 
r2 0.282835 0.103915 -0.953523 1090.202179 

Frame 93 
Patt 3 
r0 0.959025 -0.013432 0.283003 98.180089 
r1 0.016600 -0.994496 -0.103456 43.736727 
r2 0.282835 0.103915 -0.953523 1090.202179 

Frame 94 
Patt 3 
r0 0.963323 -0.012510 0.268051 113.168468 
r1 0.015992 -0.994461 -0.103886 40.097838 
r2 0.267866 0.104363 -0.957787 1091.849518 

Frame 95 
Patt 3 
r0 0.963323 -0.012510 0.268051 113.168468 
r1 0.015992 -0.994461 -0.103886 40.097838 
r2 0.267866 0.104363 -0.957787 1091.849518 

Frame 96 
Patt 3 
r0 0.962312 -0.012161 0.271676 120.945600 
r1 0.008678 -0.997118 -0.075372 40.634518 
r2 0.271810 0.074889 -0.959433 1089.315655 

Frame 97 
Patt 3 
r0 0.960214 -0.004861 0.279222 127.620107 
r1 0.025683 -0.994074 -0.105627 42.733810 
r2 0.278081 0.108595 -0.954399 1081.309331 

Frame 98 
Patt 3 
r0 0.968628 0.000150 0.248514 147.794080 
r1 0.014503 -0.998330 -0.055924 41.760379 
r2 0.248091 0.057774 -0.967012 1088.937548 

Frame 99 
Patt 3 
r0 0.968628 0.000150 0.248514 147.794080 
r1 0.014503 -0.998330 -0.055924 41.760379 
r2 0.248091 0.057774 -0.967012 1088.937548 

Frame 100 
Patt 3 
r0 0.961068 -0.011244 0.276084 152.645687 
r1 0.007672 -0.997701 -0.067341 41.860593 
r2 0.276207 0.066837 -0.958771 1081.501931 

Frame 101 
Patt 3 
r0 0.966135 -0.008398 0.257901 159.796991 
r1 0.025604 -0.991418 -0.128198 42.612341 
r2 0.256764 0.130460 -0.957628 1080.010902 

Frame 102 
Patt 3 
r0 0.976742 -0.004622 0.214368 170.672085 
r1 0.012672 -0.996776 -0.079230 40.544370 
r2 0.214043 0.080103 -0.973534 1093.903531 

Frame 103 
Patt 3 
r0 0.969459 0.001137 0.245252 180.592220 
r1 0.015372 -0.998305 -0.056134 38.703777 
r2 0.244772 0.058190 -0.967833 1079.313737 

Frame 104 
Patt 3 
r0 0.969459 0.001137 0.245252 180.592220 
r1 0.015372 -0.998305 -0.056134 38.703777 
r2 0.244772 0.058190 -0.967833 1079.313737 

Frame 105 
Patt 3 
r0 0.971322 0.000235 0.237766 188.940816 
r1 0.015781 -0.997858 -0.063482 38.548655 
r2 0.237242 0.065414 -0.969246 1078.855739 

Frame 106 
Patt 3 
r0 0.973968 -0.003561 0.226660 194.075745 
r1 0.013651 -0.997141 -0.074322 34.647027 
r2 0.226276 0.075482 -0.971134 1078.238115 

Frame 107 
Patt 3 
r0 0.970960 0.000449 0.239242 198.708250 
r1 0.013270 -0.998560 -0.051980 34.510439 
r2 0.238874 0.053645 -0.969568 1076.427587 

Frame 108 
Patt 3 
r0 0.977449 0.004373 0.211126 205.885607 
r1 0.018850 -0.997601 -0.066608 35.203801 
r2 0.210328 0.069085 -0.975187 1080.717366 

Frame 109 
Patt 3 
r0 0.977228 0.006597 0.212088 212.710217 
r1 0.019737 -0.998009 -0.059900 34.421359 
r2 0.211271 0.062722 -0.975413 1083.527663 

Frame 110 
Patt 3 
r0 0.978655 0.005358 0.205439 212.717826 
r1 0.020242 -0.997312 -0.070417 30.461759 
r2 0.204510 0.073072 -0.976133 1081.454679 

Frame 111 
Patt 3 
r0 0.976511 0.003485 0.215440 216.222011 
r1 0.016042 -0.998270 -0.056568 27.418450 
r2 0.214870 0.058695 -0.974877 1080.256816 

Frame 112 
Patt 3 
r0 0.980567 0.007446 0.196043 220.800860 
r1 0.021146 -0.997469 -0.067885 26.028417 
r2 0.195042 0.070711 -0.978243 1082.265298 

Frame 113 
Patt 3 
r0 0.978391 0.006247 0.206667 223.961005 
r1 0.018871 -0.998070 -0.059167 23.742092 
r2 0.205898 0.061788 -0.976621 1080.037368 

Frame 114 
Patt 3 
r0 0.977205 0.014768 0.211784 226.810406 
r1 0.032816 -0.996095 -0.081962 25.332473 
r2 0.209746 0.087044 -0.973874 1073.662307 

Frame 115 
Patt 3 
r0 0.976407 0.007732 0.215801 233.571749 
r1 0.022564 -0.997541 -0.066349 26.248388 
r2 0.214758 0.069653 -0.974180 1070.642489 

Frame 116 
Patt 3 
r0 0.979804 0.007942 0.199804 242.601174 
r1 0.016439 -0.999028 -0.040904 27.087597 
r2 0.199285 0.043362 -0.978982 1076.913967 

Frame 117 
Patt 3 
r0 0.978669 0.016455 0.204781 245.699217 
r1 0.033942 -0.996040 -0.082177 21.072621 
r2 0.202618 0.087375 -0.975352 1074.341966 

Frame 118 
Patt 3 
r0 0.979957 0.018306 0.198367 249.493085 
r1 0.028111 -0.998512 -0.046727 14.447262 
r2 0.197216 0.051367 -0.979013 1072.833910 

Frame 119 
Patt 3 
r0 0.982933 0.008670 0.183761 257.935164 
r1 0.014762 -0.999385 -0.031812 8.825729 
r2 0.183372 0.033982 -0.982456 1079.675358 

Frame 120 
Patt 3 
r0 0.987810 0.007588 0.155477 262.613435 
r1 0.016000 -0.998470 -0.052923 4.586030 
r2 0.154837 0.054766 -0.986421 1076.728409 

Frame 121 
Patt 3 
r0 0.982713 0.007636 0.184978 263.762652 
r1 0.018245 -0.998280 -0.055721 3.078863 
r2 0.184235 0.058133 -0.981162 1065.115218 

Frame 122 
Patt 3 
r0 0.982869 0.007488 0.184152 267.466243 
r1 0.017625 -0.998414 -0.053473 3.239624 
r2 0.183459 0.055802 -0.981442 1065.127179 

Frame 123 
Patt 3 
r0 0.983263 0.010907 0.181863 272.366355 
r1 0.019761 -0.998702 -0.046947 3.645717 
r2 0.181115 0.049755 -0.982203 1068.846577 

Frame 124 
Patt 3 
r0 0.985493 0.013533 0.169175 278.832625 
r1 0.012224 -0.999887 0.008773 -0.507237 
r2 0.169274 -0.006578 -0.985547 1067.201243 

Frame 125 
Patt 3 
r0 0.988041 0.009092 0.153924 283.350040 
r1 0.007830 -0.999931 0.008805 -7.700332 
r2 0.153994 -0.007494 -0.988043 1064.989726 

Frame 126 
Patt 3 
r0 0.989936 0.008461 0.141260 290.975444 
r1 0.010570 -0.999843 -0.014186 -14.999380 
r2 0.141118 0.015537 -0.989871 1066.578597 

Frame 130 
Patt 1 
r0 0.999930 -0.010544 0.005432 -287.009471 
r1 -0.010129 -0.997399 -0.071365 409.018519 
r2 0.006171 0.071305 -0.997435 1056.710151 

Frame 131 
Patt 1 
r0 0.999885 -0.014963 -0.002491 -288.775958 
r1 -0.015110 -0.996953 -0.076532 408.046957 
r2 -0.001338 0.076561 -0.997064 1067.746999 

Frame 132 
Patt 1 
r0 0.999931 -0.010282 -0.005633 -283.661596 
r1 -0.010475 -0.999317 -0.035427 400.817503 
r2 -0.005265 0.035483 -0.999356 1061.412856 

Frame 133 
Patt 1 
r0 0.999952 -0.008677 -0.004550 -285.956361 
r1 -0.009028 -0.996446 -0.083750 396.322949 
r2 -0.003807 0.083787 -0.996476 1073.943595 

Frame 134 
Patt 1 
r0 0.999937 -0.011161 0.000934 -286.592389 
r1 -0.011065 -0.997348 -0.071934 387.187671 
r2 0.001735 0.071919 -0.997409 1077.502508 

Frame 135 
Patt 1 
r0 0.999899 -0.009189 -0.010834 -282.541585 
r1 -0.009585 -0.999264 -0.037147 374.865562 
r2 -0.010484 0.037247 -0.999251 1077.690546 

Frame 136 
Patt 1 
r0 0.999858 -0.011368 -0.012475 -275.162552 
r1 -0.011646 -0.999680 -0.022447 363.796200 
r2 -0.012216 0.022589 -0.999670 1081.071911 

Frame 137 
Patt 1 
r0 0.999214 -0.010257 -0.038295 -271.237174 
r1 -0.010769 -0.999855 -0.013200 351.028815 
r2 -0.038154 0.013602 -0.999179 1088.448480 

Frame 138 
Patt 1 
r0 0.999407 -0.007439 -0.033617 -267.927638 
r1 -0.007769 -0.999923 -0.009706 337.344649 
r2 -0.033542 0.009962 -0.999388 1086.516692 

Frame 139 
Patt 1 
r0 0.999951 -0.003987 -0.009114 -270.803700 
r1 -0.004130 -0.999868 -0.015741 333.040793 
r2 -0.009050 0.015778 -0.999835 1102.381542 

Frame 140 
Patt 1 
r0 0.999813 0.002048 -0.019205 -270.018457 
r1 0.002053 -0.999998 0.000242 320.972873 
r2 -0.019204 -0.000282 -0.999816 1098.823548 

Frame 141 
Patt 1 
r0 0.999960 0.008728 -0.001906 -278.464192 
r1 0.008721 -0.999956 -0.003539 308.057584 
r2 -0.001937 0.003522 -0.999992 1101.542505 

Frame 142 
Patt 1 
r0 0.999785 0.018193 0.009964 -284.786700 
r1 0.017900 -0.999426 0.028747 294.755302 
r2 0.010481 -0.028562 -0.999537 1105.896302 

Frame 143 
Patt 1 
r0 0.999635 0.014759 -0.022618 -277.298818 
r1 0.015866 -0.998644 0.049579 281.360743 
r2 -0.021856 -0.049920 -0.998514 1095.818326 

Frame 144 
Patt 1 
r0 0.997384 0.005054 -0.072106 -267.325095 
r1 0.009424 -0.998130 0.060390 276.308757 
r2 -0.071666 -0.060912 -0.995567 1089.481812 

Frame 145 
Patt 1 
r0 0.998760 0.005608 -0.049467 -260.856241 
r1 0.008216 -0.998578 0.052681 279.070290 
r2 -0.049101 -0.053023 -0.997385 1094.578058 

Frame 146 
Patt 1 
r0 0.998294 0.005936 -0.058090 -257.377573 
r1 0.009907 -0.997615 0.068308 277.141795 
r2 -0.057546 -0.068767 -0.995972 1099.413134 

Frame 147 
Patt 1 
r0 0.998279 0.005628 -0.058370 -254.595807 
r1 0.008856 -0.998436 0.055195 271.630463 
r2 -0.057968 -0.055617 -0.996768 1107.796669 

Frame 148 
Patt 1 
r0 0.998639 0.006987 -0.051679 -246.305640 
r1 0.011069 -0.996804 0.079120 265.639442 
r2 -0.050961 -0.079584 -0.995525 1103.957358 

Frame 149 
Patt 1 
r0 0.995223 -0.004309 -0.097536 -230.506126 
r1 0.004519 -0.995921 0.090111 257.728964 
r2 -0.097527 -0.090122 -0.991144 1100.450270 

Frame 150 
Patt 1 
r0 0.995223 -0.004309 -0.097536 -230.506126 
r1 0.004519 -0.995921 0.090111 257.728964 
r2 -0.097527 -0.090122 -0.991144 1100.450270 

Frame 151 
Patt 1 
r0 0.995745 -0.018320 -0.090314 -220.723654 
r1 -0.010931 -0.996602 0.081644 258.109294 
r2 -0.091503 -0.080310 -0.992561 1110.983702 

Frame 152 
Patt 1 
r0 0.993069 -0.023801 -0.115099 -208.732801 
r1 -0.015249 -0.997095 0.074626 256.946064 
r2 -0.116541 -0.072354 -0.990547 1110.127372 

Frame 153 
Patt 1 
r0 0.994269 -0.018272 -0.105334 -192.226454 
r1 -0.010778 -0.997399 0.071274 258.401915 
r2 -0.106363 -0.069730 -0.991879 1119.248509 

Frame 154 
Patt 1 
r0 0.993012 -0.018824 -0.116501 -187.979805 
r1 -0.009818 -0.996951 0.077407 254.812484 
r2 -0.117602 -0.075722 -0.990170 1116.238519 

Frame 155 
Patt 1 
r0 0.993012 -0.018824 -0.116501 -187.979805 
r1 -0.009818 -0.996951 0.077407 254.812484 
r2 -0.117602 -0.075722 -0.990170 1116.238519 

Frame 156 
Patt 1 
r0 0.993289 -0.025317 -0.112852 -181.678259 
r1 -0.018340 -0.997880 0.062439 255.594866 
r2 -0.114194 -0.059950 -0.991648 1118.695947 

Frame 157 
Patt 1 
r0 0.983491 -0.036755 -0.177185 -167.943297 
r1 -0.024272 -0.997101 0.072114 260.233570 
r2 -0.179322 -0.066623 -0.981532 1097.875378 

Frame 158 
Patt 1 
r0 0.985352 -0.043115 -0.164991 -154.331091 
r1 -0.035103 -0.998073 0.051177 273.496480 
r2 -0.166879 -0.044636 -0.984966 1109.313353 

Frame 159 
Patt 1 
r0 0.988260 -0.030894 -0.149624 -146.625749 
r1 -0.022374 -0.998048 0.058298 282.433556 
r2 -0.151133 -0.054266 -0.987023 1119.062948 

Frame 160 
Patt 1 
r0 0.985524 -0.033403 -0.166210 -141.462931 
r1 -0.026253 -0.998640 0.045034 283.949346 
r2 -0.167488 -0.040019 -0.985062 1114.918774 

Frame 161 
Patt 1 
r0 0.981093 -0.041933 -0.188937 -129.948508 
r1 -0.032428 -0.998061 0.053125 290.042161 
r2 -0.190799 -0.045994 -0.980551 1109.874513 

Frame 162 
Patt 1 
r0 0.985114 -0.041825 -0.166737 -118.715664 
r1 -0.036067 -0.998649 0.037411 295.868579 
r2 -0.168076 -0.030841 -0.985291 1123.760134 

Frame 163 
Patt 1 
r0 0.986165 -0.025354 -0.163817 -115.469879 
r1 -0.019855 -0.999186 0.035116 291.774233 
r2 -0.164574 -0.031378 -0.985866 1127.170246 

Frame 164 
Patt 1 
r0 0.986165 -0.025354 -0.163817 -115.469879 
r1 -0.019855 -0.999186 0.035116 291.774233 
r2 -0.164574 -0.031378 -0.985866 1127.170246 

Frame 165 
Patt 1 
r0 0.980822 -0.030995 -0.192425 -105.472093 
r1 -0.019360 -0.997885 0.062053 292.383316 
r2 -0.193942 -0.057137 -0.979348 1117.996462 

Frame 166 
Patt 1 
r0 0.982138 -0.030604 -0.185656 -97.873808 
r1 -0.020152 -0.998117 0.057927 294.375884 
r2 -0.187079 -0.053151 -0.980906 1123.873190 

Frame 167 
Patt 1 
r0 0.982539 -0.023844 -0.184523 -91.142855 
r1 -0.016098 -0.998930 0.043362 295.296872 
r2 -0.185360 -0.039634 -0.981871 1127.834058 

Frame 168 
Patt 1 
r0 0.986138 -0.021545 -0.164524 -87.414908 
r1 -0.018844 -0.999661 0.017958 297.691963 
r2 -0.164855 -0.014608 -0.986210 1134.760250 

Frame 169 
Patt 1 
r0 0.979247 -0.025038 -0.201117 -81.706863 
r1 -0.019513 -0.999377 0.029406 297.945591 
r2 -0.201728 -0.024871 -0.979126 1129.926504 

Frame 170 
Patt 1 
r0 0.976008 -0.026221 -0.216150 -57.040192 
r1 -0.021716 -0.999495 0.023188 302.610627 
r2 -0.216649 -0.017938 -0.976085 1134.152537 

Frame 171 
Patt 1 
r0 0.976008 -0.026221 -0.216150 -57.040192 
r1 -0.021716 -0.999495 0.023188 302.610627 
r2 -0.216649 -0.017938 -0.976085 1134.152537 

Frame 172 
Patt 1 
r0 0.979376 -0.019545 -0.201097 -50.946068 
r1 -0.014605 -0.999555 0.026020 302.078543 
r2 -0.201516 -0.022547 -0.979226 1135.474722 

Frame 173 
Patt 1 
r0 0.971638 -0.026044 -0.235035 -43.817625 
r1 -0.021015 -0.999494 0.023876 302.881350 
r2 -0.235538 -0.018260 -0.971693 1129.071680 

Frame 174 
Patt 1 
r0 0.969945 -0.027261 -0.241791 -32.719706 
r1 -0.023753 -0.999566 0.017410 308.050742 
r2 -0.242160 -0.011143 -0.970172 1131.612010 

Frame 175 
Patt 1 
r0 0.973692 -0.018165 -0.227142 -25.441185 
r1 -0.013164 -0.999637 0.023513 307.960482 
r2 -0.227487 -0.019905 -0.973578 1141.340079 

Frame 176 
Patt 1 
r0 0.973602 -0.010524 -0.228010 -17.861981 
r1 -0.007922 -0.999893 0.012325 304.977790 
r2 -0.228115 -0.010193 -0.973581 1142.332315 

Frame 177 
Patt 1 
r0 0.967671 -0.021638 -0.251284 -7.409882 
r1 -0.017604 -0.999678 0.018292 303.846148 
r2 -0.251599 -0.013277 -0.967740 1132.006670 

Frame 178 
Patt 1 
r0 0.967048 -0.019156 -0.253873 1.247812 
r1 -0.012591 -0.999544 0.027461 305.698843 
r2 -0.254283 -0.023359 -0.966848 1133.859139 

Frame 179 
Patt 1 
r0 0.964467 -0.015851 -0.263729 14.075751 
r1 -0.013514 -0.999852 0.010674 307.858042 
r2 -0.263859 -0.006731 -0.964538 1137.023002 

Frame 180 
Patt 1 
r0 0.959934 -0.018452 -0.279618 30.313210 
r1 -0.016035 -0.999812 0.010928 310.599959 
r2 -0.279767 -0.006006 -0.960049 1134.751292 

Frame 181 
Patt 1 
r0 0.963850 -0.012772 -0.266139 42.085110 
r1 -0.014641 -0.999880 -0.005041 313.939159 
r2 -0.266043 0.008756 -0.963921 1139.379057 

Frame 182 
Patt 1 
r0 0.962602 -0.011119 -0.270690 49.931594 
r1 -0.013558 -0.999883 -0.007141 313.942134 
r2 -0.270578 0.010544 -0.962640 1138.850491 

Frame 183 
Patt 1 
r0 0.956084 -0.015175 -0.292701 61.456769 
r1 -0.014800 -0.999884 0.003496 315.391655 
r2 -0.292720 0.000990 -0.956198 1134.036750 

Frame 184 
Patt 1 
r0 0.956572 -0.016427 -0.291032 73.087698 
r1 -0.016286 -0.999863 0.002907 316.572488 
r2 -0.291040 0.001959 -0.956709 1136.850103 

Frame 185 
Patt 1 
r0 0.950123 -0.015620 -0.311483 79.442108 
r1 -0.016403 -0.999865 0.000106 314.081802 
r2 -0.311443 0.005009 -0.950252 1134.000760 

Frame 186 
Patt 1 
r0 0.951982 -0.010455 -0.305977 89.068986 
r1 -0.012606 -0.999908 -0.005053 315.508190 
r2 -0.305896 0.008667 -0.952026 1134.981569 

Frame 187 
Patt 1 
r0 0.941630 -0.017716 -0.336182 100.845607 
r1 -0.019019 -0.999819 -0.000584 317.556302 
r2 -0.336111 0.006944 -0.941797 1129.298076 

Frame 188 
Patt 1 
r0 0.952017 0.001276 -0.306042 113.446063 
r1 -0.010020 -0.999325 -0.035335 322.639239 
r2 -0.305881 0.036706 -0.951362 1140.878090 

Frame 189 
Patt 1 
r0 0.950088 -0.001998 -0.311976 120.314931 
r1 -0.006421 -0.999893 -0.013153 319.633317 
r2 -0.311916 0.014500 -0.949999 1135.621472 

Frame 190 
Patt 1 
r0 0.937805 -0.004506 -0.347132 124.789816 
r1 -0.013761 -0.999612 -0.024200 319.582883 
r2 -0.346888 0.027471 -0.937504 1134.076429 

Frame 191 
Patt 1 
r0 0.940026 -0.011465 -0.340910 138.525484 
r1 -0.009971 -0.999931 0.006132 319.772935 
r2 -0.340957 -0.002365 -0.940076 1127.293546 

Frame 192 
Patt 1 
r0 0.936383 -0.006029 -0.350928 149.555556 
r1 -0.011919 -0.999821 -0.014666 319.952860 
r2 -0.350777 0.017920 -0.936287 1129.111562 

Frame 193 
Patt 1 
r0 0.938791 0.001597 -0.344483 157.687000 
r1 -0.006789 -0.999709 -0.023135 320.866252 
r2 -0.344420 0.024057 -0.938507 1127.653405 

Frame 194 
Patt 1 
r0 0.921711 -0.016904 -0.387509 178.100099 
r1 -0.016137 -0.999856 0.005235 321.200653 
r2 -0.387542 0.001428 -0.921851 1117.221675 

Frame 195 
Patt 1 
r0 0.920602 -0.003113 -0.390490 189.627716 
r1 -0.016106 -0.999420 -0.030004 324.156088 
r2 -0.390170 0.033911 -0.920118 1127.012281 

Frame 196 
Patt 1 
r0 0.920602 -0.003113 -0.390490 189.627716 
r1 -0.016106 -0.999420 -0.030004 324.156088 
r2 -0.390170 0.033911 -0.920118 1127.012281 

Frame 197 
Patt 1 
r0 0.927388 0.004990 -0.374068 197.999771 
r1 -0.007821 -0.999434 -0.032722 323.650528 
r2 -0.374019 0.033272 -0.926824 1126.420343 

Frame 198 
Patt 1 
r0 0.926089 0.014221 -0.377038 206.289363 
r1 -0.007519 -0.998395 -0.056125 324.917996 
r2 -0.377231 0.054812 -0.924496 1129.940541 

Frame 199 
Patt 1 
r0 0.920730 0.002569 -0.390192 213.623899 
r1 -0.009559 -0.999530 -0.029136 324.295627 
r2 -0.390084 0.030556 -0.920272 1120.268546 

Frame 200 
Patt 1 
r0 0.923367 0.013270 -0.383688 222.038959 
r1 -0.007972 -0.998524 -0.053720 328.066737 
r2 -0.383835 0.052662 -0.921899 1123.835284 

Frame 201 
Patt 1 
r0 0.921373 0.014939 -0.388392 226.039345 
r1 -0.006637 -0.998511 -0.054151 329.427884 
r2 -0.388623 0.052471 -0.919902 1124.455707 

Frame 202 
Patt 1 
r0 0.917346 0.019416 -0.397618 229.714118 
r1 -0.010755 -0.997237 -0.073509 331.528913 
r2 -0.397947 0.071709 -0.914602 1123.528882 

Frame 203 
Patt 1 
r0 0.912912 -0.000339 -0.408156 233.293506 
r1 -0.010789 -0.999670 -0.023300 333.048551 
r2 -0.408013 0.025674 -0.912615 1111.214705 

Frame 204 
Patt 1 
r0 0.910710 0.022480 -0.412434 241.690632 
r1 -0.015748 -0.995902 -0.089056 339.612585 
r2 -0.412746 0.087600 -0.906624 1124.691297 

Frame 205 
Patt 1 
r0 0.913176 0.004129 -0.407545 244.790457 
r1 -0.012656 -0.999179 -0.038480 338.543371 
r2 -0.407369 0.040297 -0.912374 1110.461848 

Frame 206 
Patt 1 
r0 0.919399 0.015471 -0.393022 249.533932 
r1 -0.005030 -0.998682 -0.051081 340.331324 
r2 -0.393294 0.048940 -0.918109 1115.967969 

Frame 207 
Patt 1 
r0 0.904873 0.004542 -0.425658 248.514377 
r1 -0.012765 -0.999204 -0.037797 338.211296 
r2 -0.425490 0.039635 -0.904095 1109.841683 

Frame 208 
Patt 1 
r0 0.909052 0.021157 -0.416144 251.961614 
r1 -0.005804 -0.997970 -0.063416 341.158568 
r2 -0.416641 0.060063 -0.907085 1110.475415 

Frame 209 
Patt 1 
r0 0.899882 0.008233 -0.436056 255.506034 
r1 -0.015224 -0.998619 -0.050273 342.944241 
r2 -0.435868 0.051878 -0.898514 1107.781450 

Frame 210 
Patt 1 
r0 0.908703 0.028348 -0.416480 258.678084 
r1 -0.004414 -0.996983 -0.077491 345.193419 
r2 -0.417420 0.072254 -0.905837 1115.556318 

Frame 211 
Patt 1 
r0 0.899546 0.018290 -0.436442 259.221529 
r1 -0.010931 -0.997868 -0.064347 344.152558 
r2 -0.436688 0.062654 -0.897428 1108.129027 

Frame 212 
Patt 1 
r0 0.901621 0.020716 -0.432030 263.527448 
r1 -0.009648 -0.997641 -0.067973 345.521118 
r2 -0.432419 0.065454 -0.899294 1109.349643 

Frame 213 
Patt 1 
r0 0.909905 0.026630 -0.413962 266.810785 
r1 -0.000480 -0.997869 -0.065248 345.251140 
r2 -0.414817 0.059568 -0.907953 1112.780648 

Frame 214 
Patt 1 
r0 0.900243 0.021370 -0.434863 267.474172 
r1 -0.005512 -0.998155 -0.060460 341.238618 
r2 -0.435353 0.056826 -0.898465 1109.092757 

Frame 215 
Patt 1 
r0 0.899159 0.025251 -0.436892 271.429255 
r1 -0.007189 -0.997347 -0.072440 340.761476 
r2 -0.437562 0.068276 -0.896592 1109.077364 

Frame 216 
Patt 1 
r0 0.902136 0.013528 -0.431239 274.877858 
r1 -0.004788 -0.999133 -0.041359 338.957127 
r2 -0.431425 0.039376 -0.901289 1101.437965 

Frame 217 
Patt 1 
r0 0.900787 0.030108 -0.433217 280.009145 
r1 -0.005163 -0.996781 -0.080011 340.185742 
r2 -0.434231 0.074310 -0.897731 1111.347499 

Frame 218 
Patt 1 
r0 0.894776 0.029498 -0.445540 276.820035 
r1 -0.005347 -0.997036 -0.076749 337.932711 
r2 -0.446484 0.071056 -0.891966 1106.777714 

Frame 219 
Patt 1 
r0 0.888139 0.022689 -0.459015 275.287904 
r1 -0.011341 -0.997394 -0.071244 339.424247 
r2 -0.459436 0.068480 -0.885567 1099.496291 

Frame 220 
Patt 1 
r0 0.890817 0.013567 -0.454159 278.782813 
r1 -0.013017 -0.998382 -0.055357 341.719187 
r2 -0.454175 0.055225 -0.889199 1099.657650 

Frame 221 
Patt 1 
r0 0.905082 0.028395 -0.424288 279.011246 
r1 -0.001825 -0.997500 -0.070650 342.056911 
r2 -0.425233 0.064718 -0.902767 1103.662175 

Frame 222 
Patt 1 
r0 0.902499 0.022844 -0.430085 278.427277 
r1 -0.004447 -0.998045 -0.062343 340.216795 
r2 -0.430669 0.058177 -0.900633 1100.572319 

Frame 223 
Patt 1 
r0 0.892470 0.025010 -0.450413 281.810267 
r1 -0.013820 -0.996477 -0.082715 342.034711 
r2 -0.450896 0.080045 -0.888980 1105.198452 

Frame 224 
Patt 1 
r0 0.890912 0.015419 -0.453914 276.969071 
r1 -0.015338 -0.997832 -0.064000 342.290377 
r2 -0.453917 0.063981 -0.888744 1094.289942 

Frame 225 
Patt 1 
r0 0.901934 0.037056 -0.430281 283.410857 
r1 -0.006776 -0.994975 -0.099890 348.380291 
r2 -0.431821 0.093010 -0.897151 1107.838442 

Frame 226 
Patt 1 
r0 0.897564 0.031490 -0.439758 282.007109 
r1 -0.008427 -0.996038 -0.088523 346.650957 
r2 -0.440804 0.083161 -0.893743 1100.509887 

Frame 227 
Patt 1 
r0 0.897446 0.038312 -0.439458 282.738909 
r1 -0.007291 -0.994797 -0.101616 349.196109 
r2 -0.441064 0.094399 -0.892497 1105.954257 

Frame 228 
Patt 1 
r0 0.894373 0.032319 -0.446152 283.736721 
r1 -0.010592 -0.995577 -0.093352 347.854252 
r2 -0.447196 0.088217 -0.890075 1100.243608 

Frame 229 
Patt 1 
r0 0.892181 0.026145 -0.450920 285.084146 
r1 -0.012639 -0.996487 -0.082786 346.034216 
r2 -0.451501 0.079560 -0.888717 1096.367886 

Frame 230 
Patt 1 
r0 0.902050 0.051323 -0.428569 286.135608 
r1 -0.000829 -0.992698 -0.120625 346.471913 
r2 -0.431630 0.109165 -0.895421 1104.977292 

Frame 231 
Patt 1 
r0 0.897543 0.044763 -0.438649 284.198988 
r1 -0.000930 -0.994639 -0.103404 343.695324 
r2 -0.440926 0.093217 -0.892690 1098.754209 

Frame 232 
Patt 1 
r0 0.880336 0.034026 -0.473130 287.581884 
r1 -0.008776 -0.996085 -0.087963 342.745132 
r2 -0.474270 0.081589 -0.876590 1093.134635 

Frame 233 
Patt 1 
r0 0.884734 0.040566 -0.464327 291.524809 
r1 -0.000957 -0.996045 -0.088844 341.358387 
r2 -0.466095 0.079048 -0.881196 1092.077220 

Frame 234 
Patt 1 
r0 0.880395 0.038134 -0.472706 294.217108 
r1 -0.001590 -0.996519 -0.083353 339.754002 
r2 -0.474239 0.074135 -0.877269 1086.050591 

Frame 235 
Patt 1 
r0 0.880174 0.029104 -0.473757 297.782847 
r1 -0.002264 -0.997850 -0.065506 337.519511 
r2 -0.474645 0.058729 -0.878216 1082.673057 

Frame 236 
Patt 1 
r0 0.877103 0.030818 -0.479313 301.048380 
r1 -0.006341 -0.997109 -0.075714 335.000991 
r2 -0.480261 0.069449 -0.874372 1079.770432 

Frame 237 
Patt 1 
r0 0.874808 0.031142 -0.483469 304.058313 
r1 -0.007647 -0.996920 -0.078053 335.170856 
r2 -0.484410 0.071978 -0.871875 1075.580346 

Frame 238 
Patt 1 
r0 0.871431 0.050911 -0.487869 307.610230 
r1 -0.006691 -0.993273 -0.115603 337.532126 
r2 -0.490472 0.104005 -0.865228 1078.440937 

Frame 239 
Patt 1 
r0 0.865747 0.043500 -0.498588 309.897753 
r1 -0.009366 -0.994633 -0.103041 339.753334 
r2 -0.500394 0.093877 -0.860693 1069.787711 

Frame 240 
Patt 1 
r0 0.867714 0.045132 -0.495011 315.494641 
r1 -0.008918 -0.994296 -0.106286 343.746866 
r2 -0.496984 0.096640 -0.862362 1065.651905 

Frame 241 
Patt 1 
r0 0.878366 0.053979 -0.474932 320.039656 
r1 -0.004120 -0.992711 -0.120448 347.163274 
r2 -0.477972 0.107754 -0.871741 1068.929892 

Frame 242 
Patt 1 
r0 0.868496 0.052505 -0.492908 321.196529 
r1 -0.008629 -0.992622 -0.120939 347.038030 
r2 -0.495622 0.109288 -0.861635 1068.473030 

Frame 243 
Patt 1 
r0 0.868098 0.036739 -0.495031 320.352265 
r1 -0.012397 -0.995342 -0.095611 345.858067 
r2 -0.496237 0.089136 -0.863599 1061.278640 

Frame 244 
Patt 1 
r0 0.865743 0.037082 -0.499114 319.424117 
r1 -0.014443 -0.994985 -0.098975 346.874074 
r2 -0.500281 0.092895 -0.860866 1057.565211 

Frame 245 
Patt 1 
r0 0.863451 0.047417 -0.502199 322.389991 
r1 -0.016518 -0.992380 -0.122100 350.022861 
r2 -0.504162 0.113722 -0.856089 1060.364920 

Frame 246 
Patt 1 
r0 0.869326 0.038424 -0.492743 323.031867 
r1 -0.011678 -0.995098 -0.098200 350.263373 
r2 -0.494101 0.091122 -0.864616 1055.430337 

Frame 247 
Patt 1 
r0 0.854069 0.045091 -0.518202 325.544521 
r1 -0.017590 -0.993162 -0.115410 352.218827 
r2 -0.519863 0.107684 -0.847436 1053.861275 

Frame 248 
Patt 1 
r0 0.850352 0.027682 -0.525485 327.294481 
r1 -0.020315 -0.996144 -0.085350 352.722440 
r2 -0.525822 0.083253 -0.846511 1044.142893 

Frame 249 
Patt 1 
r0 0.862813 0.049237 -0.503119 336.445903 
r1 -0.011404 -0.993096 -0.116746 355.707323 
r2 -0.505394 0.106468 -0.856295 1053.610652 

Frame 250 
Patt 0 
r0 0.435450 -0.028257 0.899769 -306.716415 
r1 0.013010 -0.999205 -0.037677 123.737437 
r2 0.900119 0.028112 -0.434736 1106.195334 

Frame 250 
Patt 1 
r0 0.856036 0.043129 -0.515115 336.483648 
r1 -0.011641 -0.994652 -0.102625 353.260661 
r2 -0.516786 0.093847 -0.850955 1050.201548 

Frame 251 
Patt 1 
r0 0.855396 0.049827 -0.515572 336.374946 
r1 -0.009405 -0.993704 -0.111639 353.274888 
r2 -0.517889 0.100344 -0.849542 1045.474557 

Frame 252 
Patt 1 
r0 0.848336 0.034728 -0.528319 341.747201 
r1 -0.012924 -0.996191 -0.086235 353.956433 
r2 -0.529301 0.079984 -0.844655 1041.055045 

Frame 253 
Patt 1 
r0 0.859799 0.059805 -0.507119 349.746616 
r1 -0.004222 -0.992251 -0.124175 354.913197 
r2 -0.510616 0.108906 -0.852884 1048.559197 

Frame 254 
Patt 1 
r0 0.847389 0.045769 -0.528996 349.847552 
r1 -0.010581 -0.994625 -0.103005 351.254852 
r2 -0.530867 0.092882 -0.842350 1044.154580 

Frame 255 
Patt 0 
r0 0.448918 -0.028069 0.893132 -290.715054 
r1 0.009787 -0.999292 -0.036324 119.747966 
r2 0.893520 0.025047 -0.448325 1106.300476 

Frame 255 
Patt 1 
r0 0.849329 0.057070 -0.524769 350.805165 
r1 -0.006343 -0.992963 -0.118254 351.795312 
r2 -0.527825 0.103765 -0.842991 1042.694945 

Frame 256 
Patt 1 
r0 0.835558 0.046215 -0.547456 351.197289 
r1 -0.013930 -0.994353 -0.105203 352.374502 
r2 -0.549226 0.095529 -0.830195 1037.111137 

Frame 257 
Patt 1 
r0 0.831236 0.054711 -0.553221 353.481575 
r1 -0.016442 -0.992291 -0.122837 355.695004 
r2 -0.555677 0.111203 -0.823928 1033.630033 

Frame 258 
Patt 0 
r0 0.440605 -0.024321 0.897372 -281.141288 
r1 0.019944 -0.999121 -0.036871 127.367079 
r2 0.897480 0.034143 -0.439732 1095.389878 

Frame 258 
Patt 1 
r0 0.844482 0.051205 -0.533131 356.017432 
r1 -0.011627 -0.993432 -0.113833 360.744030 
r2 -0.535458 0.102329 -0.838340 1036.761121 

Frame 259 
Patt 1 
r0 0.855258 0.057126 -0.515044 353.880805 
r1 -0.005424 -0.992864 -0.119130 360.896668 
r2 -0.518174 0.104680 -0.848845 1042.787158 

Frame 260 
Patt 1 
r0 0.842713 0.053214 -0.535727 348.725986 
r1 -0.010980 -0.993197 -0.115926 358.556077 
r2 -0.538251 0.103575 -0.836396 1039.337385 

Frame 261 
Patt 1 
r0 0.850315 0.066630 -0.522039 351.576758 
r1 -0.006265 -0.990601 -0.136639 361.179747 
r2 -0.526237 0.119457 -0.841905 1041.010532 

Frame 262 
Patt 1 
r0 0.853280 0.067618 -0.517051 351.518699 
r1 -0.004967 -0.990458 -0.137724 362.925139 
r2 -0.521430 0.120085 -0.844802 1043.373317 

