Frame 1
r0 1 0 0 0 
r1 0 1 0 0 
r2 0 0 1 0 
r3 0 0 0 1 

Frame 2
r0 0.999996 0.00232761 -0.00125327 -0.00230458 
r1 -0.00232624 0.999997 0.00108371 -0.0024636 
r2 0.00125577 -0.00108056 0.999999 -0.00043262 
r3 0 0 0 1 

Frame 3
r0 0.999992 0.00287585 -0.00268697 -0.00516599 
r1 -0.00288011 0.999995 -0.00155979 -0.000880054 
r2 0.00268239 0.0015676 0.999995 -0.000753475 
r3 0 0 0 1 

Frame 4
r0 0.999986 0.00150246 -0.00501718 -0.00781044 
r1 -0.00151825 0.999994 -0.00316539 -0.00132516 
r2 0.00501238 0.00317304 0.999982 -0.00128081 
r3 0 0 0 1 

Frame 5
r0 0.999964 -0.00304469 -0.00790437 -0.00837655 
r1 0.00299823 0.999978 -0.00588968 -0.000690528 
r2 0.00792203 0.00586575 0.999951 -0.00143589 
r3 0 0 0 1 

Frame 6
r0 0.999927 -0.00616437 -0.0104505 -0.00903297 
r1 0.00609367 0.999958 -0.00679228 9.11353e-05 
r2 0.0104918 0.00672806 0.999922 -0.00196267 
r3 0 0 0 1 

Frame 7
r0 0.999902 -0.00707261 -0.0120821 -0.00975066 
r1 0.00701642 0.999964 -0.00468807 -0.000677388 
r2 0.012115 0.00460289 0.999916 -0.00220645 
r3 0 0 0 1 

Frame 8
r0 0.999916 -0.00610657 -0.0114269 -0.0124005 
r1 0.00603478 0.999962 -0.00629693 0.00108771 
r2 0.0114648 0.00622708 0.999915 -0.00215895 
r3 0 0 0 1 

Frame 9
r0 0.999908 -0.00485843 -0.0126742 -0.0141812 
r1 0.00479841 0.999977 -0.00476217 0.00124198 
r2 0.0126973 0.00470079 0.999908 -0.00198537 
r3 0 0 0 1 

Frame 10
r0 0.999905 -0.00353707 -0.0133325 -0.0156819 
r1 0.00350256 0.999991 -0.00263241 0.000671602 
r2 0.0133418 0.00258559 0.999908 -0.00225465 
r3 0 0 0 1 

Frame 11
r0 0.999905 -0.00525263 -0.0127639 -0.0184215 
r1 0.00522986 0.999985 -0.00181723 4.40151e-05 
r2 0.0127733 0.00175019 0.999917 -0.00217807 
r3 0 0 0 1 

Frame 12
r0 0.999892 -0.00548259 -0.0136181 -0.0198567 
r1 0.00547557 0.999985 -0.000552893 -0.00129091 
r2 0.013621 0.000478253 0.999907 -0.00238215 
r3 0 0 0 1 

Frame 13
r0 0.999868 -0.00832337 -0.0139561 -0.0234225 
r1 0.00830716 0.999965 -0.0012174 -0.00181546 
r2 0.0139657 0.00110132 0.999902 -0.00257218 
r3 0 0 0 1 

Frame 14
r0 0.999829 -0.0110678 -0.0147932 -0.0258874 
r1 0.0110797 0.999938 0.000729027 -0.00397143 
r2 0.014784 -0.000892773 0.99989 -0.00361032 
r3 0 0 0 1 

Frame 15
r0 0.999846 -0.0106443 -0.0139343 -0.0297599 
r1 0.0106714 0.999941 0.00187102 -0.00691962 
r2 0.0139136 -0.0020197 0.999901 -0.00396625 
r3 0 0 0 1 

Frame 16
r0 0.999851 -0.0119497 -0.0124775 -0.0334522 
r1 0.0119311 0.999928 -0.00156951 -0.00611218 
r2 0.0124953 0.00142035 0.999921 -0.00434651 
r3 0 0 0 1 

Frame 17
r0 0.999852 -0.0116135 -0.0126498 -0.0353784 
r1 0.0115945 0.999932 -0.00157285 -0.00749909 
r2 0.0126672 0.00142595 0.999919 -0.00554549 
r3 0 0 0 1 

Frame 18
r0 0.999852 -0.0105928 -0.0135762 -0.0442051 
r1 0.0105654 0.999942 -0.00208694 -0.0101011 
r2 0.0135975 0.00194319 0.999906 -0.00814186 
r3 0 0 0 1 

Frame 19
r0 0.999855 -0.00992632 -0.0138308 -0.0444973 
r1 0.0099018 0.999949 -0.0018409 -0.010638 
r2 0.0138483 0.00170369 0.999903 -0.00816674 
r3 0 0 0 1 

Frame 20
r0 0.999855 -0.00953366 -0.014053 -0.0493495 
r1 0.00949454 0.999951 -0.00282998 -0.0106425 
r2 0.0140793 0.00269613 0.999897 -0.00954364 
r3 0 0 0 1 

Frame 21
r0 0.999858 -0.0086311 -0.0145027 -0.0524981 
r1 0.00857298 0.999955 -0.00406891 -0.00797358 
r2 0.0145372 0.003944 0.999886 -0.0113456 
r3 0 0 0 1 

Frame 22
r0 0.999879 -0.00688879 -0.0139191 -0.0566386 
r1 0.00686727 0.999975 -0.00158689 -0.00925606 
r2 0.0139297 0.00149111 0.999902 -0.0122722 
r3 0 0 0 1 

Frame 23
r0 0.999898 -0.00565218 -0.0130892 -0.0614318 
r1 0.00565048 0.999984 -0.000161709 -0.0100947 
r2 0.01309 8.77528e-05 0.999914 -0.0133278 
r3 0 0 0 1 

Frame 24
r0 0.999895 -0.00458624 -0.0137692 -0.0678686 
r1 0.00457147 0.999989 -0.00110591 -0.00908302 
r2 0.0137741 0.00104284 0.999905 -0.0151345 
r3 0 0 0 1 

Frame 25
r0 0.999888 -0.00464424 -0.0142484 -0.0729452 
r1 0.00466464 0.999988 0.00139758 -0.0112715 
r2 0.0142417 -0.00146389 0.999897 -0.0167485 
r3 0 0 0 1 

Frame 26
r0 0.999904 -0.00277223 -0.013612 -0.0775141 
r1 0.00278788 0.999995 0.0011343 -0.0110837 
r2 0.0136088 -0.00117214 0.999907 -0.0184245 
r3 0 0 0 1 

Frame 27
r0 0.999927 -0.00142482 -0.0120211 -0.084049 
r1 0.00141271 0.999999 -0.00100978 -0.010462 
r2 0.0120225 0.000992725 0.999927 -0.0191604 
r3 0 0 0 1 

Frame 28
r0 0.999918 0.00123331 -0.01275 -0.0907768 
r1 -0.00123927 0.999999 -0.000461039 -0.011679 
r2 0.0127494 0.000476804 0.999919 -0.0215225 
r3 0 0 0 1 

Frame 29
r0 0.999896 0.00300779 -0.0140848 -0.0974618 
r1 -0.00300794 0.999996 1.07196e-05 -0.0140066 
r2 0.0140848 3.16472e-05 0.999901 -0.023644 
r3 0 0 0 1 

Frame 30
r0 0.999872 0.00393932 -0.0154939 -0.103391 
r1 -0.00391994 0.999992 0.00127759 -0.0182185 
r2 0.0154988 -0.00121728 0.999879 -0.0258258 
r3 0 0 0 1 

Frame 31
r0 0.99987 0.00502004 -0.01534 -0.110045 
r1 -0.00502979 0.999987 -0.000596375 -0.019294 
r2 0.0153368 0.00067344 0.999882 -0.0277324 
r3 0 0 0 1 

Frame 32
r0 0.999871 0.00630443 -0.0147251 -0.115973 
r1 -0.0063341 0.999978 -0.00196276 -0.0200024 
r2 0.0147124 0.00205578 0.99989 -0.0299299 
r3 0 0 0 1 

Frame 33
r0 0.999856 0.00713974 -0.0153939 -0.122251 
r1 -0.00716097 0.999974 -0.00132413 -0.022873 
r2 0.0153841 0.00143417 0.99988 -0.0323555 
r3 0 0 0 1 

Frame 34
r0 0.999844 0.00598227 -0.0165812 -0.127747 
r1 -0.00601851 0.99998 -0.00213325 -0.0244965 
r2 0.0165681 0.00223272 0.99986 -0.0344445 
r3 0 0 0 1 

Frame 35
r0 0.999829 0.00738993 -0.0169732 -0.134307 
r1 -0.00746468 0.999963 -0.00434166 -0.0242168 
r2 0.0169404 0.00446785 0.999847 -0.0369939 
r3 0 0 0 1 

Frame 36
r0 0.999813 0.00665718 -0.0181438 -0.141596 
r1 -0.00671813 0.999972 -0.00329754 -0.0258864 
r2 0.0181213 0.00341886 0.99983 -0.0401747 
r3 0 0 0 1 

Frame 37
r0 0.999785 0.00640991 -0.0197407 -0.147931 
r1 -0.00652319 0.999962 -0.00568476 -0.0260681 
r2 0.0197035 0.00581231 0.999789 -0.0422664 
r3 0 0 0 1 

Frame 38
r0 0.999753 0.00734213 -0.0209657 -0.154932 
r1 -0.00750393 0.999943 -0.00765122 -0.0252273 
r2 0.0209083 0.00780665 0.999751 -0.0452692 
r3 0 0 0 1 

Frame 39
r0 0.999703 0.0101802 -0.0221354 -0.161334 
r1 -0.0103394 0.999921 -0.00709486 -0.0271328 
r2 0.0220615 0.00732163 0.99973 -0.0479891 
r3 0 0 0 1 

Frame 40
r0 0.999698 0.0124348 -0.0212193 -0.169974 
r1 -0.0126011 0.999891 -0.00772608 -0.0283199 
r2 0.0211209 0.00799113 0.999745 -0.0502759 
r3 0 0 0 1 

Frame 41
r0 0.999651 0.013829 -0.0225128 -0.175623 
r1 -0.0140622 0.999849 -0.0102327 -0.027451 
r2 0.0223679 0.0105456 0.999694 -0.0532008 
r3 0 0 0 1 

Frame 42
r0 0.999599 0.0169709 -0.0226504 -0.18252 
r1 -0.0172055 0.9998 -0.0102152 -0.028275 
r2 0.0224724 0.010601 0.999691 -0.0558305 
r3 0 0 0 1 

Frame 43
r0 0.999553 0.0197777 -0.0224293 -0.190092 
r1 -0.0200294 0.999738 -0.0110517 -0.0277309 
r2 0.0222048 0.011496 0.999687 -0.0582781 
r3 0 0 0 1 

Frame 44
r0 0.999523 0.0210757 -0.0225561 -0.197853 
r1 -0.0213401 0.999706 -0.0115432 -0.0269958 
r2 0.0223061 0.012019 0.999679 -0.0609258 
r3 0 0 0 1 

Frame 45
r0 0.999497 0.022966 -0.0218666 -0.206853 
r1 -0.023197 0.999677 -0.0103622 -0.0284138 
r2 0.0216216 0.0108642 0.999707 -0.0633242 
r3 0 0 0 1 

Frame 46
r0 0.999474 0.0227281 -0.0231172 -0.212824 
r1 -0.0229612 0.999688 -0.00986745 -0.0285974 
r2 0.0228858 0.0103931 0.999684 -0.0660498 
r3 0 0 0 1 

Frame 47
r0 0.999448 0.0222856 -0.0246349 -0.21933 
r1 -0.0225174 0.999704 -0.00916601 -0.0301567 
r2 0.0244233 0.00971567 0.999655 -0.0682561 
r3 0 0 0 1 

Frame 48
r0 0.999478 0.0196385 -0.0256763 -0.233002 
r1 -0.019942 0.999733 -0.0116255 -0.0286368 
r2 0.0254413 0.0121312 0.999603 -0.0730236 
r3 0 0 0 1 

Frame 49
r0 0.999498 0.0191007 -0.0252631 -0.233381 
r1 -0.0194637 0.99971 -0.0141804 -0.0261931 
r2 0.0249851 0.0146652 0.999581 -0.0723538 
r3 0 0 0 1 

Frame 50
r0 0.999423 0.0201233 -0.027365 -0.238354 
r1 -0.0205199 0.999687 -0.0142856 -0.0256104 
r2 0.0270688 0.0148391 0.999523 -0.0749653 
r3 0 0 0 1 

Frame 51
r0 0.99935 0.0197489 -0.0301643 -0.243225 
r1 -0.0201218 0.999724 -0.0121103 -0.0263098 
r2 0.0299167 0.0127094 0.999472 -0.0774235 
r3 0 0 0 1 

Frame 52
r0 0.999317 0.0186098 -0.031926 -0.248724 
r1 -0.0189938 0.999751 -0.0117625 -0.0259173 
r2 0.031699 0.012361 0.999421 -0.0793938 
r3 0 0 0 1 

Frame 53
r0 0.999274 0.0172529 -0.0339576 -0.254466 
r1 -0.0176125 0.999792 -0.0103181 -0.0257189 
r2 0.0337726 0.0109088 0.99937 -0.0819039 
r3 0 0 0 1 

Frame 54
r0 0.99913 0.0176241 -0.0377887 -0.259659 
r1 -0.0179198 0.999811 -0.00749996 -0.0275147 
r2 0.0376492 0.00817059 0.999258 -0.0840115 
r3 0 0 0 1 

Frame 55
r0 0.998763 0.0212632 -0.0449578 -0.27155 
r1 -0.0216732 0.999728 -0.00865211 -0.0294488 
r2 0.0447618 0.00961584 0.998951 -0.0876206 
r3 0 0 0 1 

Frame 56
r0 0.998815 0.0217027 -0.0435476 -0.273421 
r1 -0.0221315 0.999711 -0.00938713 -0.0287912 
r2 0.0433311 0.0103398 0.999007 -0.0863368 
r3 0 0 0 1 

Frame 57
r0 0.998623 0.0240633 -0.0466088 -0.279283 
r1 -0.0245205 0.999657 -0.00925893 -0.0289623 
r2 0.0463699 0.0103891 0.99887 -0.0875589 
r3 0 0 0 1 

Frame 58
r0 0.998432 0.026316 -0.0494206 -0.286995 
r1 -0.0267074 0.999617 -0.00728006 -0.0317412 
r2 0.0492101 0.00858854 0.998752 -0.0883883 
r3 0 0 0 1 

Frame 59
r0 0.998182 0.0272135 -0.0537761 -0.293126 
r1 -0.0277906 0.999563 -0.0100149 -0.0312164 
r2 0.0534808 0.0114913 0.998503 -0.0885267 
r3 0 0 0 1 

Frame 60
r0 0.997918 0.0294162 -0.0573992 -0.300968 
r1 -0.030034 0.999499 -0.00992939 -0.0323522 
r2 0.0570786 0.0116327 0.998302 -0.0891485 
r3 0 0 0 1 

Frame 61
r0 0.997633 0.032214 -0.0607451 -0.308036 
r1 -0.032799 0.999424 -0.00865911 -0.0336044 
r2 0.0604311 0.010631 0.998116 -0.0896755 
r3 0 0 0 1 

Frame 62
r0 0.997286 0.034731 -0.0649126 -0.315661 
r1 -0.0352603 0.999353 -0.00702636 -0.0366523 
r2 0.0646264 0.00929613 0.997866 -0.0899284 
r3 0 0 0 1 

Frame 63
r0 0.99691 0.0362111 -0.0697095 -0.323146 
r1 -0.0369119 0.99928 -0.00879168 -0.0375451 
r2 0.0693413 0.0113377 0.997528 -0.090217 
r3 0 0 0 1 

Frame 64
r0 0.996491 0.036516 -0.0753122 -0.328932 
r1 -0.0374537 0.999237 -0.0110759 -0.0375024 
r2 0.0748501 0.0138577 0.997099 -0.0900574 
r3 0 0 0 1 

Frame 65
r0 0.996229 0.0351526 -0.079322 -0.335616 
r1 -0.0363355 0.999248 -0.0135186 -0.0369367 
r2 0.0787872 0.0163498 0.996757 -0.0896801 
r3 0 0 0 1 

Frame 66
r0 0.995896 0.0364434 -0.0828497 -0.343167 
r1 -0.0376723 0.999201 -0.0133203 -0.0388618 
r2 0.0822982 0.0163868 0.996473 -0.08913 
r3 0 0 0 1 

Frame 67
r0 0.995545 0.0378514 -0.0863561 -0.350577 
r1 -0.0391626 0.999141 -0.0135373 -0.0402056 
r2 0.0857693 0.0168589 0.996173 -0.0881382 
r3 0 0 0 1 

Frame 68
r0 0.995175 0.0382947 -0.0903373 -0.358111 
r1 -0.0395893 0.999137 -0.0125831 -0.042434 
r2 0.0897774 0.0160985 0.995832 -0.0873405 
r3 0 0 0 1 

Frame 69
r0 0.994792 0.0373749 -0.0948273 -0.363686 
r1 -0.0388708 0.999147 -0.0139761 -0.0427524 
r2 0.094224 0.0175893 0.995396 -0.085791 
r3 0 0 0 1 

Frame 70
r0 0.994278 0.0372276 -0.100129 -0.376428 
r1 -0.0388471 0.999143 -0.014272 -0.0457555 
r2 0.0995123 0.01808 0.994872 -0.084468 
r3 0 0 0 1 

Frame 71
r0 0.994429 0.0364224 -0.098923 -0.377847 
r1 -0.0379721 0.999183 -0.0138306 -0.0455624 
r2 0.0983384 0.0175099 0.994999 -0.0833256 
r3 0 0 0 1 

Frame 72
r0 0.994005 0.0386936 -0.102258 -0.3852 
r1 -0.0402799 0.999097 -0.0134931 -0.0469733 
r2 0.101643 0.0175311 0.994666 -0.0820304 
r3 0 0 0 1 

Frame 73
r0 0.993472 0.0395459 -0.107001 -0.392078 
r1 -0.0412039 0.999062 -0.0133275 -0.0487136 
r2 0.106374 0.0176494 0.99417 -0.0802556 
r3 0 0 0 1 

Frame 74
r0 0.992885 0.0409936 -0.111794 -0.399115 
r1 -0.0426479 0.999013 -0.0124459 -0.0499959 
r2 0.111174 0.0171251 0.993654 -0.0791091 
r3 0 0 0 1 

Frame 75
r0 0.992414 0.0406577 -0.116027 -0.406976 
r1 -0.0421935 0.999051 -0.01081 -0.0521118 
r2 0.115478 0.0156236 0.993187 -0.0772699 
r3 0 0 0 1 

Frame 76
r0 0.992133 0.0408342 -0.118337 -0.415697 
r1 -0.042336 0.999051 -0.0102036 -0.0538842 
r2 0.117808 0.0151332 0.992921 -0.0755465 
r3 0 0 0 1 

Frame 77
r0 0.991933 0.0394506 -0.120468 -0.424033 
r1 -0.040911 0.999116 -0.00967215 -0.0547529 
r2 0.11998 0.0145226 0.99267 -0.0736188 
r3 0 0 0 1 

Frame 78
r0 0.991726 0.0396286 -0.122102 -0.431119 
r1 -0.040662 0.999155 -0.00598194 -0.0586893 
r2 0.121762 0.0108974 0.992499 -0.0717317 
r3 0 0 0 1 

Frame 79
r0 0.991953 0.0378668 -0.120808 -0.439387 
r1 -0.0385478 0.999251 -0.00330397 -0.0622379 
r2 0.120593 0.00793428 0.99267 -0.0692979 
r3 0 0 0 1 

Frame 80
r0 0.99232 0.0367448 -0.118115 -0.447147 
r1 -0.0370638 0.999313 -0.000504328 -0.0672256 
r2 0.118016 0.00487826 0.992999 -0.0659609 
r3 0 0 0 1 

Frame 81
r0 0.993026 0.0338544 -0.11293 -0.453762 
r1 -0.0340055 0.999421 0.000588331 -0.0708227 
r2 0.112884 0.00325601 0.993603 -0.0626057 
r3 0 0 0 1 

Frame 82
r0 0.993877 0.030793 -0.106114 -0.463699 
r1 -0.0307563 0.999525 0.00198228 -0.0764452 
r2 0.106125 0.00129355 0.994352 -0.0575631 
r3 0 0 0 1 

Frame 83
r0 0.994447 0.0269161 -0.101737 -0.474839 
r1 -0.0274054 0.999618 -0.00341529 -0.0765751 
r2 0.101606 0.00618448 0.994806 -0.0529672 
r3 0 0 0 1 

Frame 84
r0 0.994424 0.0249635 -0.102462 -0.482541 
r1 -0.0258265 0.999641 -0.00710434 -0.074749 
r2 0.102248 0.00971098 0.994711 -0.0507173 
r3 0 0 0 1 

Frame 85
r0 0.994652 0.0251013 -0.100188 -0.489401 
r1 -0.0256275 0.999663 -0.00396864 -0.0763122 
r2 0.100054 0.00651497 0.994961 -0.0493643 
r3 0 0 0 1 

Frame 86
r0 0.995068 0.0236564 -0.0963317 -0.498427 
r1 -0.0237042 0.999719 0.000647855 -0.0790905 
r2 0.09632 0.00163881 0.995349 -0.0472588 
r3 0 0 0 1 

Frame 87
r0 0.995108 0.0210667 -0.0965197 -0.508429 
r1 -0.0205499 0.999769 0.00634585 -0.0833164 
r2 0.096631 -0.00433134 0.995311 -0.0451862 
r3 0 0 0 1 

Frame 88
r0 0.994777 0.0196191 -0.100169 -0.515802 
r1 -0.018955 0.999792 0.00757734 -0.0857566 
r2 0.100297 -0.00563907 0.994941 -0.0432761 
r3 0 0 0 1 

Frame 89
r0 0.994395 0.020188 -0.103787 -0.520941 
r1 -0.0193098 0.999769 0.0094595 -0.0883241 
r2 0.103954 -0.00740236 0.994554 -0.0426695 
r3 0 0 0 1 

Frame 90
r0 0.994385 0.0190034 -0.1041 -0.526202 
r1 -0.0178687 0.99977 0.011822 -0.0928442 
r2 0.1043 -0.00989553 0.994497 -0.041764 
r3 0 0 0 1 

Frame 91
r0 0.994852 0.0149461 -0.100232 -0.530234 
r1 -0.0138873 0.99984 0.0112531 -0.0931272 
r2 0.100385 -0.00980327 0.9949 -0.042138 
r3 0 0 0 1 

Frame 92
r0 0.995159 0.0137632 -0.0973076 -0.534674 
r1 -0.0124444 0.999822 0.0141468 -0.0967792 
r2 0.0974851 -0.0128674 0.995154 -0.0407471 
r3 0 0 0 1 

Frame 93
r0 0.995465 0.0143341 -0.0940403 -0.54206 
r1 -0.0131859 0.999831 0.0128194 -0.096204 
r2 0.0942082 -0.0115213 0.995486 -0.0410815 
r3 0 0 0 1 

Frame 94
r0 0.995234 0.0157678 -0.0962336 -0.547997 
r1 -0.0145023 0.999799 0.013835 -0.0971477 
r2 0.0964324 -0.0123735 0.995262 -0.0410112 
r3 0 0 0 1 

Frame 95
r0 0.994817 0.0171879 -0.100212 -0.558728 
r1 -0.0158771 0.999778 0.0138625 -0.0954454 
r2 0.100428 -0.0121996 0.99487 -0.0435799 
r3 0 0 0 1 

Frame 96
r0 0.99481 0.0183066 -0.100087 -0.559147 
r1 -0.0172331 0.999784 0.0115803 -0.0926701 
r2 0.100278 -0.00979542 0.994911 -0.0423291 
r3 0 0 0 1 

Frame 97
r0 0.994488 0.019973 -0.102926 -0.56381 
r1 -0.018407 0.9997 0.0161417 -0.0944892 
r2 0.103218 -0.0141582 0.994558 -0.0431388 
r3 0 0 0 1 

Frame 98
r0 0.994382 0.0219164 -0.103556 -0.570236 
r1 -0.0201048 0.999627 0.0185053 -0.0949871 
r2 0.103923 -0.0163194 0.994451 -0.044593 
r3 0 0 0 1 

Frame 99
r0 0.994176 0.024757 -0.104888 -0.576642 
r1 -0.0226028 0.99951 0.0216765 -0.0962539 
r2 0.105373 -0.0191795 0.994248 -0.0463503 
r3 0 0 0 1 

Frame 100
r0 0.994005 0.0248622 -0.106473 -0.583222 
r1 -0.0222971 0.999433 0.0252144 -0.0990534 
r2 0.10704 -0.0226892 0.993996 -0.047791 
r3 0 0 0 1 

Frame 101
r0 0.993936 0.0251896 -0.107042 -0.58978 
r1 -0.0226732 0.999439 0.0246616 -0.0997345 
r2 0.107603 -0.022085 0.993948 -0.0496553 
r3 0 0 0 1 

Frame 102
r0 0.993835 0.0257138 -0.107846 -0.594827 
r1 -0.0230431 0.999398 0.0259361 -0.101729 
r2 0.108448 -0.0232911 0.993829 -0.0521949 
r3 0 0 0 1 

Frame 103
r0 0.994311 0.0248336 -0.103578 -0.60742 
r1 -0.021947 0.999341 0.0289153 -0.10567 
r2 0.104227 -0.0264775 0.994201 -0.0555905 
r3 0 0 0 1 

Frame 104
r0 0.994567 0.0232722 -0.10146 -0.609181 
r1 -0.020673 0.999432 0.0265952 -0.103407 
r2 0.102021 -0.0243533 0.994484 -0.0560074 
r3 0 0 0 1 

Frame 105
r0 0.994744 0.0215388 -0.100094 -0.615058 
r1 -0.0190011 0.999475 0.026235 -0.104282 
r2 0.100607 -0.0241952 0.994632 -0.0574161 
r3 0 0 0 1 

Frame 106
r0 0.994952 0.0195053 -0.0984389 -0.621808 
r1 -0.0170738 0.999529 0.0254842 -0.104155 
r2 0.0988897 -0.0236748 0.994817 -0.0602803 
r3 0 0 0 1 

Frame 107
r0 0.995623 0.0141133 -0.0923886 -0.633105 
r1 -0.0115083 0.999523 0.0286688 -0.106887 
r2 0.0927493 -0.0274802 0.99531 -0.0663049 
r3 0 0 0 1 

Frame 108
r0 0.995751 0.0132326 -0.0911384 -0.634088 
r1 -0.0106277 0.999523 0.029011 -0.107265 
r2 0.0914789 -0.0279191 0.995415 -0.0672805 
r3 0 0 0 1 

Frame 109
r0 0.996489 0.00739873 -0.0834039 -0.647052 
r1 -0.00494175 0.999549 0.0296287 -0.107641 
r2 0.0835855 -0.0291125 0.996075 -0.0732843 
r3 0 0 0 1 

Frame 110
r0 0.996615 0.00803339 -0.0818119 -0.648664 
r1 -0.00547214 0.999489 0.0314824 -0.109065 
r2 0.0820231 -0.0309281 0.99615 -0.0744337 
r3 0 0 0 1 

Frame 111
r0 0.997027 0.00531206 -0.0768687 -0.657357 
r1 -0.0030143 0.999546 0.0299755 -0.10732 
r2 0.0769929 -0.0296547 0.996591 -0.0775615 
r3 0 0 0 1 

Frame 112
r0 0.997355 0.0024963 -0.072646 -0.6742 
r1 0.000177562 0.999324 0.036778 -0.107566 
r2 0.0726888 -0.0366936 0.996679 -0.0850125 
r3 0 0 0 1 

Frame 113
r0 0.997408 -0.00012099 -0.0719509 -0.682438 
r1 0.00292338 0.999242 0.0388373 -0.107963 
r2 0.0718916 -0.038947 0.996652 -0.0895157 
r3 0 0 0 1 

Frame 114
r0 0.997547 0.000545762 -0.0699926 -0.68423 
r1 0.00200064 0.999338 0.0363108 -0.105298 
r2 0.0699661 -0.0363618 0.996887 -0.089821 
r3 0 0 0 1 

Frame 115
r0 0.997654 -0.0011825 -0.068451 -0.691743 
r1 0.00403386 0.999129 0.0415295 -0.10777 
r2 0.0683424 -0.0417083 0.99679 -0.0942087 
r3 0 0 0 1 

Frame 116
r0 0.997888 -0.00159116 -0.0649363 -0.70257 
r1 0.00462157 0.998905 0.046551 -0.10999 
r2 0.0647912 -0.0467528 0.996803 -0.0983449 
r3 0 0 0 1 

Frame 117
r0 0.99804 -0.0026421 -0.0625287 -0.714054 
r1 0.005595 0.998875 0.0470918 -0.109819 
r2 0.062334 -0.0473494 0.996932 -0.101761 
r3 0 0 0 1 

Frame 118
r0 0.99797 -0.00470445 -0.0635128 -0.722912 
r1 0.00770217 0.998863 0.0470401 -0.1087 
r2 0.0632193 -0.0474338 0.996872 -0.106388 
r3 0 0 0 1 

Frame 119
r0 0.997976 -0.00556555 -0.0633524 -0.73339 
r1 0.00866985 0.99877 0.0488294 -0.109139 
r2 0.0630027 -0.0492798 0.996796 -0.11078 
r3 0 0 0 1 

Frame 120
r0 0.99797 -0.00673641 -0.0633331 -0.744804 
r1 0.00992757 0.99869 0.050205 -0.110135 
r2 0.0629119 -0.0507318 0.996729 -0.115095 
r3 0 0 0 1 

Frame 121
r0 0.997834 -0.00721563 -0.0653847 -0.755109 
r1 0.0106076 0.998608 0.0516768 -0.111587 
r2 0.0649207 -0.0522585 0.996521 -0.119535 
r3 0 0 0 1 

Frame 122
r0 0.997547 -0.0044764 -0.0698496 -0.776613 
r1 0.00801799 0.998692 0.0505045 -0.112499 
r2 0.0695321 -0.0509406 0.996278 -0.128833 
r3 0 0 0 1 

Frame 123
r0 0.997635 -0.00471988 -0.0685734 -0.777473 
r1 0.00818318 0.9987 0.0503116 -0.112954 
r2 0.0682468 -0.0507537 0.996377 -0.129093 
r3 0 0 0 1 

Frame 124
r0 0.99738 -0.00427568 -0.0722155 -0.786553 
r1 0.00792846 0.998699 0.050371 -0.114957 
r2 0.0719062 -0.0508115 0.996116 -0.133073 
r3 0 0 0 1 

Frame 125
r0 0.997046 -0.00179273 -0.0767907 -0.807224 
r1 0.00539976 0.99889 0.0467879 -0.114366 
r2 0.0766215 -0.0470643 0.995949 -0.142933 
r3 0 0 0 1 

Frame 126
r0 0.997187 -0.00163919 -0.074937 -0.808799 
r1 0.0049948 0.998992 0.0446137 -0.112569 
r2 0.0747883 -0.0448625 0.99619 -0.142807 
r3 0 0 0 1 

Frame 127
r0 0.996855 -0.000375807 -0.0792481 -0.817556 
r1 0.00377387 0.999079 0.0427359 -0.111194 
r2 0.0791591 -0.0429005 0.995939 -0.147813 
r3 0 0 0 1 

Frame 128
r0 0.996464 0.00102076 -0.0840144 -0.826283 
r1 0.00258172 0.999082 0.0427591 -0.112395 
r2 0.083981 -0.0428248 0.995547 -0.152718 
r3 0 0 0 1 

Frame 129
r0 0.996124 0.00325489 -0.0879048 -0.83485 
r1 0.000612766 0.999034 0.0439359 -0.114715 
r2 0.087963 -0.0438195 0.995159 -0.157022 
r3 0 0 0 1 

Frame 130
r0 0.995843 0.00661701 -0.0908427 -0.844133 
r1 -0.00271164 0.999069 0.0430543 -0.115231 
r2 0.0910431 -0.042629 0.994934 -0.161578 
r3 0 0 0 1 

Frame 131
r0 0.995543 0.0102209 -0.0937528 -0.851553 
r1 -0.00617471 0.999041 0.043343 -0.117566 
r2 0.0941059 -0.0425709 0.994652 -0.165998 
r3 0 0 0 1 

Frame 132
r0 0.995325 0.0140072 -0.0955641 -0.860204 
r1 -0.00992683 0.999024 0.04304 -0.118982 
r2 0.0960737 -0.0418902 0.994492 -0.169966 
r3 0 0 0 1 

Frame 133
r0 0.994998 0.0176234 -0.0983317 -0.867506 
r1 -0.0137799 0.999119 0.0396298 -0.117696 
r2 0.0989436 -0.0380765 0.994364 -0.174383 
r3 0 0 0 1 

Frame 134
r0 0.994755 0.0208904 -0.100127 -0.874817 
r1 -0.0172267 0.999155 0.0373166 -0.116054 
r2 0.100822 -0.0353961 0.994275 -0.178214 
r3 0 0 0 1 

Frame 135
r0 0.994355 0.0234705 -0.103477 -0.88034 
r1 -0.0196586 0.999096 0.0377061 -0.11683 
r2 0.104268 -0.0354591 0.993917 -0.1811 
r3 0 0 0 1 

Frame 136
r0 0.994364 0.024656 -0.103109 -0.88952 
r1 -0.0209988 0.999116 0.0364051 -0.115729 
r2 0.103915 -0.0340348 0.994004 -0.185131 
r3 0 0 0 1 

Frame 137
r0 0.993775 0.0276016 -0.107928 -0.904017 
r1 -0.023744 0.999038 0.0368655 -0.117862 
r2 0.108841 -0.0340734 0.993475 -0.191375 
r3 0 0 0 1 

Frame 138
r0 0.993919 0.027787 -0.106548 -0.904673 
r1 -0.0239152 0.999013 0.0374453 -0.118185 
r2 0.107483 -0.0346695 0.993602 -0.190952 
r3 0 0 0 1 

Frame 139
r0 0.993358 0.0299199 -0.111109 -0.910729 
r1 -0.0260427 0.999006 0.0361842 -0.118548 
r2 0.112081 -0.0330502 0.993149 -0.19427 
r3 0 0 0 1 

Frame 140
r0 0.993064 0.0328157 -0.112905 -0.917717 
r1 -0.0289335 0.998938 0.035856 -0.120017 
r2 0.113961 -0.0323406 0.992959 -0.198011 
r3 0 0 0 1 

Frame 141
r0 0.992859 0.0342838 -0.11426 -0.922955 
r1 -0.0305836 0.998954 0.0339808 -0.118637 
r2 0.115306 -0.0302436 0.99287 -0.200904 
r3 0 0 0 1 

Frame 142
r0 0.992577 0.0368382 -0.115903 -0.929032 
r1 -0.0329698 0.998839 0.0351192 -0.118571 
r2 0.117062 -0.0310372 0.99264 -0.204058 
r3 0 0 0 1 

Frame 143
r0 0.992349 0.0382928 -0.117377 -0.934474 
r1 -0.0344452 0.998806 0.0346368 -0.116851 
r2 0.118564 -0.0303287 0.992483 -0.206549 
r3 0 0 0 1 

Frame 144
r0 0.992097 0.0378008 -0.119644 -0.941689 
r1 -0.0340256 0.998861 0.0334422 -0.113865 
r2 0.120772 -0.0291069 0.992253 -0.207788 
r3 0 0 0 1 

Frame 145
r0 0.991231 0.0388765 -0.126293 -0.946064 
r1 -0.0347032 0.998782 0.0350803 -0.114922 
r2 0.127503 -0.0303899 0.991373 -0.209376 
r3 0 0 0 1 

Frame 146
r0 0.990673 0.0376686 -0.130953 -0.953118 
r1 -0.0335996 0.998886 0.0331448 -0.113511 
r2 0.132055 -0.0284356 0.990834 -0.211275 
r3 0 0 0 1 

Frame 147
r0 0.990095 0.0368015 -0.135491 -0.957704 
r1 -0.0326509 0.998931 0.0327291 -0.111649 
r2 0.136551 -0.027981 0.990238 -0.214409 
r3 0 0 0 1 

Frame 148
r0 0.989379 0.0398428 -0.139788 -0.96132 
r1 -0.0349502 0.998693 0.0372832 -0.113654 
r2 0.141091 -0.0320016 0.989479 -0.215801 
r3 0 0 0 1 

Frame 149
r0 0.988665 0.0416682 -0.144243 -0.966527 
r1 -0.036456 0.99859 0.0385928 -0.113726 
r2 0.145647 -0.0328968 0.988789 -0.216565 
r3 0 0 0 1 

Frame 150
r0 0.987981 0.0434888 -0.14833 -0.972403 
r1 -0.0379857 0.998488 0.0397324 -0.114082 
r2 0.149834 -0.0336204 0.988139 -0.216776 
r3 0 0 0 1 

Frame 151
r0 0.987148 0.046358 -0.152938 -0.975932 
r1 -0.0403749 0.998301 0.0420018 -0.115838 
r2 0.154625 -0.0352872 0.987343 -0.217367 
r3 0 0 0 1 

Frame 152
r0 0.986877 0.0486096 -0.153984 -0.983417 
r1 -0.0426876 0.998225 0.041536 -0.115701 
r2 0.15573 -0.0344177 0.9872 -0.217604 
r3 0 0 0 1 

Frame 153
r0 0.986476 0.0483951 -0.156597 -0.988832 
r1 -0.0425011 0.998264 0.0407703 -0.115323 
r2 0.158299 -0.0335633 0.986821 -0.217848 
r3 0 0 0 1 

Frame 154
r0 0.985656 0.0500731 -0.161165 -0.992378 
r1 -0.0438357 0.998154 0.0420305 -0.117226 
r2 0.162972 -0.0343629 0.986032 -0.217195 
r3 0 0 0 1 

Frame 155
r0 0.984945 0.0481859 -0.16602 -0.995767 
r1 -0.0416415 0.998221 0.0426799 -0.119258 
r2 0.167781 -0.035124 0.985198 -0.216564 
r3 0 0 0 1 

Frame 156
r0 0.984729 0.0469563 -0.16764 -1.00259 
r1 -0.0409074 0.998388 0.0393569 -0.118059 
r2 0.169218 -0.0318981 0.985062 -0.21637 
r3 0 0 0 1 

Frame 157
r0 0.983943 0.0458764 -0.172488 -1.00471 
r1 -0.0397162 0.99845 0.038999 -0.119528 
r2 0.17401 -0.0315222 0.984239 -0.215511 
r3 0 0 0 1 

Frame 158
r0 0.983376 0.0452771 -0.175845 -1.00829 
r1 -0.0391837 0.99851 0.0379723 -0.120824 
r2 0.177302 -0.0304508 0.983685 -0.215542 
r3 0 0 0 1 

Frame 159
r0 0.983013 0.045098 -0.177908 -1.01188 
r1 -0.0388227 0.998501 0.0385986 -0.122916 
r2 0.179382 -0.031036 0.98329 -0.215174 
r3 0 0 0 1 

Frame 160
r0 0.982586 0.0447995 -0.180326 -1.01648 
r1 -0.0385028 0.998526 0.0382694 -0.124126 
r2 0.181774 -0.0306599 0.982862 -0.214017 
r3 0 0 0 1 

Frame 161
r0 0.981688 0.0443372 -0.185263 -1.02 
r1 -0.0379585 0.998563 0.0378386 -0.124971 
r2 0.186674 -0.0301134 0.98196 -0.21279 
r3 0 0 0 1 

Frame 162
r0 0.981319 0.0426999 -0.187588 -1.02582 
r1 -0.036126 0.998612 0.0383258 -0.126428 
r2 0.188964 -0.0308329 0.9815 -0.21257 
r3 0 0 0 1 

Frame 163
r0 0.98108 0.0420691 -0.188975 -1.03112 
r1 -0.035423 0.998634 0.0384106 -0.127525 
r2 0.190333 -0.0309898 0.98123 -0.212177 
r3 0 0 0 1 

Frame 164
r0 0.981092 0.0403788 -0.189285 -1.03632 
r1 -0.0338601 0.998721 0.0375481 -0.12752 
r2 0.190559 -0.0304289 0.981204 -0.211289 
r3 0 0 0 1 

Frame 165
r0 0.981225 0.0394271 -0.188793 -1.04252 
r1 -0.0327334 0.998725 0.0384436 -0.127551 
r2 0.190068 -0.031542 0.981264 -0.211142 
r3 0 0 0 1 

Frame 166
r0 0.980783 0.0391543 -0.191134 -1.04712 
r1 -0.0321831 0.998704 0.0394429 -0.126109 
r2 0.19243 -0.0325337 0.980771 -0.210702 
r3 0 0 0 1 

Frame 167
r0 0.980576 0.0379276 -0.192437 -1.05302 
r1 -0.0306886 0.99871 0.0404605 -0.123837 
r2 0.193723 -0.0337689 0.980475 -0.210627 
r3 0 0 0 1 

Frame 168
r0 0.980179 0.0361715 -0.194786 -1.05911 
r1 -0.0278605 0.998587 0.0452406 -0.125927 
r2 0.196147 -0.0389171 0.979802 -0.210111 
r3 0 0 0 1 

Frame 169
r0 0.979738 0.0355222 -0.197107 -1.06348 
r1 -0.0262989 0.998442 0.0492159 -0.12731 
r2 0.198548 -0.043035 0.979146 -0.209733 
r3 0 0 0 1 

Frame 170
r0 0.979502 0.0347625 -0.19841 -1.06898 
r1 -0.0242246 0.998176 0.0552951 -0.132155 
r2 0.19997 -0.0493553 0.978558 -0.209699 
r3 0 0 0 1 

Frame 171
r0 0.979285 0.0334104 -0.19971 -1.07519 
r1 -0.0221583 0.998052 0.0583132 -0.137369 
r2 0.201269 -0.05268 0.978119 -0.209745 
r3 0 0 0 1 

Frame 172
r0 0.979275 0.0320251 -0.199988 -1.08151 
r1 -0.0212083 0.998206 0.0559979 -0.139601 
r2 0.201422 -0.0505959 0.978197 -0.210076 
r3 0 0 0 1 

Frame 173
r0 0.979724 0.0308641 -0.197962 -1.0877 
r1 -0.0205534 0.998333 0.0539294 -0.141575 
r2 0.199296 -0.0487671 0.978725 -0.2104 
r3 0 0 0 1 

Frame 174
r0 0.980373 0.0302852 -0.194811 -1.09532 
r1 -0.0204657 0.998426 0.0522227 -0.142753 
r2 0.196086 -0.0472108 0.97945 -0.211115 
r3 0 0 0 1 

Frame 175
r0 0.981047 0.0313964 -0.191211 -1.10486 
r1 -0.0219723 0.998446 0.0512095 -0.143763 
r2 0.192521 -0.0460376 0.980212 -0.211091 
r3 0 0 0 1 

Frame 176
r0 0.981733 0.0295282 -0.187958 -1.11463 
r1 -0.0200431 0.998437 0.052166 -0.14585 
r2 0.189204 -0.0474458 0.980791 -0.211253 
r3 0 0 0 1 

Frame 177
r0 0.98264 0.0254879 -0.183762 -1.12624 
r1 -0.0167501 0.998661 0.0489462 -0.143381 
r2 0.184764 -0.0450184 0.981752 -0.211897 
r3 0 0 0 1 

Frame 178
r0 0.982611 0.0235439 -0.184178 -1.13652 
r1 -0.0140624 0.998516 0.052619 -0.145242 
r2 0.185143 -0.049114 0.981483 -0.212226 
r3 0 0 0 1 

Frame 179
r0 0.981571 0.0213902 -0.1899 -1.14733 
r1 -0.010837 0.998347 0.0564388 -0.149462 
r2 0.190793 -0.0533407 0.98018 -0.211622 
r3 0 0 0 1 

Frame 180
r0 0.979307 0.0179107 -0.201586 -1.15484 
r1 -0.00533311 0.998014 0.0627652 -0.154103 
r2 0.20231 -0.0603913 0.977458 -0.211906 
r3 0 0 0 1 

Frame 181
r0 0.979823 0.0188335 -0.198979 -1.1576 
r1 -0.00649886 0.998026 0.0624632 -0.153286 
r2 0.199763 -0.0599097 0.978011 -0.212016 
r3 0 0 0 1 

Frame 182
r0 0.980977 0.0167728 -0.193399 -1.17287 
r1 -0.00259591 0.997305 0.0733256 -0.161181 
r2 0.194107 -0.0714287 0.978376 -0.213529 
r3 0 0 0 1 

Frame 183
r0 0.980746 0.0171697 -0.194532 -1.17239 
r1 -0.00304543 0.997351 0.0726729 -0.160677 
r2 0.195265 -0.0706811 0.9782 -0.212466 
r3 0 0 0 1 

Frame 184
r0 0.980073 0.0146434 -0.198098 -1.17794 
r1 -0.000145078 0.997332 0.0730052 -0.160897 
r2 0.198638 -0.0715217 0.97746 -0.212204 
r3 0 0 0 1 

Frame 185
r0 0.979504 0.0168786 -0.200719 -1.18244 
r1 -0.00147104 0.997056 0.076665 -0.162593 
r2 0.201422 -0.0747984 0.976644 -0.21171 
r3 0 0 0 1 

Frame 186
r0 0.979576 0.0156044 -0.200466 -1.18674 
r1 0.000459486 0.996808 0.0798353 -0.163663 
r2 0.201071 -0.0782969 0.976442 -0.211482 
r3 0 0 0 1 

Frame 187
r0 0.979858 0.0146483 -0.199159 -1.19083 
r1 0.00210862 0.996491 0.0836689 -0.166215 
r2 0.199686 -0.0824036 0.976389 -0.211804 
r3 0 0 0 1 

Frame 188
r0 0.980341 0.0125138 -0.196911 -1.19495 
r1 0.00428274 0.996402 0.084644 -0.167325 
r2 0.197262 -0.0838233 0.976761 -0.213185 
r3 0 0 0 1 

Frame 189
r0 0.980691 0.0129051 -0.195135 -1.20095 
r1 0.00358197 0.996467 0.0839027 -0.166937 
r2 0.195529 -0.0829816 0.977181 -0.216192 
r3 0 0 0 1 

Frame 190
r0 0.980098 0.0157732 -0.197888 -1.20724 
r1 0.000925332 0.996465 0.0840085 -0.167772 
r2 0.198514 -0.0825197 0.976618 -0.218806 
r3 0 0 0 1 

Frame 191
r0 0.978995 0.0190414 -0.202994 -1.21024 
r1 -0.00203506 0.996492 0.0836592 -0.167844 
r2 0.203875 -0.0814888 0.9756 -0.220467 
r3 0 0 0 1 

Frame 192
r0 0.978528 0.0222974 -0.204906 -1.21218 
r1 -0.00505754 0.99643 0.0842766 -0.166567 
r2 0.206054 -0.0814307 0.975147 -0.221991 
r3 0 0 0 1 

Frame 193
r0 0.978901 0.0257106 -0.202711 -1.21651 
r1 -0.00777704 0.996021 0.088774 -0.169908 
r2 0.204187 -0.0853243 0.975206 -0.22403 
r3 0 0 0 1 

Frame 194
r0 0.978948 0.0285023 -0.202111 -1.21997 
r1 -0.0104791 0.995915 0.0896892 -0.17115 
r2 0.203842 -0.0856833 0.975247 -0.226109 
r3 0 0 0 1 

Frame 195
r0 0.97858 0.0288254 -0.203837 -1.22056 
r1 -0.0103087 0.995768 0.0913242 -0.173982 
r2 0.205607 -0.0872667 0.974736 -0.22619 
r3 0 0 0 1 

Frame 196
r0 0.978906 0.0292219 -0.202212 -1.22243 
r1 -0.0110594 0.995847 0.0903724 -0.175927 
r2 0.204013 -0.0862299 0.975163 -0.227842 
r3 0 0 0 1 

Frame 197
r0 0.980236 0.0296101 -0.195603 -1.2256 
r1 -0.0120876 0.995853 0.0901744 -0.177147 
r2 0.197462 -0.0860278 0.976529 -0.230466 
r3 0 0 0 1 

Frame 198
r0 0.98142 0.0277976 -0.189848 -1.22832 
r1 -0.0111478 0.996039 0.0882117 -0.177492 
r2 0.191548 -0.0844563 0.977843 -0.232695 
r3 0 0 0 1 

Frame 199
r0 0.982551 0.0274213 -0.183958 -1.23231 
r1 -0.0115277 0.996149 0.0869162 -0.177333 
r2 0.185633 -0.083279 0.979084 -0.234993 
r3 0 0 0 1 

Frame 200
r0 0.984115 0.0256882 -0.175662 -1.24078 
r1 -0.0107121 0.996265 0.085677 -0.176947 
r2 0.177207 -0.0824344 0.980715 -0.240275 
r3 0 0 0 1 

Frame 201
r0 0.984391 0.0249808 -0.174214 -1.2419 
r1 -0.0106637 0.996523 0.0826373 -0.174451 
r2 0.175673 -0.0794896 0.981234 -0.240577 
r3 0 0 0 1 

Frame 202
r0 0.984749 0.0232959 -0.172416 -1.244 
r1 -0.00871557 0.996356 0.0848437 -0.175494 
r2 0.173764 -0.082047 0.981364 -0.242824 
r3 0 0 0 1 

Frame 203
r0 0.985552 0.0217432 -0.167974 -1.24744 
r1 -0.00742579 0.996319 0.0853986 -0.174637 
r2 0.169213 -0.0829173 0.982085 -0.245856 
r3 0 0 0 1 

Frame 204
r0 0.987814 0.0152199 -0.154892 -1.25712 
r1 -0.00150126 0.996093 0.0882997 -0.172614 
r2 0.155631 -0.0869911 0.983977 -0.25239 
r3 0 0 0 1 

Frame 205
r0 0.98798 0.0135874 -0.153982 -1.25722 
r1 -1.19209e-06 0.99613 0.0878915 -0.172216 
r2 0.15458 -0.0868348 0.984157 -0.253408 
r3 0 0 0 1 

Frame 206
r0 0.989664 0.00633121 -0.143269 -1.26699 
r1 0.00688195 0.995777 0.091544 -0.171468 
r2 0.143243 -0.0915837 0.985441 -0.260846 
r3 0 0 0 1 

Frame 207
r0 0.989834 0.00658873 -0.142074 -1.26723 
r1 0.00674099 0.995631 0.0931369 -0.172376 
r2 0.142067 -0.0931478 0.985464 -0.260799 
r3 0 0 0 1 

Frame 208
r0 0.990761 0.00452079 -0.135545 -1.27322 
r1 0.00831344 0.99554 0.0939719 -0.169591 
r2 0.135366 -0.0942306 0.986305 -0.265202 
r3 0 0 0 1 

Frame 209
r0 0.991625 0.00207934 -0.129136 -1.2798 
r1 0.0107292 0.995088 0.0984077 -0.169963 
r2 0.128707 -0.0989689 0.986732 -0.269322 
r3 0 0 0 1 

Frame 210
r0 0.992181 -0.00173587 -0.124794 -1.28639 
r1 0.0143566 0.994853 0.100304 -0.169675 
r2 0.123978 -0.101312 0.987099 -0.273306 
r3 0 0 0 1 

Frame 211
r0 0.992523 -0.00575131 -0.121925 -1.29138 
r1 0.0185416 0.994401 0.104031 -0.170707 
r2 0.120644 -0.105514 0.987073 -0.277345 
r3 0 0 0 1 

Frame 212
r0 0.993024 -0.0102324 -0.117474 -1.29835 
r1 0.0227768 0.994111 0.105947 -0.171125 
r2 0.115698 -0.107883 0.987408 -0.281741 
r3 0 0 0 1 

Frame 213
r0 0.993366 -0.0140432 -0.114135 -1.30449 
r1 0.0264153 0.993841 0.107617 -0.171585 
r2 0.11192 -0.109918 0.987619 -0.28592 
r3 0 0 0 1 

Frame 214
r0 0.993829 -0.0154428 -0.109846 -1.3103 
r1 0.0276037 0.993541 0.110065 -0.173046 
r2 0.107437 -0.112418 0.987836 -0.290167 
r3 0 0 0 1 

Frame 215
r0 0.994464 -0.0157441 -0.103892 -1.31776 
r1 0.0274132 0.993345 0.111865 -0.174232 
r2 0.101439 -0.114094 0.988278 -0.294071 
r3 0 0 0 1 

Frame 216
r0 0.994892 -0.0175004 -0.0994201 -1.32532 
r1 0.0287977 0.993137 0.113359 -0.176671 
r2 0.0967539 -0.115643 0.988568 -0.297661 
r3 0 0 0 1 

Frame 217
r0 0.994994 -0.0202674 -0.0978595 -1.33134 
r1 0.0312043 0.993268 0.11156 -0.176907 
r2 0.0949397 -0.114055 0.988928 -0.301003 
r3 0 0 0 1 

Frame 218
r0 0.995243 -0.0216431 -0.0949922 -1.3374 
r1 0.0319844 0.993556 0.108736 -0.17657 
r2 0.0920267 -0.111257 0.989522 -0.304353 
r3 0 0 0 1 

Frame 219
r0 0.99575 -0.0218008 -0.0894828 -1.34413 
r1 0.0314712 0.993639 0.108125 -0.177733 
r2 0.0865566 -0.110482 0.990102 -0.307576 
r3 0 0 0 1 

Frame 220
r0 0.996162 -0.0205627 -0.0850758 -1.35118 
r1 0.0297467 0.993691 0.108134 -0.17929 
r2 0.0823154 -0.11025 0.990489 -0.310338 
r3 0 0 0 1 

Frame 221
r0 0.996453 -0.0194406 -0.081883 -1.3594 
r1 0.0281575 0.993895 0.106679 -0.181485 
r2 0.0793092 -0.108606 0.990916 -0.31267 
r3 0 0 0 1 

Frame 222
r0 0.996541 -0.0190896 -0.0808787 -1.36528 
r1 0.0275595 0.994097 0.104935 -0.183135 
r2 0.0783981 -0.106801 0.991185 -0.315477 
r3 0 0 0 1 

Frame 223
r0 0.996715 -0.0189991 -0.0787282 -1.37132 
r1 0.0269419 0.994512 0.101091 -0.184438 
r2 0.0763755 -0.10288 0.991757 -0.317752 
r3 0 0 0 1 

Frame 224
r0 0.997035 -0.0188344 -0.0746022 -1.37865 
r1 0.0262111 0.994725 0.0991692 -0.186053 
r2 0.0723408 -0.10083 0.99227 -0.319537 
r3 0 0 0 1 

Frame 225
r0 0.997179 -0.0196264 -0.0724453 -1.38467 
r1 0.0265431 0.995048 0.0957831 -0.18717 
r2 0.0702066 -0.0974358 0.992763 -0.321577 
r3 0 0 0 1 

Frame 226
r0 0.997314 -0.0197064 -0.0705399 -1.39169 
r1 0.0262171 0.995359 0.0925933 -0.1891 
r2 0.0683878 -0.094194 0.993202 -0.32303 
r3 0 0 0 1 

Frame 227
r0 0.99745 -0.0170682 -0.069302 -1.40327 
r1 0.0230075 0.996045 0.0858218 -0.190728 
r2 0.0675631 -0.0871974 0.993898 -0.324991 
r3 0 0 0 1 

Frame 228
r0 0.997498 -0.0169206 -0.068641 -1.40367 
r1 0.0226986 0.996183 0.0842947 -0.189571 
r2 0.0669527 -0.0856418 0.994074 -0.326262 
r3 0 0 0 1 

Frame 229
r0 0.997494 -0.01483 -0.0691791 -1.40934 
r1 0.0205861 0.996316 0.0832487 -0.192872 
r2 0.0676897 -0.0844642 0.994125 -0.327295 
r3 0 0 0 1 

Frame 230
r0 0.997415 -0.0119691 -0.0708563 -1.41304 
r1 0.0176815 0.996594 0.0805476 -0.194603 
r2 0.0696509 -0.0815922 0.994229 -0.328391 
r3 0 0 0 1 

Frame 231
r0 0.997563 -0.00971146 -0.0690951 -1.41814 
r1 0.0149972 0.996965 0.0763957 -0.194085 
r2 0.0681435 -0.0772458 0.994681 -0.329664 
r3 0 0 0 1 

Frame 232
r0 0.997649 -0.00781981 -0.0680805 -1.42228 
r1 0.0129654 0.997064 0.0754708 -0.196817 
r2 0.0672904 -0.0761761 0.994821 -0.330213 
r3 0 0 0 1 

Frame 233
r0 0.997716 -0.0044415 -0.0673952 -1.4256 
r1 0.00930202 0.997363 0.0719802 -0.196856 
r2 0.0668977 -0.0724427 0.995127 -0.331222 
r3 0 0 0 1 

Frame 233
r0 0.997716 -0.0044415 -0.0673952 -1.4256 
r1 0.00930202 0.997363 0.0719802 -0.196856 
r2 0.0668977 -0.0724427 0.995127 -0.331222 
r3 0 0 0 1 

Frame 233
r0 0.997716 -0.0044415 -0.0673952 -1.4256 
r1 0.00930202 0.997363 0.0719802 -0.196856 
r2 0.0668977 -0.0724427 0.995127 -0.331222 
r3 0 0 0 1 

Frame 233
r0 0.997716 -0.0044415 -0.0673952 -1.4256 
r1 0.00930202 0.997363 0.0719802 -0.196856 
r2 0.0668977 -0.0724427 0.995127 -0.331222 
r3 0 0 0 1 

Frame 233
r0 0.997716 -0.0044415 -0.0673952 -1.4256 
r1 0.00930202 0.997363 0.0719802 -0.196856 
r2 0.0668977 -0.0724427 0.995127 -0.331222 
r3 0 0 0 1 

Frame 233
r0 0.997716 -0.0044415 -0.0673952 -1.4256 
r1 0.00930202 0.997363 0.0719802 -0.196856 
r2 0.0668977 -0.0724427 0.995127 -0.331222 
r3 0 0 0 1 

Frame 233
r0 0.997716 -0.0044415 -0.0673952 -1.4256 
r1 0.00930202 0.997363 0.0719802 -0.196856 
r2 0.0668977 -0.0724427 0.995127 -0.331222 
r3 0 0 0 1 

Frame 233
r0 0.997716 -0.0044415 -0.0673952 -1.4256 
r1 0.00930202 0.997363 0.0719802 -0.196856 
r2 0.0668977 -0.0724427 0.995127 -0.331222 
r3 0 0 0 1 

Frame 233
r0 0.997716 -0.0044415 -0.0673952 -1.4256 
r1 0.00930202 0.997363 0.0719802 -0.196856 
r2 0.0668977 -0.0724427 0.995127 -0.331222 
r3 0 0 0 1 

Frame 233
r0 0.997716 -0.0044415 -0.0673952 -1.4256 
r1 0.00930202 0.997363 0.0719802 -0.196856 
r2 0.0668977 -0.0724427 0.995127 -0.331222 
r3 0 0 0 1 

Frame 233
r0 0.997716 -0.0044415 -0.0673952 -1.4256 
r1 0.00930202 0.997363 0.0719802 -0.196856 
r2 0.0668977 -0.0724427 0.995127 -0.331222 
r3 0 0 0 1 

Frame 233
r0 0.997716 -0.0044415 -0.0673952 -1.4256 
r1 0.00930202 0.997363 0.0719802 -0.196856 
r2 0.0668977 -0.0724427 0.995127 -0.331222 
r3 0 0 0 1 

Frame 233
r0 0.997716 -0.0044415 -0.0673952 -1.4256 
r1 0.00930202 0.997363 0.0719802 -0.196856 
r2 0.0668977 -0.0724427 0.995127 -0.331222 
r3 0 0 0 1 

Frame 233
r0 0.997716 -0.0044415 -0.0673952 -1.4256 
r1 0.00930202 0.997363 0.0719802 -0.196856 
r2 0.0668977 -0.0724427 0.995127 -0.331222 
r3 0 0 0 1 

Frame 233
r0 0.997716 -0.0044415 -0.0673952 -1.4256 
r1 0.00930202 0.997363 0.0719802 -0.196856 
r2 0.0668977 -0.0724427 0.995127 -0.331222 
r3 0 0 0 1 

Frame 233
r0 0.997716 -0.0044415 -0.0673952 -1.4256 
r1 0.00930202 0.997363 0.0719802 -0.196856 
r2 0.0668977 -0.0724427 0.995127 -0.331222 
r3 0 0 0 1 

Frame 233
r0 0.997716 -0.0044415 -0.0673952 -1.4256 
r1 0.00930202 0.997363 0.0719802 -0.196856 
r2 0.0668977 -0.0724427 0.995127 -0.331222 
r3 0 0 0 1 

Frame 233
r0 0.997716 -0.0044415 -0.0673952 -1.4256 
r1 0.00930202 0.997363 0.0719802 -0.196856 
r2 0.0668977 -0.0724427 0.995127 -0.331222 
r3 0 0 0 1 

Frame 233
r0 0.997716 -0.0044415 -0.0673952 -1.4256 
r1 0.00930202 0.997363 0.0719802 -0.196856 
r2 0.0668977 -0.0724427 0.995127 -0.331222 
r3 0 0 0 1 

Frame 233
r0 0.997716 -0.0044415 -0.0673952 -1.4256 
r1 0.00930202 0.997363 0.0719802 -0.196856 
r2 0.0668977 -0.0724427 0.995127 -0.331222 
r3 0 0 0 1 

Frame 233
r0 0.997716 -0.0044415 -0.0673952 -1.4256 
r1 0.00930202 0.997363 0.0719802 -0.196856 
r2 0.0668977 -0.0724427 0.995127 -0.331222 
r3 0 0 0 1 

Frame 233
r0 0.997716 -0.0044415 -0.0673952 -1.4256 
r1 0.00930202 0.997363 0.0719802 -0.196856 
r2 0.0668977 -0.0724427 0.995127 -0.331222 
r3 0 0 0 1 

Frame 233
r0 0.997716 -0.0044415 -0.0673952 -1.4256 
r1 0.00930202 0.997363 0.0719802 -0.196856 
r2 0.0668977 -0.0724427 0.995127 -0.331222 
r3 0 0 0 1 

Frame 233
r0 0.997716 -0.0044415 -0.0673952 -1.4256 
r1 0.00930202 0.997363 0.0719802 -0.196856 
r2 0.0668977 -0.0724427 0.995127 -0.331222 
r3 0 0 0 1 

Frame 233
r0 0.997716 -0.0044415 -0.0673952 -1.4256 
r1 0.00930202 0.997363 0.0719802 -0.196856 
r2 0.0668977 -0.0724427 0.995127 -0.331222 
r3 0 0 0 1 

Frame 233
r0 0.997716 -0.0044415 -0.0673952 -1.4256 
r1 0.00930202 0.997363 0.0719802 -0.196856 
r2 0.0668977 -0.0724427 0.995127 -0.331222 
r3 0 0 0 1 

Frame 233
r0 0.997716 -0.0044415 -0.0673952 -1.4256 
r1 0.00930202 0.997363 0.0719802 -0.196856 
r2 0.0668977 -0.0724427 0.995127 -0.331222 
r3 0 0 0 1 

Frame 233
r0 0.997716 -0.0044415 -0.0673952 -1.4256 
r1 0.00930202 0.997363 0.0719802 -0.196856 
r2 0.0668977 -0.0724427 0.995127 -0.331222 
r3 0 0 0 1 

Frame 233
