Frame 1
r0 1 0 0 0 
r1 0 1 0 0 
r2 0 0 1 0 
r3 0 0 0 1 

Frame 2
r0 0.999992 0.00110352 0.00395992 -0.000464096 
r1 -0.0011116 0.999997 0.00201225 -0.000415183 
r2 -0.00395769 -0.00201663 0.99999 -9.80816e-05 
r3 0 0 0 1 

Frame 3
r0 0.999987 -0.000798076 0.00499052 0.000179144 
r1 0.000776082 0.99999 0.00437394 -0.00231646 
r2 -0.00499395 -0.00437 0.999978 0.000134625 
r3 0 0 0 1 

Frame 4
r0 0.999968 -0.00618602 0.00514433 0.00210504 
r1 0.00617005 0.999976 0.00305624 -0.00107395 
r2 -0.00516292 -0.00302443 0.999982 -0.000266138 
r3 0 0 0 1 

Frame 5
r0 0.999904 -0.013081 0.00448404 0.00475584 
r1 0.0130672 0.999909 0.0032029 -0.000171408 
r2 -0.00452565 -0.0031439 0.999985 -0.000992906 
r3 0 0 0 1 

Frame 6
r0 0.999838 -0.0174594 0.0043074 0.00671383 
r1 0.0174408 0.999839 0.00428658 0.00131991 
r2 -0.00438154 -0.00421075 0.999982 -0.000397712 
r3 0 0 0 1 

Frame 7
r0 0.999808 -0.0192311 0.00391348 0.00774801 
r1 0.0192049 0.999794 0.00665572 0.00029823 
r2 -0.0040407 -0.00657932 0.99997 -0.00104973 
r3 0 0 0 1 

Frame 8
r0 0.999825 -0.0184432 0.00317812 0.0101367 
r1 0.0184266 0.999817 0.00508665 0.00352994 
r2 -0.00327134 -0.00502723 0.999982 -0.00150637 
r3 0 0 0 1 

Frame 9
r0 0.999856 -0.0167823 0.00248102 0.0122169 
r1 0.0167637 0.999831 0.00746464 0.0028238 
r2 -0.00260589 -0.00742191 0.999969 -0.00201767 
r3 0 0 0 1 

Frame 10
r0 0.999857 -0.016804 0.00181597 0.0151062 
r1 0.0167873 0.99982 0.00881622 0.00254667 
r2 -0.00196379 -0.00878447 0.99996 -0.00203492 
r3 0 0 0 1 

Frame 11
r0 0.999837 -0.0180025 0.000955677 0.0166636 
r1 0.0179915 0.999784 0.0104158 0.00273428 
r2 -0.00114298 -0.0103969 0.999946 -0.0017486 
r3 0 0 0 1 

Frame 12
r0 0.999815 -0.0192351 -0.000688511 0.0202999 
r1 0.0192425 0.999728 0.0131598 0.00108507 
r2 0.000435194 -0.0131706 0.999913 -0.00113634 
r3 0 0 0 1 

Frame 13
r0 0.999776 -0.0210926 -0.00171163 0.0223997 
r1 0.0211157 0.999667 0.0148488 9.35274e-05 
r2 0.00139786 -0.0148816 0.999888 5.79542e-05 
r3 0 0 0 1 

Frame 14
r0 0.999742 -0.0222019 -0.00484654 0.0263615 
r1 0.0222721 0.99964 0.0149588 -0.000726743 
r2 0.00451268 -0.0150629 0.999877 0.000981941 
r3 0 0 0 1 

Frame 15
r0 0.999719 -0.0226391 -0.00698197 0.0298259 
r1 0.02275 0.99961 0.0162276 -0.00341895 
r2 0.00661187 -0.0163818 0.999844 0.0021189 
r3 0 0 0 1 

Frame 16
r0 0.999655 -0.0243956 -0.00972789 0.0323793 
r1 0.0245173 0.99962 0.0125992 -0.00296836 
r2 0.00941683 -0.0128334 0.999873 0.00392999 
r3 0 0 0 1 

Frame 17
r0 0.999606 -0.0237937 -0.0148654 0.0353276 
r1 0.023978 0.999636 0.0123423 -0.00660466 
r2 0.0145664 -0.0126939 0.999813 0.00529806 
r3 0 0 0 1 

Frame 18
r0 0.999518 -0.0225285 -0.0213376 0.0391902 
r1 0.0227165 0.999705 0.00859945 -0.00774789 
r2 0.0211375 -0.00908001 0.999735 0.00656057 
r3 0 0 0 1 

Frame 19
r0 0.999371 -0.0219579 -0.0278352 0.0434268 
r1 0.0220874 0.999746 0.00436894 -0.00716339 
r2 0.0277323 -0.00498103 0.999603 0.00803589 
r3 0 0 0 1 

Frame 20
r0 0.999156 -0.0211001 -0.0352349 0.0494094 
r1 0.0212351 0.999769 0.00344691 -0.00767984 
r2 0.0351536 -0.00419206 0.999373 0.00990442 
r3 0 0 0 1 

Frame 21
r0 0.998888 -0.0213957 -0.0420125 0.0548234 
r1 0.0214458 0.999769 0.00074821 -0.00726417 
r2 0.0419869 -0.00164854 0.999117 0.0121368 
r3 0 0 0 1 

Frame 22
r0 0.998545 -0.0220579 -0.0492067 0.0597842 
r1 0.0219522 0.999756 -0.00268638 -0.0052029 
r2 0.049254 0.00160193 0.998785 0.0149311 
r3 0 0 0 1 

Frame 23
r0 0.997978 -0.0206762 -0.0601035 0.0674803 
r1 0.0205652 0.999785 -0.00246388 -0.00642923 
r2 0.0601415 0.00122264 0.998189 0.017993 
r3 0 0 0 1 

Frame 24
r0 0.997389 -0.0182413 -0.0698765 0.0751392 
r1 0.0180241 0.999831 -0.00373423 -0.00563008 
r2 0.0699331 0.0024648 0.997549 0.020835 
r3 0 0 0 1 

Frame 25
r0 0.996662 -0.0159052 -0.080078 0.0835306 
r1 0.0157211 0.999872 -0.00293021 -0.00637146 
r2 0.0801141 0.00166164 0.996784 0.0238384 
r3 0 0 0 1 

Frame 26
r0 0.995984 -0.0147419 -0.088316 0.0917718 
r1 0.0142545 0.999879 -0.00614735 -0.00348843 
r2 0.088396 0.00486369 0.996073 0.0272365 
r3 0 0 0 1 

Frame 27
r0 0.995313 -0.0135681 -0.0957456 0.0989156 
r1 0.0129132 0.999889 -0.00745629 -0.00219675 
r2 0.0958362 0.00618497 0.995378 0.0310947 
r3 0 0 0 1 

Frame 28
r0 0.994553 -0.0105611 -0.103695 0.106027 
r1 0.00991042 0.999928 -0.00678782 -0.0027873 
r2 0.103759 0.00572318 0.994586 0.0349982 
r3 0 0 0 1 

Frame 29
r0 0.993571 -0.00684539 -0.113005 0.113162 
r1 0.00613663 0.999959 -0.0066186 -0.00335143 
r2 0.113046 0.00588258 0.993573 0.0385175 
r3 0 0 0 1 

Frame 30
r0 0.99243 -0.00253809 -0.122788 0.12168 
r1 0.00157444 0.999967 -0.00794445 -0.00490189 
r2 0.122804 0.00769098 0.992401 0.042315 
r3 0 0 0 1 

Frame 31
r0 0.991472 0.000892282 -0.130317 0.130238 
r1 -0.00229003 0.999941 -0.0105764 -0.00497426 
r2 0.1303 0.0107846 0.991416 0.0454842 
r3 0 0 0 1 

Frame 32
r0 0.990557 0.00451893 -0.137027 0.138793 
r1 -0.00626013 0.999905 -0.0122785 -0.00588938 
r2 0.136959 0.0130204 0.990491 0.0488766 
r3 0 0 0 1 

Frame 33
r0 0.989666 0.00848074 -0.143141 0.146305 
r1 -0.0109821 0.9998 -0.0166936 -0.00596295 
r2 0.142971 0.018093 0.989562 0.0524513 
r3 0 0 0 1 

Frame 34
r0 0.988602 0.0107471 -0.15017 0.154743 
r1 -0.0145559 0.999599 -0.0242864 -0.00346944 
r2 0.149849 0.0261954 0.988362 0.0559422 
r3 0 0 0 1 

Frame 35
r0 0.987529 0.0130244 -0.156896 0.164055 
r1 -0.0177846 0.999422 -0.0289736 -0.00100073 
r2 0.156428 0.0314027 0.98719 0.0586235 
r3 0 0 0 1 

Frame 36
r0 0.986965 0.0150412 -0.160232 0.171814 
r1 -0.0205513 0.999251 -0.0327853 0.00142381 
r2 0.159619 0.0356508 0.986535 0.0618324 
r3 0 0 0 1 

Frame 37
r0 0.986814 0.0148641 -0.161176 0.179112 
r1 -0.0206759 0.999193 -0.0344419 0.00363525 
r2 0.160534 0.0373202 0.986325 0.0638177 
r3 0 0 0 1 

Frame 38
r0 0.986844 0.0141697 -0.161053 0.185422 
r1 -0.0204263 0.999097 -0.0372589 0.00810333 
r2 0.16038 0.0400584 0.986242 0.0668285 
r3 0 0 0 1 

Frame 39
r0 0.986698 0.0119881 -0.162124 0.191691 
r1 -0.0183576 0.999115 -0.037848 0.0107029 
r2 0.161526 0.0403207 0.986044 0.0698031 
r3 0 0 0 1 

Frame 40
r0 0.986411 0.012222 -0.163839 0.196421 
r1 -0.0180982 0.999244 -0.0344204 0.0080017 
r2 0.163294 0.0369179 0.985886 0.0722511 
r3 0 0 0 1 

Frame 41
r0 0.985952 0.0100517 -0.166723 0.202937 
r1 -0.0161858 0.99924 -0.0354729 0.0104032 
r2 0.16624 0.0376732 0.985365 0.0735397 
r3 0 0 0 1 

Frame 42
r0 0.985412 0.00803481 -0.169995 0.209661 
r1 -0.0142422 0.999274 -0.0353278 0.0140455 
r2 0.169588 0.0372336 0.984811 0.0759281 
r3 0 0 0 1 

Frame 43
r0 0.985261 0.00724342 -0.1709 0.214782 
r1 -0.0131847 0.999347 -0.033654 0.0145511 
r2 0.170544 0.0354113 0.984714 0.0780519 
r3 0 0 0 1 

Frame 44
r0 0.985132 0.00737146 -0.17164 0.218781 
r1 -0.012938 0.999425 -0.0313357 0.013438 
r2 0.17131 0.0330904 0.984661 0.0790434 
r3 0 0 0 1 

Frame 45
r0 0.984469 0.00267249 -0.175535 0.224828 
r1 -0.00851098 0.999435 -0.0325163 0.0148974 
r2 0.175349 0.0335053 0.983936 0.0801969 
r3 0 0 0 1 

Frame 46
r0 0.98392 0.00016427 -0.17861 0.23023 
r1 -0.00614399 0.999439 -0.0329264 0.0149854 
r2 0.178504 0.0334943 0.983369 0.081946 
r3 0 0 0 1 

Frame 47
r0 0.98344 -0.00294086 -0.18121 0.235808 
r1 -0.00349748 0.999374 -0.0352001 0.0173006 
r2 0.1812 0.035251 0.982814 0.0824667 
r3 0 0 0 1 

Frame 48
r0 0.983164 -0.00407404 -0.182677 0.241567 
r1 -0.00271372 0.999316 -0.0368914 0.0188641 
r2 0.182702 0.0367661 0.982481 0.0837018 
r3 0 0 0 1 

Frame 49
r0 0.983132 -0.00596923 -0.182798 0.247643 
r1 -0.00126699 0.999221 -0.0394434 0.0226653 
r2 0.182891 0.0390096 0.982359 0.084235 
r3 0 0 0 1 

Frame 50
r0 0.983266 -0.00656787 -0.18206 0.253511 
r1 -0.000267342 0.999297 -0.037494 0.0236446 
r2 0.182178 0.0369153 0.982572 0.0839373 
r3 0 0 0 1 

Frame 51
r0 0.983334 -0.00815046 -0.181627 0.259451 
r1 0.00158687 0.999341 -0.0362536 0.0262714 
r2 0.181803 0.0353612 0.982699 0.0839768 
r3 0 0 0 1 

Frame 52
r0 0.983206 -0.00654065 -0.182379 0.265602 
r1 0.000611461 0.99947 -0.0325463 0.0258714 
r2 0.182496 0.0318882 0.98269 0.0834034 
r3 0 0 0 1 

Frame 53
r0 0.982943 -0.00812955 -0.183731 0.273333 
r1 0.00165574 0.999373 -0.0353612 0.0317704 
r2 0.183903 0.0344538 0.98234 0.0834709 
r3 0 0 0 1 

Frame 54
r0 0.983062 -0.00637474 -0.183164 0.279652 
r1 0.000911397 0.999553 -0.0298962 0.0310146 
r2 0.183273 0.0292228 0.982628 0.0823906 
r3 0 0 0 1 

Frame 55
r0 0.982644 -0.00652067 -0.185389 0.288353 
r1 0.000657782 0.999498 -0.0316687 0.0342544 
r2 0.185503 0.0309971 0.982155 0.0816706 
r3 0 0 0 1 

Frame 56
r0 0.982283 -0.00664632 -0.187286 0.297785 
r1 0.000584275 0.999475 -0.0324039 0.0351522 
r2 0.187403 0.0317204 0.981771 0.0800629 
r3 0 0 0 1 

Frame 57
r0 0.982457 -0.00836802 -0.186305 0.307555 
r1 0.00170641 0.999354 -0.0358895 0.0379656 
r2 0.186485 0.034942 0.981836 0.0785643 
r3 0 0 0 1 

Frame 58
r0 0.98279 -0.00874788 -0.184518 0.319143 
r1 0.0015488 0.999233 -0.0391237 0.0425086 
r2 0.184719 0.0381646 0.98205 0.0780105 
r3 0 0 0 1 

Frame 59
r0 0.983818 -0.00793394 -0.178993 0.330118 
r1 0.000652562 0.999171 -0.0407016 0.0473162 
r2 0.179167 0.0399262 0.983008 0.0778226 
r3 0 0 0 1 

Frame 60
r0 0.984968 -0.00787909 -0.172559 0.340036 
r1 0.000815292 0.99916 -0.0409688 0.0512124 
r2 0.172737 0.0402123 0.984147 0.0778166 
r3 0 0 0 1 

Frame 61
r0 0.985709 -0.0106855 -0.168119 0.349661 
r1 0.00373808 0.999128 -0.0415862 0.0546242 
r2 0.168417 0.0403634 0.984889 0.077034 
r3 0 0 0 1 

Frame 62
r0 0.986362 -0.0133758 -0.16405 0.358133 
r1 0.00686428 0.999168 -0.0401956 0.0565641 
r2 0.164451 0.0385213 0.985633 0.0755775 
r3 0 0 0 1 

Frame 63
r0 0.986503 -0.0129828 -0.163225 0.367057 
r1 0.00675087 0.999229 -0.0386773 0.0579109 
r2 0.163601 0.0370534 0.985831 0.0739376 
r3 0 0 0 1 

Frame 64
r0 0.986261 -0.0121002 -0.164754 0.379494 
r1 0.00563273 0.999197 -0.0396665 0.0607018 
r2 0.165102 0.0381933 0.985536 0.0725276 
r3 0 0 0 1 

Frame 65
r0 0.98688 -0.0104437 -0.161118 0.390269 
r1 0.00364004 0.999091 -0.0424653 0.0663435 
r2 0.161415 0.0413217 0.986021 0.0716131 
r3 0 0 0 1 

Frame 66
r0 0.987628 -0.00798441 -0.156612 0.401839 
r1 0.00143497 0.999121 -0.0418885 0.0709516 
r2 0.156809 0.0411455 0.986771 0.0705608 
r3 0 0 0 1 

Frame 67
r0 0.988515 -0.00406694 -0.151067 0.41168 
r1 -0.00160523 0.999299 -0.0374065 0.070499 
r2 0.151113 0.0372194 0.987816 0.0699104 
r3 0 0 0 1 

Frame 68
r0 0.99004 -0.00830033 -0.140544 0.425923 
r1 0.00274801 0.99921 -0.0396546 0.0756083 
r2 0.140762 0.0388734 0.98928 0.0708947 
r3 0 0 0 1 

Frame 69
r0 0.9897 -0.00842972 -0.142905 0.428091 
r1 0.00283232 0.999223 -0.0393257 0.074356 
r2 0.143125 0.038516 0.988955 0.0694246 
r3 0 0 0 1 

Frame 70
r0 0.989886 -0.0137434 -0.141197 0.43567 
r1 0.00828648 0.999199 -0.0391595 0.0760356 
r2 0.141622 0.0375934 0.989206 0.0693598 
r3 0 0 0 1 

Frame 71
r0 0.989769 -0.017695 -0.141579 0.443638 
r1 0.0122463 0.999154 -0.0392635 0.0768056 
r2 0.142154 0.0371279 0.989148 0.0685054 
r3 0 0 0 1 

Frame 72
r0 0.989574 -0.0207604 -0.142523 0.452774 
r1 0.0151753 0.999078 -0.0401624 0.0781135 
r2 0.143225 0.0375809 0.988976 0.0678846 
r3 0 0 0 1 

Frame 73
r0 0.989577 -0.0225283 -0.142229 0.461442 
r1 0.0169184 0.999035 -0.0405296 0.0777516 
r2 0.143005 0.0377009 0.989004 0.0685041 
r3 0 0 0 1 

Frame 74
r0 0.989922 -0.0227468 -0.139773 0.468678 
r1 0.0169446 0.99895 -0.04256 0.0788743 
r2 0.140594 0.0397627 0.989269 0.0695774 
r3 0 0 0 1 

Frame 75
r0 0.990028 -0.0237262 -0.138859 0.476854 
r1 0.017641 0.998836 -0.0448913 0.0786965 
r2 0.139762 0.041994 0.989294 0.0711826 
r3 0 0 0 1 

Frame 76
r0 0.990172 -0.0244829 -0.137698 0.483555 
r1 0.0182302 0.998752 -0.0464888 0.0797009 
r2 0.138665 0.0435216 0.989383 0.0726661 
r3 0 0 0 1 

Frame 77
r0 0.989969 -0.0274298 -0.138595 0.492758 
r1 0.0209579 0.99863 -0.0479399 0.0809932 
r2 0.13972 0.0445544 0.989188 0.0747322 
r3 0 0 0 1 

Frame 78
r0 0.989992 -0.0302529 -0.137841 0.501182 
r1 0.0237656 0.998542 -0.0484686 0.0816649 
r2 0.139107 0.0447076 0.989268 0.077108 
r3 0 0 0 1 

Frame 79
r0 0.989863 -0.0331641 -0.1381 0.509955 
r1 0.0265797 0.998433 -0.0492525 0.0832782 
r2 0.139517 0.0450825 0.989193 0.0804283 
r3 0 0 0 1 

Frame 80
r0 0.989817 -0.0338605 -0.138261 0.518375 
r1 0.0271422 0.998371 -0.0501908 0.0855095 
r2 0.139735 0.0459271 0.989123 0.0843651 
r3 0 0 0 1 

Frame 81
r0 0.98983 -0.0323208 -0.138531 0.524593 
r1 0.0256554 0.998438 -0.0496342 0.0851062 
r2 0.139919 0.0455754 0.989114 0.0882063 
r3 0 0 0 1 

Frame 82
r0 0.989345 -0.0332898 -0.141731 0.533938 
r1 0.0263596 0.998376 -0.0504954 0.0873462 
r2 0.143182 0.0462214 0.988617 0.0927497 
r3 0 0 0 1 

Frame 83
r0 0.989043 -0.0313106 -0.144272 0.542347 
r1 0.024554 0.998527 -0.0483777 0.0870532 
r2 0.145575 0.0443051 0.988355 0.0980299 
r3 0 0 0 1 

Frame 84
r0 0.988565 -0.0307501 -0.147625 0.552101 
r1 0.0237268 0.998512 -0.049102 0.0890238 
r2 0.148915 0.0450379 0.987824 0.103286 
r3 0 0 0 1 

Frame 85
r0 0.987884 -0.0286905 -0.152517 0.56203 
r1 0.0215736 0.998609 -0.0481145 0.0883212 
r2 0.153685 0.0442412 0.987129 0.109421 
r3 0 0 0 1 

Frame 86
r0 0.987001 -0.0251685 -0.158726 0.57364 
r1 0.0175549 0.998635 -0.0491868 0.0871576 
r2 0.159748 0.045761 0.986097 0.116275 
r3 0 0 0 1 

Frame 87
r0 0.986094 -0.0202541 -0.164948 0.585947 
r1 0.0120551 0.998648 -0.0505597 0.0847929 
r2 0.165749 0.0478682 0.985006 0.123697 
r3 0 0 0 1 

Frame 88
r0 0.985264 -0.0168724 -0.170204 0.597743 
r1 0.00728822 0.99836 -0.0567771 0.0854102 
r2 0.170883 0.0546999 0.983772 0.132314 
r3 0 0 0 1 

Frame 89
r0 0.98472 -0.0109646 -0.1738 0.608623 
r1 -0.0002639 0.99792 -0.0644533 0.0896173 
r2 0.174145 0.0635143 0.98267 0.140478 
r3 0 0 0 1 

Frame 90
r0 0.983995 -0.00130695 -0.178192 0.620692 
r1 -0.010776 0.997706 -0.0668245 0.09206 
r2 0.177871 0.0676752 0.981724 0.148622 
r3 0 0 0 1 

Frame 91
r0 0.983442 0.00600281 -0.181122 0.631954 
r1 -0.0185929 0.99752 -0.0678912 0.0935462 
r2 0.180266 0.0701346 0.981115 0.157173 
r3 0 0 0 1 

Frame 92
r0 0.982558 0.0099262 -0.18569 0.644072 
r1 -0.0225306 0.997572 -0.0658926 0.0941052 
r2 0.184586 0.0689271 0.980396 0.164344 
r3 0 0 0 1 

Frame 93
r0 0.981074 0.0141483 -0.193115 0.655931 
r1 -0.0261918 0.997857 -0.0599543 0.0886306 
r2 0.191853 0.0638777 0.979343 0.171035 
r3 0 0 0 1 

Frame 94
r0 0.9793 0.0146571 -0.201881 0.667729 
r1 -0.0272533 0.997841 -0.0597564 0.0848429 
r2 0.200569 0.0640214 0.977586 0.177361 
r3 0 0 0 1 

Frame 95
r0 0.977848 0.0120199 -0.20897 0.679313 
r1 -0.0264108 0.997456 -0.0662125 0.0869086 
r2 0.207642 0.0702648 0.975678 0.185043 
r3 0 0 0 1 

Frame 96
r0 0.977905 0.0131868 -0.208631 0.688197 
r1 -0.0280845 0.997248 -0.0686063 0.0879496 
r2 0.207153 0.0729498 0.975585 0.19131 
r3 0 0 0 1 

Frame 97
r0 0.97785 0.0181063 -0.208522 0.698156 
r1 -0.032404 0.997336 -0.0653559 0.0841944 
r2 0.206783 0.0706653 0.975832 0.196603 
r3 0 0 0 1 

Frame 98
r0 0.977746 0.0217181 -0.208668 0.705881 
r1 -0.0366619 0.99701 -0.0680165 0.083566 
r2 0.206567 0.0741529 0.975618 0.200708 
r3 0 0 0 1 

Frame 99
r0 0.977682 0.0232324 -0.208803 0.712039 
r1 -0.0393554 0.996526 -0.0733947 0.0862202 
r2 0.206373 0.0799742 0.9752 0.204423 
r3 0 0 0 1 

Frame 100
r0 0.977956 0.0224514 -0.207602 0.719438 
r1 -0.0390964 0.996309 -0.076425 0.0902465 
r2 0.205119 0.0828567 0.975223 0.208812 
r3 0 0 0 1 

Frame 101
r0 0.978801 0.0223461 -0.20359 0.724377 
r1 -0.037973 0.996596 -0.0731777 0.0909612 
r2 0.201261 0.0793574 0.976318 0.212519 
r3 0 0 0 1 

Frame 102
r0 0.979426 0.0211026 -0.200695 0.730449 
r1 -0.0353249 0.99709 -0.067549 0.0899865 
r2 0.198686 0.0732488 0.977322 0.21548 
r3 0 0 0 1 

Frame 103
r0 0.980207 0.018207 -0.197134 0.735858 
r1 -0.0314732 0.997429 -0.0643725 0.0889072 
r2 0.195455 0.0693028 0.978261 0.218248 
r3 0 0 0 1 

Frame 104
r0 0.980568 0.0156129 -0.195559 0.743492 
r1 -0.0287825 0.99749 -0.0646847 0.0917281 
r2 0.194058 0.0690565 0.978556 0.219786 
r3 0 0 0 1 

Frame 105
r0 0.981215 0.0128914 -0.192488 0.750264 
r1 -0.0255868 0.997646 -0.0636152 0.0932299 
r2 0.191215 0.0673453 0.979235 0.222715 
r3 0 0 0 1 

Frame 106
r0 0.982133 0.011438 -0.18784 0.755796 
r1 -0.0237262 0.997712 -0.0633005 0.0958562 
r2 0.186686 0.0666262 0.980158 0.224489 
r3 0 0 0 1 

Frame 107
r0 0.982915 0.0112038 -0.183718 0.760798 
r1 -0.0230311 0.997787 -0.0623721 0.0985453 
r2 0.182613 0.0655378 0.980998 0.225767 
r3 0 0 0 1 

Frame 108
r0 0.983662 0.00878486 -0.179809 0.766199 
r1 -0.0204109 0.99781 -0.062911 0.102238 
r2 0.178863 0.0655533 0.981688 0.227943 
r3 0 0 0 1 

Frame 109
r0 0.984278 0.00638917 -0.176511 0.770258 
r1 -0.0176274 0.99791 -0.0621738 0.105152 
r2 0.175745 0.0643077 0.982333 0.228372 
r3 0 0 0 1 

Frame 110
r0 0.984721 0.0050506 -0.174069 0.774844 
r1 -0.0159704 0.997986 -0.0613898 0.107625 
r2 0.173408 0.0632317 0.982818 0.229161 
r3 0 0 0 1 

Frame 111
r0 0.984931 0.00323202 -0.17292 0.779449 
r1 -0.0141883 0.997965 -0.0621611 0.110769 
r2 0.172368 0.0636778 0.982972 0.229778 
r3 0 0 0 1 

Frame 112
r0 0.985161 0.00271602 -0.171612 0.783267 
r1 -0.0136836 0.997935 -0.0627594 0.112784 
r2 0.171087 0.0641765 0.983164 0.229633 
r3 0 0 0 1 

Frame 113
r0 0.984992 0.00325206 -0.172571 0.790073 
r1 -0.0142823 0.997929 -0.0627155 0.113745 
r2 0.172009 0.0642389 0.982998 0.229862 
r3 0 0 0 1 

Frame 114
r0 0.984629 0.00196686 -0.174648 0.800231 
r1 -0.0138466 0.997668 -0.0668279 0.117947 
r2 0.17411 0.068219 0.98236 0.230819 
r3 0 0 0 1 

Frame 115
r0 0.984814 0.00211725 -0.173602 0.807243 
r1 -0.0143807 0.997484 -0.069414 0.122702 
r2 0.173018 0.0708564 0.982367 0.231083 
r3 0 0 0 1 

Frame 116
r0 0.985146 0.00359875 -0.171683 0.812424 
r1 -0.0155224 0.997554 -0.0681599 0.12459 
r2 0.171017 0.0698124 0.982792 0.231051 
r3 0 0 0 1 

Frame 117
r0 0.985008 0.00599548 -0.172405 0.818651 
r1 -0.0182003 0.99743 -0.0692981 0.128156 
r2 0.171547 0.0713971 0.982586 0.23073 
r3 0 0 0 1 

Frame 118
r0 0.983931 0.00798428 -0.178369 0.828738 
r1 -0.0210233 0.997231 -0.0713313 0.132837 
r2 0.177306 0.073935 0.981375 0.229382 
r3 0 0 0 1 

Frame 119
r0 0.98316 0.0113503 -0.182395 0.837412 
r1 -0.0252314 0.996942 -0.0739654 0.140013 
r2 0.180997 0.0773219 0.980439 0.228732 
r3 0 0 0 1 

Frame 120
r0 0.982535 0.0169057 -0.185308 0.845062 
r1 -0.0304146 0.997062 -0.0703014 0.142623 
r2 0.183575 0.0747097 0.980163 0.227063 
r3 0 0 0 1 

Frame 121
r0 0.982512 0.0229345 -0.184783 0.850667 
r1 -0.03566 0.997193 -0.0658407 0.142814 
r2 0.182754 0.0712786 0.980572 0.225269 
r3 0 0 0 1 

Frame 122
r0 0.982555 0.024733 -0.184321 0.859442 
r1 -0.0375411 0.997092 -0.0663248 0.145235 
r2 0.182145 0.0720874 0.980626 0.224127 
r3 0 0 0 1 

Frame 123
r0 0.983031 0.02518 -0.181704 0.868987 
r1 -0.0379061 0.997039 -0.0669082 0.14874 
r2 0.179481 0.0726605 0.981074 0.223973 
r3 0 0 0 1 

Frame 124
r0 0.983917 0.0277247 -0.176463 0.878188 
r1 -0.0397662 0.997088 -0.0650704 0.151277 
r2 0.174145 0.0710411 0.982154 0.224679 
r3 0 0 0 1 

Frame 125
r0 0.984409 0.0294528 -0.173415 0.88752 
r1 -0.0409651 0.997161 -0.0631859 0.151865 
r2 0.171061 0.0693045 0.98282 0.22502 
r3 0 0 0 1 

Frame 126
r0 0.984095 0.0304527 -0.17501 0.899017 
r1 -0.0426429 0.996887 -0.0663202 0.156004 
r2 0.172446 0.0727284 0.98233 0.223636 
r3 0 0 0 1 

Frame 127
r0 0.983741 0.0324156 -0.176646 0.909272 
r1 -0.0447341 0.996803 -0.0662051 0.15684 
r2 0.173935 0.0730307 0.982045 0.222767 
r3 0 0 0 1 

Frame 128
r0 0.983725 0.0310722 -0.176973 0.922014 
r1 -0.0442214 0.996507 -0.0708467 0.161699 
r2 0.174153 0.0775196 0.981663 0.223636 
r3 0 0 0 1 

Frame 129
r0 0.984504 0.0317659 -0.172463 0.932039 
r1 -0.0446784 0.996439 -0.0715128 0.165162 
r2 0.169577 0.0781099 0.982417 0.224569 
r3 0 0 0 1 

Frame 130
r0 0.98533 0.0316558 -0.1677 0.942389 
r1 -0.044149 0.996478 -0.0712975 0.167627 
r2 0.164852 0.0776552 0.983256 0.225805 
r3 0 0 0 1 

Frame 131
r0 0.986028 0.0325902 -0.163363 0.951592 
r1 -0.0446168 0.996514 -0.0704977 0.168783 
r2 0.160496 0.0768014 0.984044 0.227434 
r3 0 0 0 1 

Frame 132
r0 0.986448 0.0306786 -0.161181 0.960631 
r1 -0.0427563 0.996487 -0.0720057 0.171868 
r2 0.158406 0.0779214 0.984295 0.228917 
r3 0 0 0 1 

Frame 133
r0 0.9867 0.026822 -0.160322 0.970248 
r1 -0.0388419 0.996625 -0.0723161 0.174963 
r2 0.157841 0.0775815 0.984412 0.229777 
r3 0 0 0 1 

Frame 134
r0 0.986941 0.0240554 -0.159275 0.980361 
r1 -0.0351357 0.997126 -0.0671223 0.174156 
r2 0.157203 0.071842 0.98495 0.230769 
r3 0 0 0 1 

Frame 135
r0 0.987792 0.0216315 -0.154267 0.988367 
r1 -0.0317561 0.997478 -0.0634704 0.173603 
r2 0.152505 0.0675945 0.985989 0.232303 
r3 0 0 0 1 

Frame 136
r0 0.988424 0.0191617 -0.150499 0.997244 
r1 -0.0285203 0.997774 -0.0602728 0.173138 
r2 0.149009 0.0638674 0.986771 0.234 
r3 0 0 0 1 

Frame 137
r0 0.98912 0.0179068 -0.146019 1.00374 
r1 -0.0266608 0.997948 -0.0582172 0.171363 
r2 0.144677 0.0614768 0.987568 0.235535 
r3 0 0 0 1 

Frame 138
r0 0.989384 0.0135527 -0.144689 1.01339 
r1 -0.0223265 0.997997 -0.0591888 0.170956 
r2 0.143597 0.0617909 0.987705 0.238448 
r3 0 0 0 1 

Frame 139
r0 0.990304 0.00977284 -0.138572 1.03161 
r1 -0.0180926 0.998099 -0.0589078 0.170901 
r2 0.137733 0.0608438 0.988599 0.24642 
r3 0 0 0 1 

Frame 140
r0 0.990233 0.00853518 -0.13916 1.03177 
r1 -0.0163814 0.998334 -0.0553361 0.166534 
r2 0.138455 0.0570753 0.988722 0.244675 
r3 0 0 0 1 

Frame 141
r0 0.991325 0.00808251 -0.131181 1.04556 
r1 -0.0151989 0.998461 -0.0533377 0.166955 
r2 0.130548 0.0548688 0.989922 0.254089 
r3 0 0 0 1 

Frame 142
r0 0.991538 0.00534181 -0.129708 1.05223 
r1 -0.012049 0.998627 -0.0509809 0.164392 
r2 0.129257 0.0521124 0.990241 0.259265 
r3 0 0 0 1 

Frame 143
r0 0.991302 0.00414044 -0.13154 1.05355 
r1 -0.0107027 0.998731 -0.049218 0.161902 
r2 0.131169 0.0501978 0.990088 0.258189 
r3 0 0 0 1 

Frame 144
r0 0.99142 0.000449687 -0.130718 1.06113 
r1 -0.00729042 0.998627 -0.0518616 0.162961 
r2 0.130515 0.0523696 0.990062 0.264296 
r3 0 0 0 1 

Frame 145
r0 0.991409 -0.00136003 -0.13079 1.06984 
r1 -0.0054189 0.99866 -0.0514617 0.16206 
r2 0.130684 0.0517283 0.990074 0.270811 
r3 0 0 0 1 

Frame 146
r0 0.991484 -0.00320941 -0.13019 1.07915 
r1 -0.00328594 0.998762 -0.0496439 0.158594 
r2 0.130188 0.0496489 0.990246 0.27819 
r3 0 0 0 1 

Frame 147
r0 0.991735 -0.00420058 -0.128236 1.08836 
r1 -0.0026713 0.998572 -0.0533663 0.159352 
r2 0.128276 0.0532677 0.990307 0.286643 
r3 0 0 0 1 

Frame 148
r0 0.991788 -0.00336319 -0.127846 1.0973 
r1 -0.00338882 0.998612 -0.0525607 0.15652 
r2 0.127846 0.0525624 0.9904 0.295462 
r3 0 0 0 1 

Frame 149
r0 0.99169 -0.00221969 -0.12863 1.1069 
r1 -0.00483957 0.9985 -0.0545417 0.154694 
r2 0.128558 0.0547109 0.990192 0.304997 
r3 0 0 0 1 

Frame 150
r0 0.991417 -0.00222109 -0.130716 1.11703 
r1 -0.00569487 0.998173 -0.0601533 0.155771 
r2 0.130611 0.0603815 0.989593 0.315973 
r3 0 0 0 1 

Frame 151
r0 0.990994 0.00187162 -0.133893 1.12751 
r1 -0.0104657 0.997926 -0.0635116 0.156859 
r2 0.133496 0.0643409 0.988959 0.325857 
r3 0 0 0 1 

Frame 152
r0 0.990616 0.0089876 -0.136377 1.1376 
r1 -0.0173932 0.998012 -0.060569 0.153259 
r2 0.135561 0.0623726 0.988804 0.335628 
r3 0 0 0 1 

Frame 153
r0 0.990449 0.0131355 -0.137256 1.14767 
r1 -0.0217341 0.997881 -0.0613364 0.151614 
r2 0.136159 0.0637337 0.988635 0.345858 
r3 0 0 0 1 

Frame 154
r0 0.990191 0.0148284 -0.138931 1.15705 
r1 -0.0237525 0.997744 -0.0627953 0.151754 
r2 0.137687 0.0654793 0.988309 0.355885 
r3 0 0 0 1 

Frame 155
r0 0.989409 0.0200572 -0.143765 1.16517 
r1 -0.028857 0.997818 -0.05939 0.14722 
r2 0.14226 0.0629096 0.987828 0.365547 
r3 0 0 0 1 

Frame 156
r0 0.988234 0.0239474 -0.151066 1.17437 
r1 -0.0334064 0.997616 -0.060391 0.142706 
r2 0.14926 0.0647269 0.986677 0.374717 
r3 0 0 0 1 

Frame 157
r0 0.987263 0.0241881 -0.157251 1.18464 
r1 -0.0349898 0.997187 -0.0662897 0.143366 
r2 0.155205 0.0709475 0.985331 0.383692 
r3 0 0 0 1 

Frame 158
r0 0.986739 0.0240751 -0.160518 1.19404 
r1 -0.0352537 0.997119 -0.0671595 0.142973 
r2 0.158439 0.0719278 0.984745 0.392325 
r3 0 0 0 1 

Frame 159
r0 0.986501 0.0258638 -0.161698 1.20128 
r1 -0.0368681 0.997176 -0.0654291 0.139056 
r2 0.159549 0.0705074 0.984669 0.400644 
r3 0 0 0 1 

Frame 160
r0 0.986186 0.0270054 -0.163422 1.20749 
r1 -0.03829 0.997065 -0.0662996 0.135932 
r2 0.161151 0.0716412 0.984326 0.40788 
r3 0 0 0 1 

Frame 161
r0 0.985493 0.02727 -0.167511 1.21337 
r1 -0.039146 0.996917 -0.0680088 0.133853 
r2 0.16514 0.0735796 0.983521 0.414178 
r3 0 0 0 1 

Frame 162
r0 0.984561 0.0262023 -0.173071 1.22145 
r1 -0.0391461 0.99665 -0.0718033 0.134786 
r2 0.17061 0.0774698 0.982289 0.420932 
r3 0 0 0 1 

Frame 163
r0 0.98442 0.0251526 -0.174027 1.2266 
r1 -0.0385039 0.996531 -0.0737742 0.136331 
r2 0.171567 0.0793253 0.981974 0.42729 
r3 0 0 0 1 

Frame 164
r0 0.983999 0.0265107 -0.176194 1.23075 
r1 -0.0395996 0.996676 -0.0711914 0.136098 
r2 0.173721 0.0770294 0.981778 0.432889 
r3 0 0 0 1 

Frame 165
r0 0.983477 0.0269664 -0.179013 1.23488 
r1 -0.040022 0.996763 -0.0697241 0.13713 
r2 0.176554 0.0757365 0.981373 0.438723 
r3 0 0 0 1 

Frame 166
r0 0.983041 0.0281564 -0.181213 1.23791 
r1 -0.0408058 0.996955 -0.0664582 0.138094 
r2 0.17879 0.0727257 0.981196 0.444355 
r3 0 0 0 1 

Frame 167
r0 0.982299 0.0275628 -0.185281 1.24322 
r1 -0.0401995 0.997089 -0.0647945 0.142158 
r2 0.182956 0.0710958 0.980547 0.44884 
r3 0 0 0 1 

Frame 168
r0 0.982096 0.0254827 -0.186648 1.24722 
r1 -0.0370567 0.997583 -0.0587837 0.1434 
r2 0.184699 0.0646477 0.980667 0.45339 
r3 0 0 0 1 

Frame 169
r0 0.981841 0.024062 -0.188175 1.2503 
r1 -0.0348696 0.997914 -0.0543358 0.146328 
r2 0.186475 0.0599108 0.980631 0.456653 
r3 0 0 0 1 

Frame 170
r0 0.981775 0.0222619 -0.188737 1.2531 
r1 -0.0318196 0.998352 -0.0477617 0.147218 
r2 0.187362 0.0528968 0.980866 0.461344 
r3 0 0 0 1 

Frame 171
r0 0.981691 0.0226076 -0.189135 1.25524 
r1 -0.0308407 0.998695 -0.0407012 0.147983 
r2 0.187968 0.0457891 0.981107 0.464079 
r3 0 0 0 1 

Frame 172
r0 0.981815 0.0216023 -0.18861 1.25668 
r1 -0.0283502 0.999048 -0.0331531 0.147967 
r2 0.187715 0.0378973 0.981492 0.467716 
r3 0 0 0 1 

Frame 173
r0 0.981712 0.0218554 -0.189115 1.25876 
r1 -0.0275068 0.999249 -0.0273099 0.148619 
r2 0.188376 0.0320124 0.981575 0.470205 
r3 0 0 0 1 

Frame 174
r0 0.98156 0.0214728 -0.189943 1.26187 
r1 -0.0264417 0.99937 -0.0236643 0.150789 
r2 0.189315 0.0282504 0.98151 0.473363 
r3 0 0 0 1 

Frame 175
r0 0.981752 0.0213378 -0.188963 1.26491 
r1 -0.0252546 0.999513 -0.0183444 0.151852 
r2 0.188479 0.0227818 0.981813 0.476254 
r3 0 0 0 1 

Frame 176
r0 0.982231 0.0221164 -0.186369 1.26662 
r1 -0.0248481 0.999615 -0.0123336 0.152162 
r2 0.186024 0.0167453 0.982403 0.478792 
r3 0 0 0 1 

Frame 177
r0 0.982439 0.0225878 -0.18521 1.26928 
r1 -0.0249846 0.999631 -0.010617 0.153411 
r2 0.184902 0.0150579 0.982642 0.48089 
r3 0 0 0 1 

Frame 178
r0 0.982971 0.0221105 -0.182429 1.27102 
r1 -0.0241087 0.999671 -0.00874267 0.155837 
r2 0.182176 0.0129919 0.98318 0.483643 
r3 0 0 0 1 

Frame 179
r0 0.983355 0.0235934 -0.180153 1.27315 
r1 -0.0243394 0.999702 -0.00193125 0.155611 
r2 0.180054 0.00628393 0.983637 0.485775 
r3 0 0 0 1 

Frame 180
r0 0.983853 0.0227661 -0.177524 1.27457 
r1 -0.0225169 0.999741 0.00341894 0.15423 
r2 0.177556 0.000633542 0.98411 0.487393 
r3 0 0 0 1 

Frame 181
r0 0.983999 0.0222809 -0.176775 1.27689 
r1 -0.0217427 0.999751 0.00498117 0.155318 
r2 0.176842 -0.00105791 0.984239 0.489177 
r3 0 0 0 1 

Frame 182
r0 0.984195 0.0217454 -0.175748 1.27898 
r1 -0.0207296 0.999756 0.007614 0.155802 
r2 0.17587 -0.00385048 0.984406 0.491172 
r3 0 0 0 1 

Frame 183
r0 0.984416 0.020373 -0.174669 1.28105 
r1 -0.0189461 0.999772 0.00983319 0.156073 
r2 0.174829 -0.00637066 0.984578 0.492944 
r3 0 0 0 1 

Frame 184
r0 0.984829 0.018332 -0.172557 1.2831 
r1 -0.0165295 0.999793 0.0118768 0.156025 
r2 0.172739 -0.0088443 0.984928 0.494522 
r3 0 0 0 1 

Frame 185
r0 0.985412 0.0166253 -0.16937 1.28443 
r1 -0.0148836 0.999823 0.0115477 0.157211 
r2 0.169532 -0.00885841 0.985485 0.495521 
r3 0 0 0 1 

Frame 186
r0 0.985862 0.0143976 -0.166939 1.28522 
r1 -0.0125643 0.999849 0.0120331 0.158527 
r2 0.167087 -0.00976552 0.985894 0.497311 
r3 0 0 0 1 

Frame 187
r0 0.98596 0.0152272 -0.166285 1.28754 
r1 -0.0130219 0.999812 0.0143445 0.158554 
r2 0.166472 -0.0119777 0.985973 0.497974 
r3 0 0 0 1 

Frame 188
r0 0.986346 0.0131882 -0.164157 1.28826 
r1 -0.0107357 0.999817 0.0158178 0.158804 
r2 0.164336 -0.0138395 0.986307 0.498965 
r3 0 0 0 1 

Frame 189
r0 0.986735 0.010853 -0.161976 1.28876 
r1 -0.00826249 0.999827 0.0166581 0.159641 
r2 0.162129 -0.0150988 0.986654 0.499769 
r3 0 0 0 1 

Frame 190
r0 0.986994 0.00900114 -0.160505 1.28974 
r1 -0.00638882 0.999839 0.0167844 0.160914 
r2 0.16063 -0.0155406 0.986892 0.500132 
r3 0 0 0 1 

Frame 191
r0 0.987134 0.00821519 -0.159682 1.29 
r1 -0.0054358 0.999826 0.0178347 0.16152 
r2 0.159801 -0.0167373 0.987007 0.500137 
r3 0 0 0 1 

Frame 192
r0 0.987367 0.00825463 -0.158237 1.28963 
r1 -0.00544792 0.99982 0.0181628 0.162145 
r2 0.158358 -0.0170713 0.987234 0.501088 
r3 0 0 0 1 

Frame 193
r0 0.987368 0.00713053 -0.158283 1.29062 
r1 -0.00408427 0.9998 0.0195633 0.161774 
r2 0.158391 -0.0186698 0.9872 0.501086 
r3 0 0 0 1 

Frame 194
r0 0.987596 0.00516301 -0.156931 1.29171 
r1 -0.00195315 0.999786 0.0206018 0.161058 
r2 0.157004 -0.0200397 0.987395 0.501402 
r3 0 0 0 1 

Frame 195
r0 0.987431 0.00519732 -0.157966 1.29418 
r1 -0.00196402 0.999786 0.020617 0.160433 
r2 0.15804 -0.0200476 0.987229 0.501199 
r3 0 0 0 1 

Frame 196
r0 0.987873 0.00532672 -0.155171 1.29306 
r1 -0.0022822 0.999802 0.0197909 0.160334 
r2 0.155245 -0.0191968 0.987689 0.500656 
r3 0 0 0 1 

Frame 197
r0 0.987862 0.00426698 -0.155276 1.29351 
r1 -0.00128326 0.999813 0.019311 0.160105 
r2 0.15533 -0.0188773 0.987682 0.500556 
r3 0 0 0 1 

Frame 198
r0 0.987993 0.0043166 -0.154437 1.2935 
r1 -0.00123183 0.999798 0.0200646 0.158444 
r2 0.154492 -0.0196335 0.987799 0.500799 
r3 0 0 0 1 

Frame 199
r0 0.987736 0.00481604 -0.15606 1.29464 
r1 -0.0023353 0.999868 0.0160755 0.159951 
r2 0.156117 -0.0155139 0.987617 0.500763 
r3 0 0 0 1 

Frame 200
r0 0.987762 0.00581182 -0.15586 1.29497 
r1 -0.00357305 0.999887 0.0146403 0.159678 
r2 0.155927 -0.0139042 0.987671 0.500627 
r3 0 0 0 1 

Frame 201
r0 0.987787 0.00488974 -0.155731 1.29521 
r1 -0.00287917 0.99991 0.0131334 0.160376 
r2 0.155781 -0.0125246 0.987712 0.500509 
r3 0 0 0 1 

Frame 202
r0 0.987844 0.00495924 -0.155371 1.29563 
r1 -0.00300089 0.999913 0.0128363 0.159687 
r2 0.155421 -0.012214 0.987773 0.500655 
r3 0 0 0 1 

Frame 203
r0 0.98791 0.00514738 -0.154941 1.29606 
r1 -0.00330586 0.999921 0.0121408 0.159461 
r2 0.154991 -0.0114818 0.987849 0.500821 
r3 0 0 0 1 

Frame 204
r0 0.987563 0.00471242 -0.157149 1.2977 
r1 -0.00281176 0.99992 0.0123146 0.158721 
r2 0.157195 -0.0117196 0.987498 0.500988 
r3 0 0 0 1 

Frame 205
r0 0.987616 0.00468141 -0.15682 1.29816 
r1 -0.00288794 0.999928 0.0116623 0.158055 
r2 0.156863 -0.011065 0.987558 0.500936 
r3 0 0 0 1 

Frame 206
r0 0.987594 0.0033145 -0.156992 1.29781 
r1 -0.00160165 0.999938 0.0110356 0.157677 
r2 0.157019 -0.0106473 0.987538 0.501056 
r3 0 0 0 1 

Frame 207
r0 0.987198 0.00231062 -0.159484 1.29954 
r1 -0.000692971 0.999948 0.0101979 0.15784 
r2 0.159499 -0.00995679 0.987148 0.50133 
r3 0 0 0 1 

Frame 208
r0 0.987112 0.00196324 -0.16002 1.29932 
r1 -0.000395007 0.999952 0.00983131 0.157329 
r2 0.160032 -0.00964139 0.987065 0.50144 
r3 0 0 0 1 

Frame 209
r0 0.986988 0.00112174 -0.16079 1.29924 
r1 0.00046978 0.999951 0.00986002 0.155277 
r2 0.160793 -0.00980726 0.98694 0.5012 
r3 0 0 0 1 

Frame 210
r0 0.986732 0.000312876 -0.162357 1.29865 
r1 0.00128868 0.999952 0.00975892 0.153567 
r2 0.162352 -0.00983866 0.986684 0.501235 
r3 0 0 0 1 

Frame 211
r0 0.986533 -0.000646409 -0.163559 1.29874 
r1 0.00182416 0.999974 0.0070507 0.153957 
r2 0.163551 -0.00725412 0.986508 0.501024 
r3 0 0 0 1 

Frame 212
r0 0.986402 -0.000940369 -0.164349 1.29895 
r1 0.00188604 0.999983 0.00559795 0.154848 
r2 0.164341 -0.00583179 0.986386 0.501201 
r3 0 0 0 1 

Frame 213
r0 0.98649 -0.00225774 -0.163803 1.29815 
r1 0.00326173 0.999978 0.00586047 0.15389 
r2 0.163786 -0.00631557 0.986476 0.501719 
r3 0 0 0 1 

Frame 214
r0 0.986117 0.00155011 -0.166047 1.30008 
r1 -0.000798736 0.999989 0.00459187 0.153848 
r2 0.166052 -0.0043955 0.986107 0.502085 
r3 0 0 0 1 

Frame 214
r0 0.986117 0.00155011 -0.166047 1.30008 
r1 -0.000798736 0.999989 0.00459187 0.153848 
r2 0.166052 -0.0043955 0.986107 0.502085 
r3 0 0 0 1 

Frame 214
r0 0.986117 0.00155011 -0.166047 1.30008 
r1 -0.000798736 0.999989 0.00459187 0.153848 
r2 0.166052 -0.0043955 0.986107 0.502085 
r3 0 0 0 1 

Frame 214
r0 0.986117 0.00155011 -0.166047 1.30008 
r1 -0.000798736 0.999989 0.00459187 0.153848 
r2 0.166052 -0.0043955 0.986107 0.502085 
r3 0 0 0 1 

Frame 214
r0 0.986117 0.00155011 -0.166047 1.30008 
r1 -0.000798736 0.999989 0.00459187 0.153848 
r2 0.166052 -0.0043955 0.986107 0.502085 
r3 0 0 0 1 

Frame 214
r0 0.986117 0.00155011 -0.166047 1.30008 
r1 -0.000798736 0.999989 0.00459187 0.153848 
r2 0.166052 -0.0043955 0.986107 0.502085 
r3 0 0 0 1 

Frame 214
r0 0.986117 0.00155011 -0.166047 1.30008 
r1 -0.000798736 0.999989 0.00459187 0.153848 
r2 0.166052 -0.0043955 0.986107 0.502085 
r3 0 0 0 1 

Frame 214
r0 0.986117 0.00155011 -0.166047 1.30008 
r1 -0.000798736 0.999989 0.00459187 0.153848 
r2 0.166052 -0.0043955 0.986107 0.502085 
r3 0 0 0 1 

Frame 214
r0 0.986117 0.00155011 -0.166047 1.30008 
r1 -0.000798736 0.999989 0.00459187 0.153848 
r2 0.166052 -0.0043955 0.986107 0.502085 
r3 0 0 0 1 

Frame 214
r0 0.986117 0.00155011 -0.166047 1.30008 
r1 -0.000798736 0.999989 0.00459187 0.153848 
r2 0.166052 -0.0043955 0.986107 0.502085 
r3 0 0 0 1 

Frame 214
r0 0.986117 0.00155011 -0.166047 1.30008 
r1 -0.000798736 0.999989 0.00459187 0.153848 
r2 0.166052 -0.0043955 0.986107 0.502085 
r3 0 0 0 1 

Frame 214
r0 0.986117 0.00155011 -0.166047 1.30008 
r1 -0.000798736 0.999989 0.00459187 0.153848 
r2 0.166052 -0.0043955 0.986107 0.502085 
r3 0 0 0 1 

Frame 214
r0 0.986117 0.00155011 -0.166047 1.30008 
r1 -0.000798736 0.999989 0.00459187 0.153848 
r2 0.166052 -0.0043955 0.986107 0.502085 
r3 0 0 0 1 

Frame 214
r0 0.986117 0.00155011 -0.166047 1.30008 
r1 -0.000798736 0.999989 0.00459187 0.153848 
r2 0.166052 -0.0043955 0.986107 0.502085 
r3 0 0 0 1 

Frame 214
r0 0.986117 0.00155011 -0.166047 1.30008 
r1 -0.000798736 0.999989 0.00459187 0.153848 
r2 0.166052 -0.0043955 0.986107 0.502085 
r3 0 0 0 1 

Frame 214
r0 0.986117 0.00155011 -0.166047 1.30008 
r1 -0.000798736 0.999989 0.00459187 0.153848 
r2 0.166052 -0.0043955 0.986107 0.502085 
r3 0 0 0 1 

Frame 214
r0 0.986117 0.00155011 -0.166047 1.30008 
r1 -0.000798736 0.999989 0.00459187 0.153848 
r2 0.166052 -0.0043955 0.986107 0.502085 
r3 0 0 0 1 

Frame 214
r0 0.986117 0.00155011 -0.166047 1.30008 
r1 -0.000798736 0.999989 0.00459187 0.153848 
r2 0.166052 -0.0043955 0.986107 0.502085 
r3 0 0 0 1 

Frame 214
r0 0.986117 0.00155011 -0.166047 1.30008 
r1 -0.000798736 0.999989 0.00459187 0.153848 
r2 0.166052 -0.0043955 0.986107 0.502085 
r3 0 0 0 1 

Frame 214
r0 0.986117 0.00155011 -0.166047 1.30008 
r1 -0.000798736 0.999989 0.00459187 0.153848 
r2 0.166052 -0.0043955 0.986107 0.502085 
r3 0 0 0 1 

Frame 214
r0 0.986117 0.00155011 -0.166047 1.30008 
r1 -0.000798736 0.999989 0.00459187 0.153848 
r2 0.166052 -0.0043955 0.986107 0.502085 
r3 0 0 0 1 

Frame 214
r0 0.986117 0.00155011 -0.166047 1.30008 
r1 -0.000798736 0.999989 0.00459187 0.153848 
r2 0.166052 -0.0043955 0.986107 0.502085 
r3 0 0 0 1 

Frame 214
r0 0.986117 0.00155011 -0.166047 1.30008 
r1 -0.000798736 0.999989 0.00459187 0.153848 
r2 0.166052 -0.0043955 0.986107 0.502085 
r3 0 0 0 1 

Frame 214
r0 0.986117 0.00155011 -0.166047 1.30008 
r1 -0.000798736 0.999989 0.00459187 0.153848 
r2 0.166052 -0.0043955 0.986107 0.502085 
r3 0 0 0 1 

Frame 214
r0 0.986117 0.00155011 -0.166047 1.30008 
r1 -0.000798736 0.999989 0.00459187 0.153848 
r2 0.166052 -0.0043955 0.986107 0.502085 
r3 0 0 0 1 

Frame 214
r0 0.986117 0.00155011 -0.166047 1.30008 
r1 -0.000798736 0.999989 0.00459187 0.153848 
r2 0.166052 -0.0043955 0.986107 0.502085 
r3 0 0 0 1 

Frame 214
r0 0.986117 0.00155011 -0.166047 1.30008 
r1 -0.000798736 0.999989 0.00459187 0.153848 
r2 0.166052 -0.0043955 0.986107 0.502085 
r3 0 0 0 1 

Frame 214
r0 0.986117 0.00155011 -0.166047 1.30008 
r1 -0.000798736 0.999989 0.00459187 0.153848 
r2 0.166052 -0.0043955 0.986107 0.502085 
r3 0 0 0 1 

Frame 214
r0 0.986117 0.00155011 -0.166047 1.30008 
r1 -0.000798736 0.999989 0.00459187 0.153848 
r2 0.166052 -0.0043955 0.986107 0.502085 
r3 0 0 0 1 

Frame 214
r0 0.986117 0.00155011 -0.166047 1.30008 
r1 -0.000798736 0.999989 0.00459187 0.153848 
r2 0.166052 -0.0043955 0.986107 0.502085 
r3 0 0 0 1 

Frame 214
r0 0.986117 0.00155011 -0.166047 1.30008 
r1 -0.000798736 0.999989 0.00459187 0.153848 
r2 0.166052 -0.0043955 0.986107 0.502085 
r3 0 0 0 1 

Frame 214
r0 0.986117 0.00155011 -0.166047 1.30008 
r1 -0.000798736 0.999989 0.00459187 0.153848 
r2 0.166052 -0.0043955 0.986107 0.502085 
r3 0 0 0 1 

Frame 214
r0 0.986117 0.00155011 -0.166047 1.30008 
r1 -0.000798736 0.999989 0.00459187 0.153848 
r2 0.166052 -0.0043955 0.986107 0.502085 
r3 0 0 0 1 

Frame 214
r0 0.986117 0.00155011 -0.166047 1.30008 
r1 -0.000798736 0.999989 0.00459187 0.153848 
r2 0.166052 -0.0043955 0.986107 0.502085 
r3 0 0 0 1 

Frame 214
r0 0.986117 0.00155011 -0.166047 1.30008 
r1 -0.000798736 0.999989 0.00459187 0.153848 
r2 0.166052 -0.0043955 0.986107 0.502085 
r3 0 0 0 1 

