Frame 1
r0 1 0 0 0 
r1 0 1 0 0 
r2 0 0 1 0 
r3 0 0 0 1 

Frame 2
r0 0.999999 -0.00145241 0.000505138 -0.000145628 
r1 0.00145256 0.999999 0.000202209 0.000221252 
r2 -0.000504993 -0.000201076 1 0.000121081 
r3 0 0 0 1 

Frame 3
r0 0.999998 -0.00173212 3.17693e-05 1.34662e-05 
r1 0.00173153 0.999998 0.00114846 0.00192118 
r2 -3.49693e-05 -0.00114876 0.999999 0.00100403 
r3 0 0 0 1 

Frame 4
r0 0.999998 0.00201662 -0.000219941 -0.000600708 
r1 -0.00201578 0.999991 0.00380667 0.00102117 
r2 0.000227541 -0.00380641 0.999993 0.00164244 
r3 0 0 0 1 

Frame 5
r0 0.999977 0.00620827 -0.00289756 0.00281601 
r1 -0.00617838 0.999929 0.0102246 0.00344583 
r2 0.00296126 -0.0102063 0.999943 0.00289853 
r3 0 0 0 1 

Frame 6
r0 0.999977 0.00620916 -0.00290015 0.00281796 
r1 -0.00617899 0.999928 0.0102118 0.00345583 
r2 0.00296335 -0.0101936 0.999944 0.00290661 
r3 0 0 0 1 

Frame 7
r0 0.999992 0.00380477 -0.000993886 0.00599668 
r1 -0.00378613 0.999829 0.0181231 0.00113013 
r2 0.00106267 -0.0181192 0.999835 0.005555 
r3 0 0 0 1 

Frame 8
r0 0.999995 -0.00197297 0.00259962 -2.33129e-05 
r1 0.00191569 0.999759 0.0218641 0.000204193 
r2 -0.00264213 -0.021859 0.999758 0.00716882 
r3 0 0 0 1 

Frame 9
r0 0.999954 -0.00116423 -0.00948567 0.00136833 
r1 0.00141355 0.999653 0.0263085 -0.00116215 
r2 0.00945158 -0.0263202 0.999609 0.00665147 
r3 0 0 0 1 

Frame 10
r0 0.99989 -0.000859901 -0.0148526 0.00501121 
r1 0.00130311 0.999554 0.0298327 -0.00120195 
r2 0.0148202 -0.0298488 0.999444 0.00701605 
r3 0 0 0 1 

Frame 11
r0 0.999833 -0.000464827 -0.0182566 0.0091607 
r1 0.00108959 0.999413 0.0342329 -0.00232614 
r2 0.0182299 -0.034247 0.999247 0.00771585 
r3 0 0 0 1 

Frame 12
r0 0.999837 -0.00394516 -0.0176144 0.0109004 
r1 0.00469513 0.999075 0.0427325 -0.00292013 
r2 0.0174295 -0.0428083 0.998931 0.0118138 
r3 0 0 0 1 

Frame 13
r0 0.999837 -0.00394472 -0.0176274 0.0109111 
r1 0.00469513 0.999076 0.0427244 -0.00291387 
r2 0.0174425 -0.0428003 0.998931 0.0118203 
r3 0 0 0 1 

Frame 14
r0 0.999823 -0.0089152 -0.0165249 0.00769514 
r1 0.00972843 0.998711 0.049813 -0.00944091 
r2 0.0160595 -0.0499649 0.998622 0.0134571 
r3 0 0 0 1 

Frame 15
r0 0.999663 -0.00900036 -0.024349 0.0084755 
r1 0.0101157 0.998886 0.0460791 -0.00771067 
r2 0.0239071 -0.0463099 0.998641 0.0126328 
r3 0 0 0 1 

Frame 16
r0 0.999477 -0.00922936 -0.030977 0.0100911 
r1 0.0107193 0.998776 0.04828 -0.00827165 
r2 0.0304935 -0.0485869 0.998353 0.0120541 
r3 0 0 0 1 

Frame 17
r0 0.999463 -0.0104893 -0.0310384 0.00857655 
r1 0.0120083 0.998718 0.0491779 -0.00683978 
r2 0.0304828 -0.0495242 0.998308 0.012864 
r3 0 0 0 1 

Frame 18
r0 0.999391 -0.0107319 -0.0332131 0.00923004 
r1 0.0124437 0.998582 0.0517652 -0.0076738 
r2 0.0326105 -0.0521469 0.998107 0.0139035 
r3 0 0 0 1 

Frame 19
r0 0.999433 -0.0106332 -0.031965 0.0101741 
r1 0.0122932 0.998562 0.0521932 -0.00728638 
r2 0.031364 -0.0525565 0.998125 0.0139607 
r3 0 0 0 1 

Frame 20
r0 0.999447 -0.0122644 -0.0309092 0.00940127 
r1 0.0138514 0.998569 0.0516609 -0.00508685 
r2 0.0302314 -0.0520605 0.998186 0.0143955 
r3 0 0 0 1 

Frame 21
r0 0.999431 -0.00969183 -0.0323069 0.00423765 
r1 0.011444 0.998447 0.0545143 -0.00664771 
r2 0.0317284 -0.054853 0.99799 0.0142224 
r3 0 0 0 1 

Frame 22
r0 0.999264 -0.00172275 -0.0383314 0.000550324 
r1 0.00385448 0.998445 0.0556013 -0.00778176 
r2 0.038176 -0.0557081 0.997717 0.0140153 
r3 0 0 0 1 

Frame 23
r0 0.999085 0.00365812 -0.0426175 -0.00173541 
r1 -0.00133079 0.998512 0.0545107 -0.00797994 
r2 0.0427535 -0.054404 0.997603 0.013363 
r3 0 0 0 1 

Frame 24
r0 0.998964 0.00926924 -0.0445631 -0.00369708 
r1 -0.0068186 0.998472 0.0548392 -0.0086803 
r2 0.0450033 -0.0544785 0.9975 0.0124005 
r3 0 0 0 1 

Frame 25
r0 0.998883 0.0148225 -0.0448641 -0.00610276 
r1 -0.0123409 0.998405 0.0551027 -0.00940767 
r2 0.0456093 -0.0544875 0.997472 0.0127883 
r3 0 0 0 1 

Frame 26
r0 0.998778 0.0203212 -0.0450416 -0.00779667 
r1 -0.0178221 0.998316 0.0552026 -0.0108871 
r2 0.0460875 -0.0543324 0.997459 0.0128316 
r3 0 0 0 1 

Frame 27
r0 0.998165 0.0298931 -0.0526541 -0.0159712 
r1 -0.0270566 0.998186 0.0537774 -0.0104269 
r2 0.0541662 -0.0522541 0.997164 0.0120383 
r3 0 0 0 1 

Frame 28
r0 0.997821 0.0359143 -0.0553543 -0.0173044 
r1 -0.0328373 0.997917 0.0555261 -0.0122111 
r2 0.0572332 -0.0535874 0.996922 0.0122772 
r3 0 0 0 1 

Frame 29
r0 0.997845 0.0366051 -0.0544548 -0.0182946 
r1 -0.0335631 0.99788 0.0557627 -0.0126534 
r2 0.0563802 -0.053815 0.996958 0.0130995 
r3 0 0 0 1 

Frame 30
r0 0.997593 0.0433104 -0.0541598 -0.0210647 
r1 -0.0401947 0.997545 0.0573433 -0.0138796 
r2 0.0565104 -0.0550283 0.996884 0.013125 
r3 0 0 0 1 

Frame 31
r0 0.997359 0.049521 -0.0531178 -0.0235289 
r1 -0.0463767 0.997187 0.058889 -0.0135678 
r2 0.0558846 -0.0562701 0.99685 0.0141084 
r3 0 0 0 1 

Frame 32
r0 0.99704 0.0567033 -0.0519182 -0.0290125 
r1 -0.0534665 0.996659 0.0617422 -0.0139958 
r2 0.0552457 -0.0587835 0.996741 0.0153791 
r3 0 0 0 1 

Frame 33
r0 0.996353 0.0667771 -0.0531206 -0.033867 
r1 -0.0633945 0.995998 0.0630012 -0.0134539 
r2 0.057115 -0.0594039 0.996599 0.0160187 
r3 0 0 0 1 

Frame 34
r0 0.995884 0.0737343 -0.0527183 -0.037788 
r1 -0.0703083 0.995462 0.0641309 -0.0135435 
r2 0.0572077 -0.0601604 0.996548 0.0166772 
r3 0 0 0 1 

Frame 35
r0 0.995572 0.0778452 -0.0526863 -0.0412407 
r1 -0.0743467 0.995086 0.065393 -0.0149106 
r2 0.057518 -0.0611864 0.996468 0.017199 
r3 0 0 0 1 

Frame 36
r0 0.995246 0.0817551 -0.0529228 -0.0443244 
r1 -0.0782022 0.994748 0.066038 -0.0153557 
r2 0.0580438 -0.0615854 0.996413 0.0163444 
r3 0 0 0 1 

Frame 37
r0 0.994941 0.08493 -0.0536638 -0.0471971 
r1 -0.0813304 0.994497 0.0660371 -0.0145271 
r2 0.058977 -0.0613385 0.996373 0.0162624 
r3 0 0 0 1 

Frame 38
r0 0.994525 0.088711 -0.0552353 -0.0510369 
r1 -0.0849908 0.994167 0.0663987 -0.0143143 
r2 0.0608034 -0.0613406 0.996263 0.0159383 
r3 0 0 0 1 

Frame 39
r0 0.993858 0.0939208 -0.0585201 -0.0562633 
r1 -0.0900737 0.993796 0.0652367 -0.0123219 
r2 0.0642841 -0.059565 0.996152 0.0152998 
r3 0 0 0 1 

Frame 40
r0 0.992879 0.100322 -0.0642462 -0.0587574 
r1 -0.0963382 0.993393 0.0623717 -0.00670367 
r2 0.070079 -0.0557381 0.995983 0.0148521 
r3 0 0 0 1 

Frame 41
r0 0.992311 0.105545 -0.0646537 -0.0604141 
r1 -0.101389 0.992753 0.0645096 -0.00566259 
r2 0.0709939 -0.0574584 0.99582 0.0162099 
r3 0 0 0 1 

Frame 42
r0 0.990729 0.117703 -0.0678457 -0.0692344 
r1 -0.113152 0.991287 0.0674287 -0.00378471 
r2 0.0751911 -0.0591267 0.995415 0.0177903 
r3 0 0 0 1 

Frame 43
r0 0.990654 0.117781 -0.0687969 -0.0680436 
r1 -0.113164 0.991278 0.0675409 -0.00449579 
r2 0.0761519 -0.0591242 0.995342 0.0184667 
r3 0 0 0 1 

Frame 44
r0 0.989817 0.123843 -0.0701755 -0.0724516 
r1 -0.11914 0.99057 0.0676578 -0.00253624 
r2 0.0778927 -0.0586082 0.995238 0.019037 
r3 0 0 0 1 

Frame 45
r0 0.989006 0.129645 -0.0711256 -0.0771593 
r1 -0.124823 0.989811 0.068513 -0.0019674 
r2 0.0792833 -0.0588817 0.995112 0.0198214 
r3 0 0 0 1 

Frame 46
r0 0.988039 0.136181 -0.0723476 -0.081827 
r1 -0.131326 0.988997 0.0681084 -0.0010862 
r2 0.0808267 -0.0577926 0.995051 0.0196649 
r3 0 0 0 1 

Frame 47
r0 0.987461 0.140293 -0.0723804 -0.0851986 
r1 -0.135525 0.988501 0.0670656 0.00118703 
r2 0.0809565 -0.0564152 0.99512 0.0191961 
r3 0 0 0 1 

Frame 48
r0 0.987012 0.142979 -0.0732376 -0.0869845 
r1 -0.138034 0.988045 0.068658 0.000205702 
r2 0.0821789 -0.0576573 0.994948 0.0197809 
r3 0 0 0 1 

Frame 49
r0 0.986486 0.145776 -0.0747928 -0.0919282 
r1 -0.140776 0.987684 0.068275 0.0025977 
r2 0.0838247 -0.0568234 0.994859 0.0186051 
r3 0 0 0 1 

Frame 50
r0 0.98512 0.151486 -0.0811901 -0.100346 
r1 -0.145883 0.986749 0.0710245 0.00791002 
r2 0.0908732 -0.0581231 0.994165 0.0170911 
r3 0 0 0 1 

Frame 51
r0 0.985164 0.150765 -0.0819882 -0.0993119 
r1 -0.145204 0.986919 0.0700427 0.00908126 
r2 0.0914755 -0.0570985 0.994169 0.0175636 
r3 0 0 0 1 

Frame 52
r0 0.984508 0.155027 -0.0819182 -0.10165 
r1 -0.149299 0.986169 0.0719793 0.00950116 
r2 0.0919439 -0.0586339 0.994036 0.0187554 
r3 0 0 0 1 

Frame 53
r0 0.983669 0.160306 -0.0818322 -0.105772 
r1 -0.154433 0.985251 0.0736977 0.0105726 
r2 0.0924395 -0.0598566 0.993918 0.0185669 
r3 0 0 0 1 

Frame 54
r0 0.983207 0.163883 -0.0802826 -0.110753 
r1 -0.157975 0.984579 0.0751539 0.013442 
r2 0.091361 -0.0612092 0.993935 0.0182104 
r3 0 0 0 1 

Frame 55
r0 0.981774 0.17456 -0.0751614 -0.119549 
r1 -0.168362 0.982294 0.0821716 0.0169171 
r2 0.0881745 -0.0680196 0.99378 0.019343 
r3 0 0 0 1 

Frame 56
r0 0.981744 0.174566 -0.0755276 -0.119693 
r1 -0.168342 0.982297 0.0821772 0.0171472 
r2 0.088536 -0.0679627 0.993752 0.0198991 
r3 0 0 0 1 

Frame 57
r0 0.980825 0.180243 -0.0741369 -0.12415 
r1 -0.173785 0.981028 0.0859284 0.0180549 
r2 0.088218 -0.0713965 0.993539 0.0209545 
r3 0 0 0 1 

Frame 58
r0 0.979396 0.187911 -0.0739748 -0.131372 
r1 -0.181396 0.979579 0.0867176 0.0205103 
r2 0.0887594 -0.0715122 0.993483 0.0206558 
r3 0 0 0 1 

Frame 59
r0 0.978035 0.19533 -0.0727549 -0.136951 
r1 -0.188934 0.978183 0.0863841 0.021786 
r2 0.088041 -0.0707409 0.993602 0.0197973 
r3 0 0 0 1 

Frame 60
r0 0.976611 0.202323 -0.0727764 -0.142367 
r1 -0.195854 0.976749 0.0871936 0.0220242 
r2 0.0887256 -0.0709007 0.99353 0.0189065 
r3 0 0 0 1 

Frame 61
r0 0.975077 0.208943 -0.0746139 -0.148948 
r1 -0.202352 0.97543 0.0871228 0.0248631 
r2 0.0909845 -0.0698533 0.9934 0.0170761 
r3 0 0 0 1 

Frame 62
r0 0.972306 0.221063 -0.0758398 -0.159374 
r1 -0.214344 0.972819 0.087636 0.029642 
r2 0.0931512 -0.0689531 0.993261 0.0147482 
r3 0 0 0 1 

Frame 63
r0 0.972364 0.220724 -0.0760912 -0.159693 
r1 -0.21403 0.972929 0.0871844 0.0308247 
r2 0.093275 -0.0684891 0.993282 0.0144117 
r3 0 0 0 1 

Frame 64
r0 0.969502 0.23221 -0.0783868 -0.169915 
r1 -0.225215 0.970258 0.0887605 0.0337606 
r2 0.0966664 -0.0683995 0.992964 0.0132887 
r3 0 0 0 1 

Frame 65
r0 0.96796 0.237652 -0.0810824 -0.175658 
r1 -0.230433 0.968991 0.0892078 0.0354975 
r2 0.0997684 -0.0676655 0.992707 0.0123131 
r3 0 0 0 1 

Frame 66
r0 0.966817 0.241814 -0.0824097 -0.181328 
r1 -0.234517 0.968017 0.0891328 0.0388348 
r2 0.101328 -0.0668486 0.992605 0.0106772 
r3 0 0 0 1 

Frame 67
r0 0.966861 0.241732 -0.0821304 -0.180857 
r1 -0.234507 0.968068 0.0886066 0.0390397 
r2 0.100927 -0.0664101 0.992675 0.0107267 
r3 0 0 0 1 

Frame 68
r0 0.965566 0.246988 -0.0817319 -0.18642 
r1 -0.239689 0.9667 0.089666 0.0418397 
r2 0.101157 -0.0669882 0.992613 0.0103095 
r3 0 0 0 1 

Frame 69
r0 0.964417 0.251295 -0.0821691 -0.190851 
r1 -0.243897 0.96558 0.0903923 0.0444026 
r2 0.102056 -0.0671352 0.992511 0.0103775 
r3 0 0 0 1 

Frame 70
r0 0.963396 0.254505 -0.0842326 -0.196078 
r1 -0.246814 0.964696 0.0918877 0.0467282 
r2 0.104645 -0.0677344 0.992201 0.0104017 
r3 0 0 0 1 

Frame 71
r0 0.962015 0.258884 -0.0866393 -0.201431 
r1 -0.25105 0.963614 0.0917656 0.0499067 
r2 0.107243 -0.0665291 0.992005 0.0095722 
r3 0 0 0 1 

Frame 72
r0 0.959715 0.266187 -0.0899482 -0.211261 
r1 -0.257879 0.961579 0.0941528 0.055201 
r2 0.111554 -0.0671642 0.991486 0.00888693 
r3 0 0 0 1 

Frame 73
r0 0.959706 0.26607 -0.090391 -0.21041 
r1 -0.2578 0.961658 0.0935547 0.0556542 
r2 0.111817 -0.0664822 0.991502 0.00929427 
r3 0 0 0 1 

Frame 74
r0 0.958433 0.270176 -0.0917154 -0.215985 
r1 -0.261488 0.96037 0.0965005 0.0574349 
r2 0.114153 -0.0685067 0.991098 0.00977851 
r3 0 0 0 1 

Frame 75
r0 0.957637 0.273201 -0.0910677 -0.222593 
r1 -0.264403 0.959431 0.0978982 0.0607501 
r2 0.114119 -0.0696723 0.991021 0.00945414 
r3 0 0 0 1 

Frame 76
r0 0.956236 0.27837 -0.0901292 -0.226633 
r1 -0.269453 0.95785 0.0995973 0.0625427 
r2 0.114055 -0.070953 0.990938 0.00930785 
r3 0 0 0 1 

Frame 77
r0 0.95479 0.283743 -0.0886836 -0.231124 
r1 -0.27471 0.956146 0.101583 0.0645589 
r2 0.113618 -0.0726281 0.990867 0.00980509 
r3 0 0 0 1 

Frame 78
r0 0.953269 0.2891 -0.0877415 -0.236287 
r1 -0.279994 0.954471 0.102897 0.0668791 
r2 0.113494 -0.0735214 0.990815 0.0103067 
r3 0 0 0 1 

Frame 79
r0 0.951414 0.295157 -0.0877102 -0.242619 
r1 -0.285931 0.952587 0.104027 0.0693926 
r2 0.114256 -0.0738934 0.9907 0.010229 
r3 0 0 0 1 

Frame 80
r0 0.949994 0.300198 -0.0859858 -0.250409 
r1 -0.291047 0.95098 0.104543 0.073128 
r2 0.113154 -0.0742895 0.990796 0.00957303 
r3 0 0 0 1 

Frame 81
r0 0.948634 0.304675 -0.0852461 -0.255852 
r1 -0.29547 0.949504 0.105545 0.0753397 
r2 0.113098 -0.0749355 0.990754 0.0104299 
r3 0 0 0 1 

Frame 82
r0 0.947161 0.309452 -0.0844123 -0.261765 
r1 -0.300173 0.947889 0.106786 0.0764454 
r2 0.113059 -0.075805 0.990693 0.0102684 
r3 0 0 0 1 

Frame 83
r0 0.946765 0.310969 -0.0832703 -0.268288 
r1 -0.301919 0.947473 0.105549 0.079625 
r2 0.111719 -0.0747891 0.990922 0.0101341 
r3 0 0 0 1 

Frame 84
r0 0.946234 0.312546 -0.0834121 -0.274071 
r1 -0.303569 0.947028 0.104807 0.081319 
r2 0.111751 -0.0738506 0.990988 0.00972322 
r3 0 0 0 1 

Frame 85
r0 0.945604 0.313869 -0.0855545 -0.277764 
r1 -0.304735 0.946654 0.104799 0.0819504 
r2 0.113884 -0.073027 0.990806 0.00863217 
r3 0 0 0 1 

Frame 86
r0 0.945242 0.314648 -0.0866792 -0.284249 
r1 -0.305344 0.946373 0.105563 0.0841693 
r2 0.115246 -0.0733155 0.990628 0.00710108 
r3 0 0 0 1 

Frame 87
r0 0.944855 0.315675 -0.0871749 -0.287654 
r1 -0.30635 0.946062 0.105434 0.0866411 
r2 0.115756 -0.0729137 0.990598 0.00589979 
r3 0 0 0 1 

Frame 88
r0 0.944038 0.318262 -0.0866128 -0.292085 
r1 -0.308993 0.945212 0.105346 0.0894804 
r2 0.115395 -0.0726878 0.990657 0.00515875 
r3 0 0 0 1 

Frame 89
r0 0.942584 0.322434 -0.087011 -0.294356 
r1 -0.312954 0.943729 0.106939 0.0894241 
r2 0.116596 -0.0735689 0.990451 0.00466533 
r3 0 0 0 1 

Frame 90
r0 0.941125 0.325967 -0.089605 -0.29776 
r1 -0.316168 0.942532 0.108033 0.0905385 
r2 0.119671 -0.0733421 0.990101 0.00400836 
r3 0 0 0 1 

Frame 91
r0 0.939119 0.331327 -0.0909828 -0.3029 
r1 -0.321335 0.940689 0.108847 0.0924881 
r2 0.121651 -0.0729847 0.989886 0.00316239 
r3 0 0 0 1 

Frame 92
r0 0.937558 0.335861 -0.0904581 -0.310409 
r1 -0.325924 0.939116 0.108784 0.0965259 
r2 0.121487 -0.0725088 0.989941 0.00220174 
r3 0 0 0 1 

Frame 93
r0 0.936274 0.339957 -0.08844 -0.316435 
r1 -0.330322 0.93772 0.107558 0.100799 
r2 0.119497 -0.0714897 0.990257 0.00116011 
r3 0 0 0 1 

Frame 94
r0 0.934914 0.343665 -0.0884842 -0.319804 
r1 -0.33392 0.936338 0.108483 0.102251 
r2 0.120133 -0.0718756 0.990153 0.00138167 
r3 0 0 0 1 

Frame 95
r0 0.933313 0.347227 -0.0914303 -0.324953 
r1 -0.337046 0.935001 0.110334 0.104741 
r2 0.123798 -0.07216 0.98968 0.00162894 
r3 0 0 0 1 

Frame 96
r0 0.931347 0.35221 -0.092416 -0.330892 
r1 -0.341788 0.933109 0.111752 0.108385 
r2 0.125594 -0.072493 0.98943 0.0010266 
r3 0 0 0 1 

Frame 97
r0 0.929881 0.35613 -0.0921568 -0.336449 
r1 -0.345672 0.931618 0.112241 0.112099 
r2 0.125827 -0.0725142 0.989399 0.00139199 
r3 0 0 0 1 

Frame 98
r0 0.927968 0.360703 -0.0936482 -0.341136 
r1 -0.349846 0.929777 0.114552 0.114269 
r2 0.128391 -0.0735378 0.988993 0.00143303 
r3 0 0 0 1 

Frame 99
r0 0.926046 0.365779 -0.0929757 -0.348073 
r1 -0.354854 0.927755 0.115538 0.117626 
r2 0.12852 -0.0740012 0.988942 0.000561016 
r3 0 0 0 1 

Frame 100
r0 0.923759 0.371662 -0.0923927 -0.354103 
r1 -0.360728 0.925426 0.116026 0.121019 
r2 0.128625 -0.0738514 0.98894 0.000692507 
r3 0 0 0 1 

Frame 101
r0 0.921527 0.377107 -0.0926209 -0.359466 
r1 -0.366053 0.923223 0.116895 0.123516 
r2 0.129592 -0.0738181 0.988816 0.000461095 
r3 0 0 0 1 

Frame 102
r0 0.919295 0.382361 -0.0932527 -0.365516 
r1 -0.371129 0.921059 0.117954 0.126301 
r2 0.130992 -0.0738257 0.988631 0.000259427 
r3 0 0 0 1 

Frame 103
r0 0.918117 0.385298 -0.0927689 -0.3713 
r1 -0.374052 0.919821 0.118381 0.129025 
r2 0.130943 -0.0739869 0.988625 -7.08896e-05 
r3 0 0 0 1 

Frame 104
r0 0.916808 0.388495 -0.0923777 -0.376422 
r1 -0.377079 0.918384 0.119927 0.130813 
r2 0.131429 -0.0751167 0.988476 1.67275e-05 
r3 0 0 0 1 

Frame 105
r0 0.91601 0.39062 -0.0913309 -0.382914 
r1 -0.379091 0.917361 0.1214 0.13369 
r2 0.131205 -0.0765808 0.988393 -0.000112521 
r3 0 0 0 1 

Frame 106
r0 0.914545 0.393773 -0.0924753 -0.386819 
r1 -0.38194 0.915959 0.123049 0.135794 
r2 0.133157 -0.0772132 0.988082 -0.000930014 
r3 0 0 0 1 

Frame 107
r0 0.913859 0.395045 -0.0938121 -0.391582 
r1 -0.382931 0.915368 0.124354 0.138254 
r2 0.134998 -0.0777181 0.987793 -0.00119088 
r3 0 0 0 1 

Frame 108
r0 0.912942 0.396696 -0.0957569 -0.395703 
r1 -0.384088 0.914543 0.126834 0.13898 
r2 0.137888 -0.0790129 0.987291 -0.000750233 
r3 0 0 0 1 

Frame 109
r0 0.91132 0.399921 -0.0977712 -0.399703 
r1 -0.38686 0.913079 0.128943 0.14037 
r2 0.14084 -0.0796843 0.98682 -0.000845148 
r3 0 0 0 1 

Frame 110
r0 0.909934 0.402892 -0.0984761 -0.405751 
r1 -0.389451 0.911651 0.131229 0.142209 
r2 0.142646 -0.0810577 0.986449 -0.000966417 
r3 0 0 0 1 

Frame 111
r0 0.908633 0.405566 -0.0995119 -0.410346 
r1 -0.391568 0.910269 0.134478 0.142935 
r2 0.145122 -0.0832258 0.985907 -0.000433197 
r3 0 0 0 1 

Frame 112
r0 0.907169 0.408382 -0.101332 -0.413358 
r1 -0.393745 0.908838 0.13776 0.143617 
r2 0.148353 -0.0850732 0.985268 -3.17692e-05 
r3 0 0 0 1 

Frame 113
r0 0.905503 0.411695 -0.102818 -0.418832 
r1 -0.396607 0.907262 0.139924 0.145328 
r2 0.150888 -0.0859233 0.98481 1.43184e-05 
r3 0 0 0 1 

Frame 114
r0 0.903458 0.41613 -0.102954 -0.424416 
r1 -0.400948 0.905261 0.140514 0.14718 
r2 0.151672 -0.0856694 0.984711 -0.00132497 
r3 0 0 0 1 

Frame 115
r0 0.901976 0.41887 -0.104822 -0.428754 
r1 -0.403131 0.903889 0.143073 0.148068 
r2 0.154676 -0.0867914 0.984146 -0.00154296 
r3 0 0 0 1 

Frame 116
r0 0.90062 0.421318 -0.106652 -0.432831 
r1 -0.404923 0.902585 0.146212 0.148033 
r2 0.157864 -0.0884956 0.983488 -0.00231992 
r3 0 0 0 1 

Frame 117
r0 0.898342 0.425865 -0.107795 -0.438278 
r1 -0.408917 0.900318 0.149046 0.149169 
r2 0.160523 -0.0898148 0.982938 -0.00407018 
r3 0 0 0 1 

Frame 118
r0 0.896737 0.429701 -0.105923 -0.445142 
r1 -0.412544 0.898262 0.151437 0.151631 
r2 0.160219 -0.0921016 0.982776 -0.00570621 
r3 0 0 0 1 

Frame 119
r0 0.894694 0.434452 -0.103795 -0.450596 
r1 -0.417261 0.895827 0.152927 0.154745 
r2 0.159422 -0.0935136 0.982772 -0.00610965 
r3 0 0 0 1 

Frame 120
r0 0.89219 0.439471 -0.104222 -0.453857 
r1 -0.421869 0.893269 0.155231 0.157419 
r2 0.161318 -0.0945273 0.982365 -0.00614288 
r3 0 0 0 1 

Frame 121
r0 0.890453 0.442783 -0.10505 -0.456722 
r1 -0.424576 0.891424 0.158424 0.159758 
r2 0.163791 -0.0964674 0.981767 -0.00592366 
r3 0 0 0 1 

Frame 122
r0 0.888782 0.446128 -0.105055 -0.461972 
r1 -0.427443 0.889539 0.161287 0.163314 
r2 0.165405 -0.0984439 0.9813 -0.00582598 
r3 0 0 0 1 

Frame 123
r0 0.88659 0.45032 -0.105688 -0.466501 
r1 -0.431063 0.887238 0.164299 0.167269 
r2 0.167758 -0.100108 0.980732 -0.00522387 
r3 0 0 0 1 

Frame 124
r0 0.884479 0.454541 -0.105309 -0.471334 
r1 -0.435198 0.885078 0.165041 0.171899 
r2 0.168225 -0.100145 0.980649 -0.00465088 
r3 0 0 0 1 

Frame 125
r0 0.882761 0.457814 -0.105546 -0.476661 
r1 -0.438179 0.883312 0.16661 0.17603 
r2 0.169506 -0.100828 0.980358 -0.00364042 
r3 0 0 0 1 

Frame 126
r0 0.880293 0.462204 -0.107013 -0.480518 
r1 -0.442501 0.881239 0.166163 0.181576 
r2 0.171106 -0.098919 0.980274 -0.00291683 
r3 0 0 0 1 

Frame 127
r0 0.877404 0.466763 -0.110881 -0.482263 
r1 -0.446234 0.87888 0.168656 0.184171 
r2 0.176173 -0.0985007 0.979419 -0.00133436 
r3 0 0 0 1 

Frame 128
r0 0.874795 0.470739 -0.114625 -0.485248 
r1 -0.449305 0.876745 0.171589 0.18779 
r2 0.181271 -0.0986031 0.978477 -0.000294578 
r3 0 0 0 1 

Frame 129
r0 0.872915 0.473624 -0.117048 -0.493401 
r1 -0.451559 0.875172 0.17369 0.194154 
r2 0.184701 -0.0987628 0.97782 0.000227756 
r3 0 0 0 1 

Frame 130
r0 0.870431 0.477629 -0.119246 -0.499583 
r1 -0.454929 0.872981 0.175911 0.19912 
r2 0.18812 -0.0988706 0.977157 0.000773884 
r3 0 0 0 1 

Frame 131
r0 0.867693 0.481797 -0.122394 -0.505425 
r1 -0.457838 0.870465 0.180764 0.202758 
r2 0.193631 -0.100812 0.975881 0.00156719 
r3 0 0 0 1 

Frame 132
r0 0.864685 0.487168 -0.122424 -0.513269 
r1 -0.462479 0.867224 0.184487 0.207358 
r2 0.196045 -0.102904 0.97518 0.00160101 
r3 0 0 0 1 

Frame 133
r0 0.86167 0.492509 -0.122313 -0.519005 
r1 -0.467179 0.86399 0.18779 0.211706 
r2 0.198165 -0.104671 0.974564 0.00210489 
r3 0 0 0 1 

Frame 134
r0 0.858717 0.497575 -0.12257 -0.523904 
r1 -0.471482 0.860844 0.191447 0.214913 
r2 0.200773 -0.10661 0.97382 0.00302121 
r3 0 0 0 1 

Frame 135
r0 0.85612 0.502447 -0.120852 -0.531103 
r1 -0.475745 0.857613 0.195363 0.21816 
r2 0.201804 -0.109759 0.973256 0.00345651 
r3 0 0 0 1 

Frame 136
r0 0.85193 0.509766 -0.11981 -0.537377 
r1 -0.482306 0.852955 0.199621 0.221813 
r2 0.203952 -0.112278 0.972521 0.00331004 
r3 0 0 0 1 

Frame 137
r0 0.847759 0.51641 -0.120935 -0.542264 
r1 -0.488156 0.848868 0.202797 0.225741 
r2 0.207385 -0.112888 0.971724 0.00419316 
r3 0 0 0 1 

Frame 138
r0 0.843181 0.523573 -0.122139 -0.548627 
r1 -0.494663 0.844502 0.205243 0.228898 
r2 0.210606 -0.11264 0.97106 0.00313943 
r3 0 0 0 1 

Frame 139
r0 0.838536 0.530986 -0.122112 -0.556608 
r1 -0.501731 0.839917 0.206893 0.233404 
r2 0.212422 -0.11222 0.970713 0.00156038 
r3 0 0 0 1 

Frame 140
r0 0.834664 0.53696 -0.122518 -0.5633 
r1 -0.507715 0.836364 0.206689 0.238466 
r2 0.213454 -0.110311 0.970706 0.000378571 
r3 0 0 0 1 

Frame 141
r0 0.832631 0.540093 -0.12258 -0.570523 
r1 -0.510509 0.83428 0.208223 0.242049 
r2 0.214726 -0.110795 0.970369 0.000467986 
r3 0 0 0 1 

Frame 142
r0 0.830808 0.542682 -0.123504 -0.576914 
r1 -0.512323 0.832406 0.211248 0.244683 
r2 0.217446 -0.112232 0.969599 0.000650574 
r3 0 0 0 1 

Frame 143
r0 0.828592 0.545984 -0.123837 -0.583051 
r1 -0.515115 0.830139 0.21337 0.248425 
r2 0.219299 -0.113006 0.969091 0.000453428 
r3 0 0 0 1 

Frame 144
r0 0.826551 0.549118 -0.123625 -0.589252 
r1 -0.517505 0.827767 0.216772 0.250841 
r2 0.221366 -0.115196 0.968363 0.000408305 
r3 0 0 0 1 

Frame 145
r0 0.824218 0.552736 -0.123075 -0.594508 
r1 -0.520798 0.825245 0.218497 0.254038 
r2 0.222338 -0.115992 0.968045 0.000164217 
r3 0 0 0 1 

Frame 146
r0 0.822038 0.55594 -0.123222 -0.598065 
r1 -0.523352 0.822891 0.221251 0.255824 
r2 0.224401 -0.117389 0.967401 0.000794523 
r3 0 0 0 1 

Frame 147
r0 0.818875 0.560815 -0.12219 -0.604102 
r1 -0.527734 0.819361 0.223927 0.258274 
r2 0.2257 -0.118885 0.966916 0.000968675 
r3 0 0 0 1 

Frame 148
r0 0.81126 0.571144 -0.12511 -0.611024 
r1 -0.537229 0.812593 0.226002 0.261985 
r2 0.230743 -0.116134 0.966059 0.000910443 
r3 0 0 0 1 

Frame 149
r0 0.811845 0.569986 -0.126583 -0.609152 
r1 -0.535739 0.813399 0.226639 0.261689 
r2 0.232144 -0.11618 0.965718 0.00135031 
r3 0 0 0 1 

Frame 150
r0 0.806858 0.576879 -0.127245 -0.616081 
r1 -0.542233 0.808696 0.228024 0.264433 
r2 0.234444 -0.114986 0.965305 0.000175003 
r3 0 0 0 1 

Frame 151
r0 0.802349 0.58323 -0.1268 -0.622227 
r1 -0.548679 0.804368 0.227911 0.268176 
r2 0.234919 -0.113292 0.96539 -0.000726261 
r3 0 0 0 1 

Frame 152
r0 0.799262 0.587462 -0.126764 -0.626502 
r1 -0.552515 0.801258 0.229593 0.270148 
r2 0.236447 -0.113466 0.964997 0.000281983 
r3 0 0 0 1 

Frame 153
r0 0.796405 0.591716 -0.124941 -0.632225 
r1 -0.556668 0.797994 0.230925 0.272766 
r2 0.236344 -0.114359 0.964916 0.0010324 
r3 0 0 0 1 

Frame 154
r0 0.792538 0.597153 -0.123661 -0.636697 
r1 -0.562311 0.79408 0.230744 0.275818 
r2 0.235986 -0.113338 0.965124 0.00112753 
r3 0 0 0 1 

Frame 155
r0 0.788699 0.601856 -0.125395 -0.638661 
r1 -0.566293 0.790617 0.232887 0.276813 
r2 0.239304 -0.112668 0.964386 0.00233192 
r3 0 0 0 1 

Frame 156
r0 0.783862 0.607576 -0.128108 -0.641843 
r1 -0.57178 0.786732 0.232637 0.279724 
r2 0.242132 -0.109106 0.96409 0.00182633 
r3 0 0 0 1 

Frame 157
r0 0.780706 0.611586 -0.128303 -0.647888 
r1 -0.575877 0.783849 0.232264 0.282436 
r2 0.242619 -0.107443 0.964153 0.00135088 
r3 0 0 0 1 

Frame 158
r0 0.777721 0.615388 -0.128246 -0.652323 
r1 -0.579882 0.781103 0.231548 0.285039 
r2 0.242665 -0.105712 0.964334 0.000574478 
r3 0 0 0 1 

Frame 159
r0 0.774745 0.618962 -0.129061 -0.655842 
r1 -0.582742 0.778217 0.234074 0.28644 
r2 0.24532 -0.106138 0.963614 0.00194707 
r3 0 0 0 1 

Frame 160
r0 0.770159 0.624887 -0.127949 -0.661294 
r1 -0.588892 0.773664 0.233776 0.289919 
r2 0.245073 -0.104696 0.963835 0.00177716 
r3 0 0 0 1 

Frame 161
r0 0.765183 0.630899 -0.1283 -0.665379 
r1 -0.595405 0.769268 0.231776 0.293138 
r2 0.244924 -0.10096 0.964271 0.00177792 
r3 0 0 0 1 

Frame 162
r0 0.76126 0.635868 -0.127101 -0.671567 
r1 -0.600943 0.765448 0.230124 0.296645 
r2 0.243618 -0.098804 0.964825 0.00218149 
r3 0 0 0 1 

Frame 163
r0 0.757789 0.640383 -0.125159 -0.676704 
r1 -0.606182 0.761905 0.228133 0.299659 
r2 0.241452 -0.0970079 0.965552 0.00220899 
r3 0 0 0 1 

Frame 164
r0 0.753645 0.645057 -0.126178 -0.679303 
r1 -0.610622 0.758161 0.228764 0.301263 
r2 0.243229 -0.0953604 0.96527 0.00323035 
r3 0 0 0 1 

Frame 165
r0 0.751886 0.64698 -0.126825 -0.684709 
r1 -0.611843 0.756398 0.231324 0.303331 
r2 0.245592 -0.0963323 0.964575 0.00428433 
r3 0 0 0 1 

Frame 166
r0 0.7464 0.653172 -0.127486 -0.689322 
r1 -0.617838 0.751303 0.231992 0.307051 
r2 0.247312 -0.0943932 0.964327 0.00399156 
r3 0 0 0 1 

Frame 167
r0 0.742251 0.65804 -0.126679 -0.694208 
r1 -0.62309 0.747283 0.230926 0.31127 
r2 0.246623 -0.0924727 0.96469 0.00362168 
r3 0 0 0 1 

Frame 168
r0 0.73905 0.660714 -0.131386 -0.694187 
r1 -0.625185 0.745348 0.231519 0.312287 
r2 0.250896 -0.0889639 0.963917 0.00447291 
r3 0 0 0 1 

Frame 169
r0 0.736177 0.662081 -0.140329 -0.696376 
r1 -0.624818 0.744558 0.235025 0.312161 
r2 0.260089 -0.0853397 0.961806 0.00483766 
r3 0 0 0 1 

Frame 170
r0 0.732581 0.664782 -0.146254 -0.704049 
r1 -0.625757 0.742296 0.239634 0.31599 
r2 0.267868 -0.0840314 0.959784 0.00381305 
r3 0 0 0 1 

Frame 171
r0 0.725772 0.671322 -0.15027 -0.710643 
r1 -0.632196 0.736993 0.239099 0.322305 
r2 0.271261 -0.0785316 0.959297 0.00302848 
r3 0 0 0 1 

Frame 172
r0 0.720173 0.676362 -0.154549 -0.716161 
r1 -0.637263 0.732945 0.238091 0.326015 
r2 0.274312 -0.072978 0.958868 0.00416798 
r3 0 0 0 1 

Frame 173
r0 0.714544 0.682776 -0.15246 -0.725054 
r1 -0.643699 0.727011 0.238972 0.330236 
r2 0.274005 -0.0726177 0.958983 0.00379594 
r3 0 0 0 1 

Frame 174
r0 0.708063 0.68977 -0.151207 -0.730686 
r1 -0.650844 0.720543 0.239205 0.334807 
r2 0.273948 -0.0709602 0.959123 0.00515272 
r3 0 0 0 1 

Frame 175
r0 0.701861 0.696395 -0.14975 -0.735931 
r1 -0.657013 0.714121 0.241589 0.3368 
r2 0.275181 -0.0711747 0.958754 0.00608681 
r3 0 0 0 1 

Frame 176
r0 0.689587 0.708956 -0.147821 -0.746858 
r1 -0.668434 0.701631 0.246799 0.343647 
r2 0.278685 -0.0713807 0.957726 0.00718027 
r3 0 0 0 1 

Frame 177
r0 0.690368 0.707964 -0.148925 -0.745891 
r1 -0.667125 0.702615 0.247538 0.343365 
r2 0.279885 -0.0715409 0.957364 0.00856085 
r3 0 0 0 1 

Frame 178
r0 0.685299 0.713132 -0.147676 -0.751911 
r1 -0.672328 0.697455 0.248057 0.345973 
r2 0.279894 -0.0707063 0.957423 0.00861727 
r3 0 0 0 1 

Frame 179
r0 0.679821 0.718393 -0.147497 -0.756796 
r1 -0.67696 0.692058 0.250564 0.347967 
r2 0.28208 -0.0704886 0.956798 0.00900987 
r3 0 0 0 1 

Frame 180
r0 0.673929 0.724309 -0.14559 -0.76178 
r1 -0.682702 0.685868 0.251997 0.350588 
r2 0.28238 -0.0704337 0.956713 0.00920243 
r3 0 0 0 1 

Frame 181
r0 0.66864 0.729518 -0.143959 -0.765659 
r1 -0.687885 0.680369 0.252811 0.352751 
r2 0.282375 -0.0700117 0.956746 0.00975057 
r3 0 0 0 1 

Frame 182
r0 0.664875 0.732983 -0.143795 -0.768889 
r1 -0.690846 0.676632 0.254755 0.353359 
r2 0.284028 -0.0700402 0.956255 0.0114229 
r3 0 0 0 1 

Frame 183
r0 0.661787 0.735809 -0.14361 -0.77344 
r1 -0.692221 0.673294 0.259818 0.353652 
r2 0.287868 -0.0725342 0.954919 0.0116124 
r3 0 0 0 1 

Frame 184
r0 0.657 0.740117 -0.143452 -0.776993 
r1 -0.695785 0.668537 0.262566 0.357163 
r2 0.290232 -0.0726943 0.954191 0.0125441 
r3 0 0 0 1 

Frame 185
r0 0.653344 0.743778 -0.141194 -0.77948 
r1 -0.699625 0.66444 0.262761 0.359464 
r2 0.289251 -0.0728907 0.954474 0.0141211 
r3 0 0 0 1 

Frame 186
r0 0.650609 0.746868 -0.137464 -0.782914 
r1 -0.703156 0.660833 0.262434 0.360094 
r2 0.286844 -0.0740831 0.955108 0.0151404 
r3 0 0 0 1 

Frame 187
r0 0.64775 0.750188 -0.132807 -0.787457 
r1 -0.706112 0.656618 0.265064 0.361147 
r2 0.286051 -0.077918 0.955041 0.0165776 
r3 0 0 0 1 

Frame 188
r0 0.644209 0.753754 -0.129807 -0.789777 
r1 -0.709145 0.652208 0.267837 0.362659 
r2 0.286545 -0.0804911 0.95468 0.0177327 
r3 0 0 0 1 

Frame 189
r0 0.641801 0.756142 -0.127837 -0.791687 
r1 -0.711118 0.649212 0.269879 0.363207 
r2 0.28706 -0.0823013 0.95437 0.0184043 
r3 0 0 0 1 

Frame 190
r0 0.63847 0.759396 -0.125194 -0.796019 
r1 -0.713267 0.64493 0.274438 0.36299 
r2 0.289148 -0.0859234 0.953421 0.0191566 
r3 0 0 0 1 

Frame 191
r0 0.634907 0.761962 -0.127702 -0.796443 
r1 -0.714708 0.642034 0.27746 0.364744 
r2 0.293403 -0.0848915 0.952212 0.019804 
r3 0 0 0 1 

Frame 192
r0 0.631361 0.764479 -0.130214 -0.79733 
r1 -0.71662 0.639322 0.278789 0.36603 
r2 0.296377 -0.0827027 0.951483 0.0209857 
r3 0 0 0 1 

Frame 193
r0 0.628167 0.766977 -0.13097 -0.799 
r1 -0.718772 0.636463 0.279791 0.367339 
r2 0.29795 -0.0816174 0.951086 0.0211858 
r3 0 0 0 1 

Frame 194
r0 0.626627 0.768395 -0.13003 -0.800164 
r1 -0.720327 0.634755 0.27967 0.369271 
r2 0.297434 -0.0815844 0.95125 0.0218058 
r3 0 0 0 1 

Frame 195
r0 0.62442 0.77036 -0.129018 -0.800875 
r1 -0.721585 0.632162 0.282287 0.368581 
r2 0.299023 -0.0831677 0.950615 0.0229548 
r3 0 0 0 1 

Frame 196
r0 0.623089 0.771889 -0.126282 -0.803144 
r1 -0.723117 0.630037 0.283117 0.370144 
r2 0.298097 -0.0850903 0.950735 0.0233304 
r3 0 0 0 1 

Frame 197
r0 0.623232 0.771911 -0.125438 -0.802646 
r1 -0.722783 0.629798 0.284497 0.37091 
r2 0.298608 -0.0866432 0.950435 0.0237769 
r3 0 0 0 1 

Frame 198
r0 0.621212 0.773859 -0.123446 -0.804464 
r1 -0.724313 0.627138 0.286475 0.371564 
r2 0.299109 -0.0885482 0.950102 0.0248495 
r3 0 0 0 1 

Frame 198
r0 0.621212 0.773859 -0.123446 -0.804464 
r1 -0.724313 0.627138 0.286475 0.371564 
r2 0.299109 -0.0885482 0.950102 0.0248495 
r3 0 0 0 1 

Frame 198
r0 0.621212 0.773859 -0.123446 -0.804464 
r1 -0.724313 0.627138 0.286475 0.371564 
r2 0.299109 -0.0885482 0.950102 0.0248495 
r3 0 0 0 1 

Frame 198
r0 0.621212 0.773859 -0.123446 -0.804464 
r1 -0.724313 0.627138 0.286475 0.371564 
r2 0.299109 -0.0885482 0.950102 0.0248495 
r3 0 0 0 1 

Frame 198
r0 0.621212 0.773859 -0.123446 -0.804464 
r1 -0.724313 0.627138 0.286475 0.371564 
r2 0.299109 -0.0885482 0.950102 0.0248495 
r3 0 0 0 1 

Frame 198
r0 0.621212 0.773859 -0.123446 -0.804464 
r1 -0.724313 0.627138 0.286475 0.371564 
r2 0.299109 -0.0885482 0.950102 0.0248495 
r3 0 0 0 1 

Frame 198
r0 0.621212 0.773859 -0.123446 -0.804464 
r1 -0.724313 0.627138 0.286475 0.371564 
r2 0.299109 -0.0885482 0.950102 0.0248495 
r3 0 0 0 1 

Frame 198
r0 0.621212 0.773859 -0.123446 -0.804464 
r1 -0.724313 0.627138 0.286475 0.371564 
r2 0.299109 -0.0885482 0.950102 0.0248495 
r3 0 0 0 1 

Frame 198
r0 0.621212 0.773859 -0.123446 -0.804464 
r1 -0.724313 0.627138 0.286475 0.371564 
r2 0.299109 -0.0885482 0.950102 0.0248495 
r3 0 0 0 1 

Frame 198
r0 0.621212 0.773859 -0.123446 -0.804464 
r1 -0.724313 0.627138 0.286475 0.371564 
r2 0.299109 -0.0885482 0.950102 0.0248495 
r3 0 0 0 1 

Frame 198
r0 0.621212 0.773859 -0.123446 -0.804464 
r1 -0.724313 0.627138 0.286475 0.371564 
r2 0.299109 -0.0885482 0.950102 0.0248495 
r3 0 0 0 1 

Frame 198
r0 0.621212 0.773859 -0.123446 -0.804464 
r1 -0.724313 0.627138 0.286475 0.371564 
r2 0.299109 -0.0885482 0.950102 0.0248495 
r3 0 0 0 1 

Frame 198
r0 0.621212 0.773859 -0.123446 -0.804464 
r1 -0.724313 0.627138 0.286475 0.371564 
r2 0.299109 -0.0885482 0.950102 0.0248495 
r3 0 0 0 1 

Frame 198
r0 0.621212 0.773859 -0.123446 -0.804464 
r1 -0.724313 0.627138 0.286475 0.371564 
r2 0.299109 -0.0885482 0.950102 0.0248495 
r3 0 0 0 1 

Frame 198
r0 0.621212 0.773859 -0.123446 -0.804464 
r1 -0.724313 0.627138 0.286475 0.371564 
r2 0.299109 -0.0885482 0.950102 0.0248495 
r3 0 0 0 1 

Frame 198
r0 0.621212 0.773859 -0.123446 -0.804464 
r1 -0.724313 0.627138 0.286475 0.371564 
r2 0.299109 -0.0885482 0.950102 0.0248495 
r3 0 0 0 1 

Frame 198
r0 0.621212 0.773859 -0.123446 -0.804464 
r1 -0.724313 0.627138 0.286475 0.371564 
r2 0.299109 -0.0885482 0.950102 0.0248495 
r3 0 0 0 1 

Frame 198
r0 0.621212 0.773859 -0.123446 -0.804464 
r1 -0.724313 0.627138 0.286475 0.371564 
r2 0.299109 -0.0885482 0.950102 0.0248495 
r3 0 0 0 1 

Frame 198
r0 0.621212 0.773859 -0.123446 -0.804464 
r1 -0.724313 0.627138 0.286475 0.371564 
r2 0.299109 -0.0885482 0.950102 0.0248495 
r3 0 0 0 1 

Frame 198
r0 0.621212 0.773859 -0.123446 -0.804464 
r1 -0.724313 0.627138 0.286475 0.371564 
r2 0.299109 -0.0885482 0.950102 0.0248495 
r3 0 0 0 1 

Frame 198
r0 0.621212 0.773859 -0.123446 -0.804464 
r1 -0.724313 0.627138 0.286475 0.371564 
r2 0.299109 -0.0885482 0.950102 0.0248495 
r3 0 0 0 1 

Frame 198
r0 0.621212 0.773859 -0.123446 -0.804464 
r1 -0.724313 0.627138 0.286475 0.371564 
r2 0.299109 -0.0885482 0.950102 0.0248495 
r3 0 0 0 1 

Frame 198
r0 0.621212 0.773859 -0.123446 -0.804464 
r1 -0.724313 0.627138 0.286475 0.371564 
r2 0.299109 -0.0885482 0.950102 0.0248495 
r3 0 0 0 1 

Frame 198
r0 0.621212 0.773859 -0.123446 -0.804464 
r1 -0.724313 0.627138 0.286475 0.371564 
r2 0.299109 -0.0885482 0.950102 0.0248495 
r3 0 0 0 1 

Frame 198
r0 0.621212 0.773859 -0.123446 -0.804464 
r1 -0.724313 0.627138 0.286475 0.371564 
r2 0.299109 -0.0885482 0.950102 0.0248495 
r3 0 0 0 1 

Frame 198
r0 0.621212 0.773859 -0.123446 -0.804464 
r1 -0.724313 0.627138 0.286475 0.371564 
r2 0.299109 -0.0885482 0.950102 0.0248495 
r3 0 0 0 1 

Frame 198
r0 0.621212 0.773859 -0.123446 -0.804464 
r1 -0.724313 0.627138 0.286475 0.371564 
r2 0.299109 -0.0885482 0.950102 0.0248495 
r3 0 0 0 1 

Frame 198
r0 0.621212 0.773859 -0.123446 -0.804464 
r1 -0.724313 0.627138 0.286475 0.371564 
r2 0.299109 -0.0885482 0.950102 0.0248495 
r3 0 0 0 1 

Frame 198
r0 0.621212 0.773859 -0.123446 -0.804464 
r1 -0.724313 0.627138 0.286475 0.371564 
r2 0.299109 -0.0885482 0.950102 0.0248495 
r3 0 0 0 1 

Frame 198
r0 0.621212 0.773859 -0.123446 -0.804464 
r1 -0.724313 0.627138 0.286475 0.371564 
r2 0.299109 -0.0885482 0.950102 0.0248495 
r3 0 0 0 1 

Frame 198
r0 0.621212 0.773859 -0.123446 -0.804464 
r1 -0.724313 0.627138 0.286475 0.371564 
r2 0.299109 -0.0885482 0.950102 0.0248495 
r3 0 0 0 1 

Frame 198
r0 0.621212 0.773859 -0.123446 -0.804464 
r1 -0.724313 0.627138 0.286475 0.371564 
r2 0.299109 -0.0885482 0.950102 0.0248495 
r3 0 0 0 1 

Frame 198
r0 0.621212 0.773859 -0.123446 -0.804464 
r1 -0.724313 0.627138 0.286475 0.371564 
r2 0.299109 -0.0885482 0.950102 0.0248495 
r3 0 0 0 1 

Frame 198
r0 0.621212 0.773859 -0.123446 -0.804464 
r1 -0.724313 0.627138 0.286475 0.371564 
r2 0.299109 -0.0885482 0.950102 0.0248495 
r3 0 0 0 1 

Frame 198
r0 0.621212 0.773859 -0.123446 -0.804464 
r1 -0.724313 0.627138 0.286475 0.371564 
r2 0.299109 -0.0885482 0.950102 0.0248495 
r3 0 0 0 1 

Frame 198
r0 0.621212 0.773859 -0.123446 -0.804464 
r1 -0.724313 0.627138 0.286475 0.371564 
r2 0.299109 -0.0885482 0.950102 0.0248495 
r3 0 0 0 1 

Frame 198
r0 0.621212 0.773859 -0.123446 -0.804464 
r1 -0.724313 0.627138 0.286475 0.371564 
r2 0.299109 -0.0885482 0.950102 0.0248495 
r3 0 0 0 1 

Frame 198
r0 0.621212 0.773859 -0.123446 -0.804464 
r1 -0.724313 0.627138 0.286475 0.371564 
r2 0.299109 -0.0885482 0.950102 0.0248495 
r3 0 0 0 1 

Frame 198
r0 0.621212 0.773859 -0.123446 -0.804464 
r1 -0.724313 0.627138 0.286475 0.371564 
r2 0.299109 -0.0885482 0.950102 0.0248495 
r3 0 0 0 1 

Frame 198
r0 0.621212 0.773859 -0.123446 -0.804464 
r1 -0.724313 0.627138 0.286475 0.371564 
r2 0.299109 -0.0885482 0.950102 0.0248495 
r3 0 0 0 1 

Frame 198
r0 0.621212 0.773859 -0.123446 -0.804464 
r1 -0.724313 0.627138 0.286475 0.371564 
r2 0.299109 -0.0885482 0.950102 0.0248495 
r3 0 0 0 1 

Frame 198
r0 0.621212 0.773859 -0.123446 -0.804464 
r1 -0.724313 0.627138 0.286475 0.371564 
r2 0.299109 -0.0885482 0.950102 0.0248495 
r3 0 0 0 1 

Frame 198
r0 0.621212 0.773859 -0.123446 -0.804464 
r1 -0.724313 0.627138 0.286475 0.371564 
r2 0.299109 -0.0885482 0.950102 0.0248495 
r3 0 0 0 1 

Frame 198
r0 0.621212 0.773859 -0.123446 -0.804464 
r1 -0.724313 0.627138 0.286475 0.371564 
r2 0.299109 -0.0885482 0.950102 0.0248495 
r3 0 0 0 1 

Frame 198
r0 0.621212 0.773859 -0.123446 -0.804464 
r1 -0.724313 0.627138 0.286475 0.371564 
r2 0.299109 -0.0885482 0.950102 0.0248495 
r3 0 0 0 1 

Frame 198
r0 0.621212 0.773859 -0.123446 -0.804464 
r1 -0.724313 0.627138 0.286475 0.371564 
r2 0.299109 -0.0885482 0.950102 0.0248495 
r3 0 0 0 1 

Frame 198
r0 0.621212 0.773859 -0.123446 -0.804464 
r1 -0.724313 0.627138 0.286475 0.371564 
r2 0.299109 -0.0885482 0.950102 0.0248495 
r3 0 0 0 1 

Frame 198
r0 0.621212 0.773859 -0.123446 -0.804464 
r1 -0.724313 0.627138 0.286475 0.371564 
r2 0.299109 -0.0885482 0.950102 0.0248495 
r3 0 0 0 1 

Frame 198
r0 0.621212 0.773859 -0.123446 -0.804464 
r1 -0.724313 0.627138 0.286475 0.371564 
r2 0.299109 -0.0885482 0.950102 0.0248495 
r3 0 0 0 1 

Frame 198
r0 0.621212 0.773859 -0.123446 -0.804464 
r1 -0.724313 0.627138 0.286475 0.371564 
r2 0.299109 -0.0885482 0.950102 0.0248495 
r3 0 0 0 1 

Frame 198
r0 0.621212 0.773859 -0.123446 -0.804464 
r1 -0.724313 0.627138 0.286475 0.371564 
r2 0.299109 -0.0885482 0.950102 0.0248495 
r3 0 0 0 1 

Frame 198
r0 0.621212 0.773859 -0.123446 -0.804464 
r1 -0.724313 0.627138 0.286475 0.371564 
r2 0.299109 -0.0885482 0.950102 0.0248495 
r3 0 0 0 1 

Frame 198
r0 0.621212 0.773859 -0.123446 -0.804464 
r1 -0.724313 0.627138 0.286475 0.371564 
r2 0.299109 -0.0885482 0.950102 0.0248495 
r3 0 0 0 1 

Frame 198
r0 0.621212 0.773859 -0.123446 -0.804464 
r1 -0.724313 0.627138 0.286475 0.371564 
r2 0.299109 -0.0885482 0.950102 0.0248495 
r3 0 0 0 1 

Frame 198
r0 0.621212 0.773859 -0.123446 -0.804464 
r1 -0.724313 0.627138 0.286475 0.371564 
r2 0.299109 -0.0885482 0.950102 0.0248495 
r3 0 0 0 1 

Frame 198
r0 0.621212 0.773859 -0.123446 -0.804464 
r1 -0.724313 0.627138 0.286475 0.371564 
r2 0.299109 -0.0885482 0.950102 0.0248495 
r3 0 0 0 1 

Frame 198
r0 0.621212 0.773859 -0.123446 -0.804464 
r1 -0.724313 0.627138 0.286475 0.371564 
r2 0.299109 -0.0885482 0.950102 0.0248495 
r3 0 0 0 1 

Frame 198
r0 0.621212 0.773859 -0.123446 -0.804464 
r1 -0.724313 0.627138 0.286475 0.371564 
r2 0.299109 -0.0885482 0.950102 0.0248495 
r3 0 0 0 1 

Frame 198
r0 0.621212 0.773859 -0.123446 -0.804464 
r1 -0.724313 0.627138 0.286475 0.371564 
r2 0.299109 -0.0885482 0.950102 0.0248495 
r3 0 0 0 1 

Frame 198
r0 0.621212 0.773859 -0.123446 -0.804464 
r1 -0.724313 0.627138 0.286475 0.371564 
r2 0.299109 -0.0885482 0.950102 0.0248495 
r3 0 0 0 1 

Frame 198
r0 0.621212 0.773859 -0.123446 -0.804464 
r1 -0.724313 0.627138 0.286475 0.371564 
r2 0.299109 -0.0885482 0.950102 0.0248495 
r3 0 0 0 1 

Frame 198
r0 0.621212 0.773859 -0.123446 -0.804464 
r1 -0.724313 0.627138 0.286475 0.371564 
r2 0.299109 -0.0885482 0.950102 0.0248495 
r3 0 0 0 1 

Frame 198
r0 0.621212 0.773859 -0.123446 -0.804464 
r1 -0.724313 0.627138 0.286475 0.371564 
r2 0.299109 -0.0885482 0.950102 0.0248495 
r3 0 0 0 1 

Frame 198
r0 0.621212 0.773859 -0.123446 -0.804464 
r1 -0.724313 0.627138 0.286475 0.371564 
r2 0.299109 -0.0885482 0.950102 0.0248495 
r3 0 0 0 1 

Frame 198
r0 0.621212 0.773859 -0.123446 -0.804464 
r1 -0.724313 0.627138 0.286475 0.371564 
r2 0.299109 -0.0885482 0.950102 0.0248495 
r3 0 0 0 1 

Frame 198
r0 0.621212 0.773859 -0.123446 -0.804464 
r1 -0.724313 0.627138 0.286475 0.371564 
r2 0.299109 -0.0885482 0.950102 0.0248495 
r3 0 0 0 1 

Frame 198
r0 0.621212 0.773859 -0.123446 -0.804464 
r1 -0.724313 0.627138 0.286475 0.371564 
r2 0.299109 -0.0885482 0.950102 0.0248495 
r3 0 0 0 1 

Frame 198
r0 0.621212 0.773859 -0.123446 -0.804464 
r1 -0.724313 0.627138 0.286475 0.371564 
r2 0.299109 -0.0885482 0.950102 0.0248495 
r3 0 0 0 1 

Frame 198
r0 0.621212 0.773859 -0.123446 -0.804464 
r1 -0.724313 0.627138 0.286475 0.371564 
r2 0.299109 -0.0885482 0.950102 0.0248495 
r3 0 0 0 1 

Frame 198
r0 0.621212 0.773859 -0.123446 -0.804464 
