Frame 1
r0 1 0 0 0 
r1 0 1 0 0 
r2 0 0 1 0 
r3 0 0 0 1 

Frame 2
r0 1 -2.35465e-08 -3.57628e-07 1.03327e-08 
r1 2.3546e-08 1 -1.4442e-06 1.71212e-06 
r2 3.57628e-07 1.4442e-06 1 2.47198e-06 
r3 0 0 0 1 

Frame 3
r0 0.999996 0.00101823 -0.00252382 0.00325416 
r1 -0.00102663 0.999994 -0.00324393 0.00179178 
r2 0.0025205 0.00324651 0.999992 0.00193712 
r3 0 0 0 1 

Frame 4
r0 0.999977 0.000902176 -0.00665134 0.00719069 
r1 -0.000929028 0.999991 -0.00404861 0.00332073 
r2 0.00664763 0.0040547 0.99997 0.00315803 
r3 0 0 0 1 

Frame 5
r0 0.999916 -0.00164258 -0.0128665 0.0133037 
r1 0.00159305 0.999991 -0.00385128 0.00416179 
r2 0.0128727 0.00383046 0.99991 0.00437151 
r3 0 0 0 1 

Frame 6
r0 0.99983 -0.00481368 -0.0178273 0.0176344 
r1 0.00473836 0.99998 -0.00426584 0.00567988 
r2 0.0178475 0.00418064 0.999832 0.00552131 
r3 0 0 0 1 

Frame 7
r0 0.999705 -0.00516027 -0.0237193 0.0232515 
r1 0.00503716 0.999974 -0.00524452 0.00713031 
r2 0.0237457 0.0051235 0.999705 0.00653058 
r3 0 0 0 1 

Frame 8
r0 0.999566 -0.00387256 -0.0291938 0.030389 
r1 0.00372635 0.99998 -0.00506235 0.00831441 
r2 0.0292129 0.00495137 0.999561 0.00761751 
r3 0 0 0 1 

Frame 9
r0 0.999397 0.00198342 -0.0346742 0.0395129 
r1 -0.00218118 0.999981 -0.00566779 0.00851049 
r2 0.0346624 0.00574 0.999383 0.0102657 
r3 0 0 0 1 

Frame 10
r0 0.999397 0.00198354 -0.0346745 0.0395128 
r1 -0.00218144 0.999982 -0.00566896 0.00851165 
r2 0.0346626 0.00574118 0.999383 0.0102675 
r3 0 0 0 1 

Frame 11
r0 0.999258 0.00423519 -0.0382858 0.0442217 
r1 -0.00453044 0.999961 -0.00762516 0.00973398 
r2 0.038252 0.00779295 0.999238 0.0112579 
r3 0 0 0 1 

Frame 12
r0 0.99911 0.00630572 -0.0417044 0.0480153 
r1 -0.00669055 0.999936 -0.00909612 0.0106177 
r2 0.0416442 0.009367 0.999089 0.0121855 
r3 0 0 0 1 

Frame 13
r0 0.998863 0.00937056 -0.0467502 0.0533775 
r1 -0.00991763 0.999885 -0.0114834 0.0114143 
r2 0.0466374 0.011934 0.998841 0.0130868 
r3 0 0 0 1 

Frame 14
r0 0.998722 0.0118406 -0.0491282 0.0575798 
r1 -0.012475 0.999843 -0.0126232 0.0117717 
r2 0.0489711 0.01322 0.998713 0.0139517 
r3 0 0 0 1 

Frame 15
r0 0.998539 0.0129506 -0.0524605 0.0628423 
r1 -0.0137866 0.999783 -0.0156087 0.0143764 
r2 0.052247 0.0163091 0.998501 0.0144599 
r3 0 0 0 1 

Frame 16
r0 0.998392 0.0161525 -0.0543303 0.0671481 
r1 -0.0171006 0.999709 -0.0170304 0.0156006 
r2 0.0540394 0.0179321 0.998378 0.0149896 
r3 0 0 0 1 

Frame 17
r0 0.998274 0.0167763 -0.056277 0.0726797 
r1 -0.0178249 0.999676 -0.0181828 0.0179933 
r2 0.0559537 0.0191546 0.99825 0.0149703 
r3 0 0 0 1 

Frame 18
r0 0.998203 0.0181026 -0.0571282 0.0776759 
r1 -0.0193064 0.999602 -0.020585 0.0216464 
r2 0.0567329 0.021651 0.998155 0.0155314 
r3 0 0 0 1 

Frame 19
r0 0.998142 0.0195853 -0.0577049 0.082672 
r1 -0.0208669 0.999547 -0.0216938 0.0257908 
r2 0.0572538 0.0228576 0.998098 0.015632 
r3 0 0 0 1 

Frame 20
r0 0.998203 0.0195209 -0.0566613 0.0865243 
r1 -0.0206734 0.99959 -0.0198257 0.0280176 
r2 0.0562511 0.0209615 0.998197 0.0153597 
r3 0 0 0 1 

Frame 21
r0 0.998149 0.0193362 -0.0576564 0.0917165 
r1 -0.0202361 0.999682 -0.0150636 0.0275914 
r2 0.0573467 0.0162024 0.998223 0.0146755 
r3 0 0 0 1 

Frame 22
r0 0.998196 0.0209589 -0.0562702 0.094971 
r1 -0.0216609 0.999695 -0.0118954 0.0278422 
r2 0.0560037 0.0130928 0.998345 0.0143778 
r3 0 0 0 1 

Frame 23
r0 0.998335 0.0216328 -0.0534719 0.0974253 
r1 -0.0222158 0.9997 -0.0103334 0.0295905 
r2 0.0532323 0.0115041 0.998516 0.0138914 
r3 0 0 0 1 

Frame 24
r0 0.998506 0.0228945 -0.0496016 0.102937 
r1 -0.0232883 0.999702 -0.00737383 0.0300053 
r2 0.049418 0.00851796 0.998742 0.0126725 
r3 0 0 0 1 

Frame 25
r0 0.99856 0.0220286 -0.0489203 0.102683 
r1 -0.022389 0.999726 -0.00683145 0.0295352 
r2 0.0487564 0.00791688 0.998779 0.0116652 
r3 0 0 0 1 

Frame 26
r0 0.998784 0.0214368 -0.0444006 0.104692 
r1 -0.021682 0.999752 -0.00505081 0.0286083 
r2 0.0442813 0.00600736 0.999001 0.0104193 
r3 0 0 0 1 

Frame 27
r0 0.998903 0.0193321 -0.0426375 0.108155 
r1 -0.0196585 0.999781 -0.00724652 0.0303367 
r2 0.0424881 0.00807677 0.999064 0.0090102 
r3 0 0 0 1 

Frame 28
r0 0.99891 0.0195157 -0.0424067 0.112855 
r1 -0.0198059 0.999783 -0.00643151 0.0283382 
r2 0.042272 0.0072644 0.99908 0.00707691 
r3 0 0 0 1 

Frame 29
r0 0.999024 0.0199922 -0.0393951 0.117037 
r1 -0.0203112 0.999764 -0.00771276 0.0282999 
r2 0.0392316 0.0085054 0.999194 0.00502227 
r3 0 0 0 1 

Frame 30
r0 0.999165 0.0200869 -0.0355893 0.120495 
r1 -0.020445 0.999744 -0.00972848 0.0292058 
r2 0.0353848 0.010448 0.999319 0.00226732 
r3 0 0 0 1 

Frame 31
r0 0.999284 0.019379 -0.0325103 0.122886 
r1 -0.0198572 0.999698 -0.0144625 0.0327511 
r2 0.0322202 0.0150977 0.999367 -5.14623e-05 
r3 0 0 0 1 

Frame 32
r0 0.999378 0.0195515 -0.0293482 0.1256 
r1 -0.0200447 0.999661 -0.0166117 0.0353088 
r2 0.0290135 0.0171897 0.999431 -0.00288794 
r3 0 0 0 1 

Frame 33
r0 0.999421 0.0190894 -0.028161 0.133593 
r1 -0.0196198 0.999633 -0.0186683 0.0386195 
r2 0.0277942 0.01921 0.999429 -0.00801017 
r3 0 0 0 1 

Frame 34
r0 0.99942 0.0179929 -0.0288979 0.134742 
r1 -0.0185253 0.999662 -0.0182559 0.0381599 
r2 0.0285595 0.018781 0.999416 -0.0100269 
r3 0 0 0 1 

Frame 35
r0 0.999541 0.0193574 -0.0233127 0.142438 
r1 -0.0198935 0.999537 -0.0229996 0.0442355 
r2 0.0228571 0.0234524 0.999464 -0.016787 
r3 0 0 0 1 

Frame 36
r0 0.999542 0.0182195 -0.0241684 0.14373 
r1 -0.0187691 0.999566 -0.0227172 0.0438797 
r2 0.0237443 0.0231605 0.99945 -0.0188905 
r3 0 0 0 1 

Frame 37
r0 0.999563 0.0193119 -0.0223694 0.148781 
r1 -0.0197964 0.99957 -0.0216387 0.0442313 
r2 0.0219418 0.022072 0.999516 -0.0232099 
r3 0 0 0 1 

Frame 38
r0 0.9996 0.0196482 -0.0203625 0.152484 
r1 -0.0201192 0.999528 -0.0232046 0.0468186 
r2 0.0198971 0.0236051 0.999523 -0.0274893 
r3 0 0 0 1 

Frame 39
r0 0.999614 0.01957 -0.0197404 0.156244 
r1 -0.0200311 0.999524 -0.0234445 0.0485703 
r2 0.0192724 0.0238309 0.99953 -0.0319521 
r3 0 0 0 1 

Frame 40
r0 0.999676 0.0190012 -0.016972 0.160551 
r1 -0.0194352 0.999479 -0.0257771 0.0533877 
r2 0.0164734 0.0260986 0.999523 -0.0353529 
r3 0 0 0 1 

Frame 41
r0 0.999715 0.0190208 -0.0143785 0.163785 
r1 -0.0193665 0.999517 -0.0243249 0.0554565 
r2 0.0139088 0.0245965 0.999601 -0.0392652 
r3 0 0 0 1 

Frame 42
r0 0.999756 0.018824 -0.0115569 0.16802 
r1 -0.0191093 0.999502 -0.0250899 0.0596049 
r2 0.0110788 0.0253046 0.999619 -0.0426682 
r3 0 0 0 1 

Frame 43
r0 0.999767 0.0190645 -0.0100943 0.175816 
r1 -0.0192775 0.999584 -0.0214605 0.064859 
r2 0.00968091 0.02165 0.999718 -0.0488436 
r3 0 0 0 1 

Frame 44
r0 0.999775 0.0180179 -0.0112153 0.177233 
r1 -0.0182463 0.999621 -0.0206266 0.0641335 
r2 0.0108394 0.0208266 0.999724 -0.0505785 
r3 0 0 0 1 

Frame 45
r0 0.999745 0.0175562 -0.0142269 0.185195 
r1 -0.0178314 0.999652 -0.01945 0.0655169 
r2 0.0138805 0.0196987 0.99971 -0.053306 
r3 0 0 0 1 

Frame 46
r0 0.999746 0.0191403 -0.0118789 0.193319 
r1 -0.019374 0.999614 -0.0199092 0.0681304 
r2 0.0114933 0.0201342 0.999731 -0.0554066 
r3 0 0 0 1 

Frame 47
r0 0.99977 0.0206968 -0.00556265 0.2005 
r1 -0.0208082 0.999567 -0.0208206 0.0721331 
r2 0.00512929 0.0209315 0.999768 -0.0575939 
r3 0 0 0 1 

Frame 48
r0 0.999711 0.0239992 -0.00104766 0.20625 
r1 -0.0240139 0.999551 -0.0179437 0.0726422 
r2 0.000616549 0.0179636 0.999838 -0.0605696 
r3 0 0 0 1 

Frame 49
r0 0.999681 0.0251505 0.00259496 0.211677 
r1 -0.0250985 0.999514 -0.0185001 0.0740023 
r2 -0.00305897 0.0184291 0.999826 -0.0628013 
r3 0 0 0 1 

Frame 50
r0 0.999687 0.024638 0.00415964 0.218699 
r1 -0.0245546 0.999519 -0.0189665 0.0754325 
r2 -0.00462496 0.0188585 0.999812 -0.0650302 
r3 0 0 0 1 

Frame 51
r0 0.999719 0.0228691 0.00624945 0.2267 
r1 -0.0227514 0.999574 -0.0182712 0.0762331 
r2 -0.00666467 0.018124 0.999814 -0.066663 
r3 0 0 0 1 

Frame 52
r0 0.999727 0.0218298 0.008359 0.233447 
r1 -0.0216917 0.999632 -0.0162643 0.0757461 
r2 -0.00871098 0.0160786 0.999833 -0.0681795 
r3 0 0 0 1 

Frame 53
r0 0.999703 0.0215507 0.0113383 0.239455 
r1 -0.0213908 0.999673 -0.0140402 0.074858 
r2 -0.0116372 0.0137935 0.999837 -0.0694718 
r3 0 0 0 1 

Frame 54
r0 0.999656 0.0211061 0.0155988 0.24394 
r1 -0.0208417 0.99964 -0.0169232 0.0779803 
r2 -0.0159504 0.0165922 0.999735 -0.070139 
r3 0 0 0 1 

Frame 55
r0 0.999614 0.0204705 0.0188016 0.249521 
r1 -0.0201701 0.999668 -0.0160332 0.078503 
r2 -0.0191236 0.0156478 0.999695 -0.0708782 
r3 0 0 0 1 

Frame 56
r0 0.999618 0.0183696 0.0206482 0.255269 
r1 -0.0180368 0.999707 -0.0161681 0.0796086 
r2 -0.0209387 0.0157901 0.999656 -0.0707363 
r3 0 0 0 1 

Frame 57
r0 0.999652 0.0151551 0.0215732 0.260128 
r1 -0.0148223 0.99977 -0.0155176 0.0797355 
r2 -0.0218036 0.0151921 0.999647 -0.0698185 
r3 0 0 0 1 

Frame 58
r0 0.999635 0.0133477 0.0234926 0.263518 
r1 -0.0130372 0.999826 -0.0133319 0.0786363 
r2 -0.0236665 0.0130207 0.999635 -0.0693759 
r3 0 0 0 1 

Frame 59
r0 0.999646 0.0115499 0.0239458 0.267457 
r1 -0.0112576 0.999861 -0.0122915 0.078433 
r2 -0.0240844 0.0120176 0.999638 -0.0682984 
r3 0 0 0 1 

Frame 60
r0 0.999717 0.00973648 0.0217175 0.273938 
r1 -0.00948203 0.999886 -0.0117872 0.0781587 
r2 -0.0218298 0.0115779 0.999695 -0.0663734 
r3 0 0 0 1 

Frame 61
r0 0.999761 0.0079611 0.0203687 0.281022 
r1 -0.00773365 0.999907 -0.0112168 0.0780969 
r2 -0.0204562 0.0110566 0.99973 -0.0645532 
r3 0 0 0 1 

Frame 62
r0 0.999729 0.00767994 0.0219981 0.287155 
r1 -0.00745371 0.999919 -0.0103469 0.0784081 
r2 -0.0220757 0.0101801 0.999704 -0.061583 
r3 0 0 0 1 

Frame 63
r0 0.999744 0.00687164 0.0215838 0.293986 
r1 -0.00662174 0.99991 -0.0116326 0.0809914 
r2 -0.0216618 0.0114867 0.999699 -0.0589677 
r3 0 0 0 1 

Frame 64
r0 0.999813 0.00765592 0.0177586 0.302087 
r1 -0.00746712 0.999915 -0.0107017 0.0798445 
r2 -0.0178388 0.010567 0.999785 -0.0552698 
r3 0 0 0 1 

Frame 65
r0 0.999865 0.00743917 0.0146647 0.312316 
r1 -0.00724566 0.999887 -0.0131804 0.0816359 
r2 -0.0147612 0.0130725 0.999806 -0.0513421 
r3 0 0 0 1 

Frame 66
r0 0.99987 0.00658053 0.0147219 0.32224 
r1 -0.00637627 0.999884 -0.0138645 0.081993 
r2 -0.0148114 0.013769 0.999795 -0.0466676 
r3 0 0 0 1 

Frame 67
r0 0.999846 0.00685409 0.0161812 0.331845 
r1 -0.00658628 0.999841 -0.0165468 0.0840141 
r2 -0.0162922 0.0164377 0.999732 -0.0416541 
r3 0 0 0 1 

Frame 68
r0 0.999834 0.00876966 0.0159989 0.340345 
r1 -0.00846167 0.99978 -0.0192052 0.0868157 
r2 -0.0161637 0.0190665 0.999688 -0.0374677 
r3 0 0 0 1 

Frame 69
r0 0.999808 0.0160884 0.0111995 0.359385 
r1 -0.0158811 0.999706 -0.0183389 0.088437 
r2 -0.0114912 0.0181575 0.999769 -0.0308065 
r3 0 0 0 1 

Frame 70
r0 0.999789 0.0171708 0.0112054 0.358352 
r1 -0.0169715 0.999701 -0.0176332 0.0873848 
r2 -0.0115048 0.0174393 0.999782 -0.0304374 
r3 0 0 0 1 

Frame 71
r0 0.999812 0.0183473 0.00631955 0.368113 
r1 -0.0182316 0.999674 -0.0178977 0.0881325 
r2 -0.00664584 0.0177795 0.99982 -0.0272949 
r3 0 0 0 1 

Frame 72
r0 0.999821 0.0188947 0.000873268 0.378771 
r1 -0.018877 0.999674 -0.0171772 0.0880727 
r2 -0.00119755 0.0171576 0.999852 -0.0251235 
r3 0 0 0 1 

Frame 73
r0 0.999779 0.0205642 -0.00430195 0.389698 
r1 -0.0206311 0.999657 -0.0160884 0.0870166 
r2 0.00396971 0.016174 0.999862 -0.0226908 
r3 0 0 0 1 

Frame 74
r0 0.999766 0.020806 -0.00590276 0.39952 
r1 -0.0209119 0.99961 -0.0184784 0.0883518 
r2 0.00551602 0.0185978 0.999812 -0.0202181 
r3 0 0 0 1 

Frame 75
r0 0.999764 0.0209197 -0.00574729 0.409391 
r1 -0.0210349 0.999563 -0.0207807 0.0898109 
r2 0.00531009 0.0208969 0.999768 -0.0179696 
r3 0 0 0 1 

Frame 76
r0 0.999739 0.0225967 -0.00335734 0.416884 
r1 -0.0226664 0.999492 -0.0224239 0.0915006 
r2 0.00284893 0.0224942 0.999743 -0.015777 
r3 0 0 0 1 

Frame 77
r0 0.999756 0.0218971 -0.00275868 0.425873 
r1 -0.021956 0.999482 -0.0235222 0.0933559 
r2 0.00224219 0.0235771 0.99972 -0.0141927 
r3 0 0 0 1 

Frame 78
r0 0.999764 0.0215586 -0.00261185 0.434943 
r1 -0.0216163 0.999464 -0.0245732 0.0954469 
r2 0.00208069 0.0246239 0.999695 -0.0133678 
r3 0 0 0 1 

Frame 79
r0 0.999816 0.0191287 -0.00134978 0.442691 
r1 -0.0191555 0.999531 -0.0238762 0.0964553 
r2 0.000892422 0.0238977 0.999714 -0.0121721 
r3 0 0 0 1 

Frame 80
r0 0.999843 0.0176802 -0.000840869 0.449441 
r1 -0.0176956 0.999539 -0.0246745 0.0986018 
r2 0.000404228 0.0246855 0.999695 -0.0111405 
r3 0 0 0 1 

Frame 81
r0 0.999861 0.0166152 -0.00170928 0.457209 
r1 -0.0166542 0.99952 -0.0261024 0.101547 
r2 0.00127477 0.0261273 0.999658 -0.0110167 
r3 0 0 0 1 

Frame 82
r0 0.999866 0.0161938 -0.00256952 0.465208 
r1 -0.0162574 0.999503 -0.0270103 0.103791 
r2 0.00213084 0.0270484 0.999632 -0.0105612 
r3 0 0 0 1 

Frame 83
r0 0.999873 0.0158275 -0.00203425 0.471837 
r1 -0.0158757 0.999526 -0.0263692 0.104025 
r2 0.00161593 0.0263981 0.99965 -0.0108265 
r3 0 0 0 1 

Frame 84
r0 0.99988 0.0153994 -0.00162623 0.480308 
r1 -0.0154358 0.999559 -0.0253816 0.104332 
r2 0.00123465 0.0254036 0.999676 -0.0105863 
r3 0 0 0 1 

Frame 85
r0 0.999869 0.0161839 -0.000572021 0.488571 
r1 -0.0161932 0.999538 -0.0257152 0.107244 
r2 0.000155584 0.0257211 0.999669 -0.0102939 
r3 0 0 0 1 

Frame 86
r0 0.999846 0.0175477 -0.000967105 0.497535 
r1 -0.0175676 0.999472 -0.027334 0.111435 
r2 0.000486946 0.0273468 0.999626 -0.0102846 
r3 0 0 0 1 

Frame 87
r0 0.999836 0.0180532 -0.00149161 0.505658 
r1 -0.0180889 0.999417 -0.0289527 0.114978 
r2 0.000968051 0.0289749 0.99958 -0.0104863 
r3 0 0 0 1 

Frame 88
r0 0.99982 0.0188007 -0.00241756 0.51408 
r1 -0.018861 0.99943 -0.0279961 0.115322 
r2 0.00188984 0.0280367 0.999605 -0.0116176 
r3 0 0 0 1 

Frame 89
r0 0.999798 0.0200687 -0.00111399 0.52283 
r1 -0.0200927 0.999368 -0.0293079 0.117962 
r2 0.000525114 0.0293243 0.99957 -0.0121057 
r3 0 0 0 1 

Frame 90
r0 0.999767 0.0215304 0.00115249 0.532256 
r1 -0.0214838 0.99928 -0.031279 0.121377 
r2 -0.00182511 0.0312469 0.99951 -0.0114858 
r3 0 0 0 1 

Frame 91
r0 0.999738 0.0227728 0.00230894 0.54155 
r1 -0.0226789 0.99914 -0.0347199 0.126127 
r2 -0.00309762 0.0346584 0.999394 -0.0104729 
r3 0 0 0 1 

Frame 92
r0 0.999682 0.025152 0.00172748 0.55081 
r1 -0.0250693 0.998977 -0.0376409 0.130387 
r2 -0.00267245 0.0375856 0.99929 -0.010183 
r3 0 0 0 1 

Frame 93
r0 0.999601 0.0282011 0.00188195 0.558352 
r1 -0.0281068 0.998851 -0.0388079 0.134186 
r2 -0.00297422 0.0387396 0.999245 -0.011241 
r3 0 0 0 1 

Frame 94
r0 0.999561 0.0279176 0.0098401 0.573655 
r1 -0.0275538 0.998996 -0.0353438 0.139432 
r2 -0.0108169 0.0350572 0.999327 -0.00927126 
r3 0 0 0 1 

Frame 95
r0 0.999553 0.0270339 0.0127908 0.580335 
r1 -0.0266177 0.999144 -0.0316666 0.13878 
r2 -0.0136359 0.031312 0.999417 -0.0101748 
r3 0 0 0 1 

Frame 96
r0 0.999658 0.0239339 0.0105155 0.580708 
r1 -0.0236352 0.999338 -0.0276659 0.133037 
r2 -0.0111707 0.0274079 0.999562 -0.0149309 
r3 0 0 0 1 

Frame 97
r0 0.99956 0.0241483 0.01722 0.585512 
r1 -0.0236747 0.99935 -0.0272 0.136381 
r2 -0.0178657 0.0267804 0.999482 -0.0120143 
r3 0 0 0 1 

Frame 98
r0 0.999481 0.0233528 0.0221949 0.592535 
r1 -0.02278 0.999409 -0.0257251 0.137468 
r2 -0.0227826 0.0252062 0.999423 -0.0126824 
r3 0 0 0 1 

Frame 99
r0 0.999326 0.0221822 0.0292347 0.599735 
r1 -0.0214612 0.999463 -0.0247467 0.138555 
r2 -0.0297679 0.0241026 0.999266 -0.0123353 
r3 0 0 0 1 

Frame 100
r0 0.999115 0.0195812 0.037228 0.607478 
r1 -0.0186161 0.999486 -0.0260937 0.141594 
r2 -0.0377198 0.0253776 0.998966 -0.0123903 
r3 0 0 0 1 

Frame 101
r0 0.998803 0.0171964 0.0457904 0.615155 
r1 -0.0160204 0.999535 -0.025926 0.143971 
r2 -0.0462149 0.0251613 0.998615 -0.0118602 
r3 0 0 0 1 

Frame 102
r0 0.998463 0.0150035 0.0533524 0.620655 
r1 -0.0136604 0.999583 -0.0254501 0.144914 
r2 -0.053712 0.0246821 0.998251 -0.0119511 
r3 0 0 0 1 

Frame 103
r0 0.998172 0.0118481 0.0592637 0.624581 
r1 -0.0104012 0.999642 -0.024665 0.145339 
r2 -0.0595347 0.0240035 0.997938 -0.0125336 
r3 0 0 0 1 

Frame 104
r0 0.997953 0.00741532 0.0635194 0.630248 
r1 -0.00584373 0.999673 -0.0248898 0.145705 
r2 -0.0636832 0.0244677 0.99767 -0.0143401 
r3 0 0 0 1 

Frame 105
r0 0.997719 0.00373903 0.0674009 0.635456 
r1 -0.00196671 0.999651 -0.0263366 0.14711 
r2 -0.0674759 0.0261439 0.997379 -0.0163816 
r3 0 0 0 1 

Frame 106
r0 0.997537 0.0013411 0.0701255 0.639535 
r1 0.000609249 0.999614 -0.0277844 0.148454 
r2 -0.0701356 0.0277587 0.997151 -0.018424 
r3 0 0 0 1 

Frame 107
r0 0.997475 0.000929505 0.0710053 0.643705 
r1 0.00126436 0.999523 -0.0308465 0.149702 
r2 -0.0710001 0.0308584 0.996999 -0.0201724 
r3 0 0 0 1 

Frame 108
r0 0.99753 0.000443369 0.0702347 0.648409 
r1 0.00189143 0.999448 -0.0331746 0.149921 
r2 -0.0702107 0.0332255 0.996979 -0.0226414 
r3 0 0 0 1 

Frame 109
r0 0.99764 0.00142394 0.0686531 0.655381 
r1 0.00118171 0.999281 -0.0378946 0.153813 
r2 -0.0686576 0.0378862 0.996921 -0.0253874 
r3 0 0 0 1 

Frame 110
r0 0.997466 0.00520423 0.0709521 0.660371 
r1 -0.00227392 0.999143 -0.0413193 0.159929 
r2 -0.0711062 0.0410532 0.996624 -0.0273302 
r3 0 0 0 1 

Frame 111
r0 0.997292 0.00865477 0.0730246 0.66304 
r1 -0.00567567 0.999147 -0.0409035 0.163835 
r2 -0.0733165 0.0403784 0.996491 -0.0284292 
r3 0 0 0 1 

Frame 112
r0 0.997441 0.00890796 0.0709377 0.666757 
r1 -0.00624678 0.999272 -0.0376478 0.164626 
r2 -0.0712211 0.0371081 0.99677 -0.03077 
r3 0 0 0 1 

Frame 113
r0 0.997683 0.00577832 0.0677899 0.672199 
r1 -0.00349329 0.999424 -0.0337744 0.16352 
r2 -0.0679463 0.0334595 0.997128 -0.034407 
r3 0 0 0 1 

Frame 114
r0 0.997583 0.00205897 0.0694494 0.675776 
r1 -6.48052e-05 0.999587 -0.0287098 0.161605 
r2 -0.0694798 0.0286359 0.997172 -0.0370196 
r3 0 0 0 1 

Frame 115
r0 0.997452 -0.00255004 0.0712955 0.682794 
r1 0.00463808 0.999565 -0.0291382 0.162897 
r2 -0.0711901 0.0293946 0.997029 -0.0388955 
r3 0 0 0 1 

Frame 116
r0 0.997193 -0.00371773 0.0747833 0.691935 
r1 0.00599097 0.999526 -0.030199 0.165771 
r2 -0.0746354 0.0305622 0.996742 -0.0406449 
r3 0 0 0 1 

Frame 117
r0 0.996671 -0.00349434 0.0814469 0.699323 
r1 0.00592947 0.999542 -0.0296752 0.168615 
r2 -0.0813059 0.0300594 0.996236 -0.0427116 
r3 0 0 0 1 

Frame 118
r0 0.996266 -0.00315285 0.0862782 0.705549 
r1 0.00547051 0.99963 -0.0266388 0.167902 
r2 -0.0861624 0.0270114 0.995915 -0.0438287 
r3 0 0 0 1 

Frame 119
r0 0.996206 -0.00496432 0.0868868 0.714796 
r1 0.00758719 0.999525 -0.0298831 0.171126 
r2 -0.086697 0.030429 0.99577 -0.0458035 
r3 0 0 0 1 

Frame 120
r0 0.995951 -0.00572341 0.0897208 0.722475 
r1 0.00848182 0.999502 -0.0303935 0.173188 
r2 -0.0895024 0.0310313 0.995503 -0.04773 
r3 0 0 0 1 

Frame 121
r0 0.995597 -0.00750928 0.0934321 0.731006 
r1 0.0104753 0.999455 -0.0312933 0.176294 
r2 -0.0931466 0.0321342 0.995134 -0.0498109 
r3 0 0 0 1 

Frame 122
r0 0.995213 -0.00813249 0.0973884 0.739444 
r1 0.0112482 0.999441 -0.031486 0.178476 
r2 -0.0970784 0.0324305 0.994748 -0.0515293 
r3 0 0 0 1 

Frame 123
r0 0.994925 -0.00773831 0.100317 0.746158 
r1 0.0109371 0.999448 -0.0313757 0.179226 
r2 -0.100019 0.0323137 0.994461 -0.0531286 
r3 0 0 0 1 

Frame 124
r0 0.995169 -0.00737697 0.097895 0.755572 
r1 0.0107493 0.999365 -0.0339661 0.180965 
r2 -0.0975825 0.0348544 0.994617 -0.0560015 
r3 0 0 0 1 

Frame 125
r0 0.995407 -0.00525614 0.0955967 0.763278 
r1 0.00874085 0.999311 -0.0360704 0.182675 
r2 -0.0953415 0.0367401 0.994767 -0.058666 
r3 0 0 0 1 

Frame 126
r0 0.995321 -0.00328358 0.0965682 0.771015 
r1 0.00688057 0.999294 -0.0369397 0.184963 
r2 -0.0963779 0.0374314 0.994641 -0.0610486 
r3 0 0 0 1 

Frame 127
r0 0.994683 -0.00299991 0.102935 0.778376 
r1 0.00653966 0.999398 -0.0340679 0.185077 
r2 -0.102771 0.03456 0.994105 -0.0625864 
r3 0 0 0 1 

Frame 128
r0 0.994092 -0.00321762 0.108499 0.786431 
r1 0.00694369 0.999398 -0.033983 0.186149 
r2 -0.108324 0.0345357 0.993515 -0.0631355 
r3 0 0 0 1 

Frame 129
r0 0.993748 -0.00393619 0.111575 0.794363 
r1 0.00777899 0.999391 -0.0340238 0.187282 
r2 -0.111373 0.034679 0.993174 -0.0640524 
r3 0 0 0 1 

Frame 130
r0 0.993494 -0.00427872 0.113802 0.800927 
r1 0.00815022 0.999403 -0.0335772 0.188017 
r2 -0.11359 0.0342863 0.992936 -0.0651281 
r3 0 0 0 1 

Frame 131
r0 0.992698 -0.00708824 0.120416 0.816506 
r1 0.0106408 0.999526 -0.0288839 0.18997 
r2 -0.120154 0.0299543 0.992303 -0.0650031 
r3 0 0 0 1 

Frame 132
r0 0.992939 -0.00856587 0.118315 0.817356 
r1 0.0119044 0.99955 -0.0275403 0.187391 
r2 -0.118026 0.0287543 0.992594 -0.068615 
r3 0 0 0 1 

Frame 133
r0 0.992338 -0.0136649 0.122797 0.832713 
r1 0.0171004 0.99949 -0.0269657 0.187263 
r2 -0.122366 0.0288589 0.992065 -0.0658103 
r3 0 0 0 1 

Frame 134
r0 0.992484 -0.0151697 0.121431 0.833243 
r1 0.0184977 0.999483 -0.0263234 0.186051 
r2 -0.120969 0.0283717 0.992251 -0.0685866 
r3 0 0 0 1 

Frame 135
r0 0.991724 -0.0178367 0.127139 0.850449 
r1 0.021492 0.999392 -0.0274371 0.18767 
r2 -0.126573 0.0299426 0.991505 -0.064244 
r3 0 0 0 1 

Frame 136
r0 0.99196 -0.0194317 0.125052 0.851772 
r1 0.0230078 0.999365 -0.0272157 0.18663 
r2 -0.124444 0.0298741 0.991777 -0.0664469 
r3 0 0 0 1 

Frame 137
r0 0.991587 -0.0199958 0.127886 0.861223 
r1 0.0240676 0.999249 -0.0303739 0.189746 
r2 -0.127183 0.0331962 0.991324 -0.0636037 
r3 0 0 0 1 

Frame 138
r0 0.99113 -0.0203399 0.13133 0.870346 
r1 0.0246251 0.999213 -0.031087 0.192305 
r2 -0.130594 0.0340453 0.990851 -0.0613942 
r3 0 0 0 1 

Frame 139
r0 0.990745 -0.023528 0.13368 0.881002 
r1 0.0276479 0.999195 -0.029047 0.192879 
r2 -0.132889 0.0324741 0.990599 -0.0589089 
r3 0 0 0 1 

Frame 140
r0 0.99064 -0.0268328 0.133842 0.891972 
r1 0.0308231 0.999137 -0.0278305 0.193763 
r2 -0.132979 0.0316954 0.990612 -0.056197 
r3 0 0 0 1 

Frame 141
r0 0.990765 -0.0286229 0.132534 0.902959 
r1 0.0324151 0.999122 -0.0265427 0.193667 
r2 -0.131657 0.0305937 0.990823 -0.0535154 
r3 0 0 0 1 

Frame 142
r0 0.991094 -0.0287159 0.130028 0.914296 
r1 0.0321702 0.999181 -0.0245429 0.192279 
r2 -0.129217 0.0285073 0.991207 -0.051072 
r3 0 0 0 1 

Frame 143
r0 0.991584 -0.0274713 0.126517 0.926533 
r1 0.0308565 0.999214 -0.0248755 0.191392 
r2 -0.125734 0.02857 0.991653 -0.0483075 
r3 0 0 0 1 

Frame 144
r0 0.992006 -0.0251938 0.123647 0.940986 
r1 0.0286678 0.999241 -0.0263975 0.19173 
r2 -0.122888 0.0297312 0.991975 -0.0454431 
r3 0 0 0 1 

Frame 145
r0 0.99244 -0.0217765 0.120782 0.955144 
r1 0.0252833 0.9993 -0.0275789 0.189304 
r2 -0.120097 0.0304242 0.992296 -0.0416293 
r3 0 0 0 1 

Frame 146
r0 0.99306 -0.0166288 0.116426 0.967084 
r1 0.0210636 0.999095 -0.0369653 0.192147 
r2 -0.115706 0.0391611 0.992511 -0.036219 
r3 0 0 0 1 

Frame 147
r0 0.993811 -0.0114409 0.110491 0.982625 
r1 0.016757 0.99874 -0.0473064 0.200082 
r2 -0.10981 0.0488651 0.992751 -0.0312403 
r3 0 0 0 1 

Frame 148
r0 0.994101 -0.00350777 0.108396 0.997179 
r1 0.00887857 0.998754 -0.0491023 0.204432 
r2 -0.108089 0.0497752 0.992894 -0.0257554 
r3 0 0 0 1 

Frame 149
r0 0.994387 0.00438558 0.10571 1.01056 
r1 0.000829548 0.998787 -0.0492388 0.206668 
r2 -0.105798 0.0490501 0.993177 -0.021246 
r3 0 0 0 1 

Frame 150
r0 0.994881 0.00892118 0.100661 1.02473 
r1 -0.00384828 0.998718 -0.0504799 0.210469 
r2 -0.100983 0.0498342 0.993639 -0.017312 
r3 0 0 0 1 

Frame 151
r0 0.995274 0.012123 0.0963498 1.0372 
r1 -0.00746208 0.998791 -0.0485895 0.212994 
r2 -0.0968221 0.0476408 0.994161 -0.0130308 
r3 0 0 0 1 

Frame 152
r0 0.996003 0.0111139 0.0886235 1.05139 
r1 -0.00699309 0.998886 -0.0466695 0.214265 
r2 -0.0890439 0.0458634 0.994971 -0.0103727 
r3 0 0 0 1 

Frame 153
r0 0.996427 0.0101847 0.0838452 1.06574 
r1 -0.00646622 0.998988 -0.0445061 0.215448 
r2 -0.0842137 0.0438049 0.995484 -0.00778642 
r3 0 0 0 1 

Frame 154
r0 0.996375 0.00762445 0.0847265 1.08069 
r1 -0.00402293 0.999084 -0.0425959 0.21768 
r2 -0.0849737 0.0421007 0.995493 -0.00425747 
r3 0 0 0 1 

Frame 155
r0 0.996129 0.00659534 0.087663 1.09484 
r1 -0.00307918 0.999187 -0.0401883 0.220855 
r2 -0.087857 0.0397622 0.995339 -0.00103762 
r3 0 0 0 1 

Frame 156
r0 0.995829 0.00755672 0.0909258 1.10527 
r1 -0.00411884 0.999272 -0.0379391 0.222727 
r2 -0.0911462 0.0374064 0.995135 0.00263551 
r3 0 0 0 1 

Frame 157
r0 0.99572 0.00922969 0.0919591 1.11636 
r1 -0.00597892 0.99935 -0.035559 0.226089 
r2 -0.0922276 0.034857 0.995128 0.005126 
r3 0 0 0 1 

Frame 158
r0 0.995555 0.00845522 0.0938017 1.12712 
r1 -0.00561219 0.999518 -0.0305331 0.228032 
r2 -0.0940147 0.0298709 0.995123 0.00735887 
r3 0 0 0 1 

Frame 159
r0 0.99523 0.00462141 0.0974505 1.13774 
r1 -0.00204127 0.999645 -0.0265589 0.229703 
r2 -0.0975387 0.0262333 0.994886 0.00982295 
r3 0 0 0 1 

Frame 160
r0 0.994821 0.00107408 0.10164 1.148 
r1 0.00123437 0.999743 -0.0226472 0.23081 
r2 -0.101638 0.0226554 0.994563 0.0119461 
r3 0 0 0 1 

Frame 161
r0 0.994356 -0.00186759 0.106082 1.15666 
r1 0.00384013 0.999823 -0.0183933 0.230237 
r2 -0.106029 0.0186968 0.994187 0.0137145 
r3 0 0 0 1 

Frame 162
r0 0.993872 -0.00530078 0.110409 1.16489 
r1 0.00710868 0.999847 -0.0159856 0.229401 
r2 -0.110307 0.0166725 0.993758 0.0153164 
r3 0 0 0 1 

Frame 163
r0 0.993408 -0.0101195 0.114182 1.17416 
r1 0.0121631 0.999778 -0.0172133 0.231101 
r2 -0.113983 0.0184886 0.993311 0.0166808 
r3 0 0 0 1 

Frame 164
r0 0.992583 -0.0134082 0.120822 1.18064 
r1 0.015534 0.999741 -0.0166689 0.232057 
r2 -0.120567 0.0184221 0.992534 0.0184594 
r3 0 0 0 1 

Frame 165
r0 0.99213 -0.0172421 0.124018 1.18797 
r1 0.0193376 0.999689 -0.0157132 0.231709 
r2 -0.123709 0.0179879 0.992156 0.0196083 
r3 0 0 0 1 

Frame 166
r0 0.991587 -0.0192345 0.12801 1.19368 
r1 0.0215238 0.999632 -0.0165254 0.233182 
r2 -0.127645 0.0191417 0.991635 0.0205867 
r3 0 0 0 1 

Frame 167
r0 0.990819 -0.0207894 0.133588 1.19858 
r1 0.0230136 0.999621 -0.0151266 0.232839 
r2 -0.133223 0.018062 0.990921 0.0212333 
r3 0 0 0 1 

Frame 168
r0 0.990074 -0.0229194 0.138668 1.20382 
r1 0.0252211 0.999571 -0.0148643 0.232628 
r2 -0.138268 0.0182142 0.990227 0.0216368 
r3 0 0 0 1 

Frame 169
r0 0.989391 -0.0245392 0.143187 1.20909 
r1 0.0268658 0.999536 -0.0143376 0.232506 
r2 -0.142769 0.0180324 0.989592 0.0224835 
r3 0 0 0 1 

Frame 170
r0 0.988735 -0.0271985 0.147188 1.21421 
r1 0.029721 0.999446 -0.0149651 0.232914 
r2 -0.146699 0.0191711 0.988995 0.0230213 
r3 0 0 0 1 

Frame 171
r0 0.987915 -0.0282704 0.152394 1.21827 
r1 0.0311162 0.999382 -0.0163214 0.233764 
r2 -0.151839 0.0208661 0.988185 0.0242476 
r3 0 0 0 1 

Frame 172
r0 0.987059 -0.0289543 0.157722 1.22215 
r1 0.0323226 0.9993 -0.0188319 0.2357 
r2 -0.157067 0.0236862 0.987304 0.0254715 
r3 0 0 0 1 

Frame 173
r0 0.986124 -0.0303116 0.163221 1.22547 
r1 0.0337982 0.999255 -0.0186255 0.236802 
r2 -0.162535 0.0238836 0.986414 0.0266557 
r3 0 0 0 1 

Frame 174
r0 0.985185 -0.0316374 0.168551 1.22899 
r1 0.0353168 0.999198 -0.0188752 0.238618 
r2 -0.167819 0.0245482 0.985512 0.0274637 
r3 0 0 0 1 

Frame 175
r0 0.984219 -0.0337644 0.173706 1.23285 
r1 0.0374519 0.999136 -0.0179944 0.239987 
r2 -0.172949 0.024216 0.984633 0.028208 
r3 0 0 0 1 

Frame 176
r0 0.983058 -0.037393 0.17944 1.23587 
r1 0.0408417 0.999044 -0.015562 0.240339 
r2 -0.178686 0.022627 0.983646 0.0291483 
r3 0 0 0 1 

Frame 177
r0 0.981803 -0.0397961 0.185687 1.24003 
r1 0.0430188 0.998985 -0.0133573 0.241272 
r2 -0.184967 0.0211023 0.982518 0.0301091 
r3 0 0 0 1 

Frame 178
r0 0.980296 -0.0412789 0.193175 1.24386 
r1 0.04409 0.998975 -0.0102735 0.2414 
r2 -0.192553 0.0185881 0.98111 0.0307534 
r3 0 0 0 1 

Frame 179
r0 0.978873 -0.0436412 0.19976 1.24904 
r1 0.0459648 0.998918 -0.00700678 0.240621 
r2 -0.199238 0.0160407 0.97982 0.031259 
r3 0 0 0 1 

Frame 180
r0 0.977501 -0.0436203 0.206371 1.25363 
r1 0.0458844 0.998927 -0.00619521 0.241212 
r2 -0.20588 0.015525 0.978454 0.0322411 
r3 0 0 0 1 

Frame 181
r0 0.975841 -0.0428637 0.214234 1.25756 
r1 0.0451389 0.998964 -0.00573738 0.242377 
r2 -0.213766 0.0152691 0.976765 0.0328676 
r3 0 0 0 1 

Frame 182
r0 0.973941 -0.041957 0.222885 1.26162 
r1 0.0438675 0.999031 -0.00362513 0.241922 
r2 -0.222517 0.0133081 0.974838 0.0335845 
r3 0 0 0 1 

Frame 183
r0 0.971755 -0.041689 0.23228 1.26414 
r1 0.0435032 0.99905 -0.00269096 0.241754 
r2 -0.231947 0.0127199 0.972645 0.0348176 
r3 0 0 0 1 

Frame 184
r0 0.969677 -0.0425968 0.240652 1.2679 
r1 0.0444677 0.999008 -0.00234671 0.241858 
r2 -0.240313 0.0129768 0.970608 0.0355321 
r3 0 0 0 1 

Frame 185
r0 0.967346 -0.0439585 0.249616 1.27065 
r1 0.0458573 0.998947 -0.00179349 0.242989 
r2 -0.249274 0.0131816 0.968343 0.0369886 
r3 0 0 0 1 

Frame 186
r0 0.965418 -0.0458293 0.256647 1.2757 
r1 0.0470618 0.998891 0.0013408 0.241999 
r2 -0.256424 0.0107838 0.966504 0.037376 
r3 0 0 0 1 

Frame 187
r0 0.963235 -0.0466105 0.264586 1.28088 
r1 0.0479281 0.99885 0.00147742 0.243469 
r2 -0.264351 0.011258 0.964361 0.038432 
r3 0 0 0 1 

Frame 188
r0 0.961031 -0.0480227 0.272239 1.28622 
r1 0.0492732 0.998783 0.00224527 0.245356 
r2 -0.272015 0.0112563 0.962227 0.0399846 
r3 0 0 0 1 

Frame 188
r0 0.961031 -0.0480227 0.272239 1.28622 
r1 0.0492732 0.998783 0.00224527 0.245356 
r2 -0.272015 0.0112563 0.962227 0.0399846 
r3 0 0 0 1 

Frame 188
r0 0.961031 -0.0480227 0.272239 1.28622 
r1 0.0492732 0.998783 0.00224527 0.245356 
r2 -0.272015 0.0112563 0.962227 0.0399846 
r3 0 0 0 1 

Frame 188
r0 0.961031 -0.0480227 0.272239 1.28622 
r1 0.0492732 0.998783 0.00224527 0.245356 
r2 -0.272015 0.0112563 0.962227 0.0399846 
r3 0 0 0 1 

Frame 188
r0 0.961031 -0.0480227 0.272239 1.28622 
r1 0.0492732 0.998783 0.00224527 0.245356 
r2 -0.272015 0.0112563 0.962227 0.0399846 
r3 0 0 0 1 

Frame 188
r0 0.961031 -0.0480227 0.272239 1.28622 
r1 0.0492732 0.998783 0.00224527 0.245356 
r2 -0.272015 0.0112563 0.962227 0.0399846 
r3 0 0 0 1 

Frame 188
r0 0.961031 -0.0480227 0.272239 1.28622 
r1 0.0492732 0.998783 0.00224527 0.245356 
r2 -0.272015 0.0112563 0.962227 0.0399846 
r3 0 0 0 1 

Frame 188
r0 0.961031 -0.0480227 0.272239 1.28622 
r1 0.0492732 0.998783 0.00224527 0.245356 
r2 -0.272015 0.0112563 0.962227 0.0399846 
r3 0 0 0 1 

Frame 188
r0 0.961031 -0.0480227 0.272239 1.28622 
r1 0.0492732 0.998783 0.00224527 0.245356 
r2 -0.272015 0.0112563 0.962227 0.0399846 
r3 0 0 0 1 

Frame 188
r0 0.961031 -0.0480227 0.272239 1.28622 
r1 0.0492732 0.998783 0.00224527 0.245356 
r2 -0.272015 0.0112563 0.962227 0.0399846 
r3 0 0 0 1 

Frame 188
r0 0.961031 -0.0480227 0.272239 1.28622 
r1 0.0492732 0.998783 0.00224527 0.245356 
r2 -0.272015 0.0112563 0.962227 0.0399846 
r3 0 0 0 1 

Frame 188
r0 0.961031 -0.0480227 0.272239 1.28622 
r1 0.0492732 0.998783 0.00224527 0.245356 
r2 -0.272015 0.0112563 0.962227 0.0399846 
r3 0 0 0 1 

Frame 188
r0 0.961031 -0.0480227 0.272239 1.28622 
r1 0.0492732 0.998783 0.00224527 0.245356 
r2 -0.272015 0.0112563 0.962227 0.0399846 
r3 0 0 0 1 

Frame 188
r0 0.961031 -0.0480227 0.272239 1.28622 
r1 0.0492732 0.998783 0.00224527 0.245356 
r2 -0.272015 0.0112563 0.962227 0.0399846 
r3 0 0 0 1 

Frame 188
r0 0.961031 -0.0480227 0.272239 1.28622 
r1 0.0492732 0.998783 0.00224527 0.245356 
r2 -0.272015 0.0112563 0.962227 0.0399846 
r3 0 0 0 1 

Frame 188
r0 0.961031 -0.0480227 0.272239 1.28622 
r1 0.0492732 0.998783 0.00224527 0.245356 
r2 -0.272015 0.0112563 0.962227 0.0399846 
r3 0 0 0 1 

Frame 188
r0 0.961031 -0.0480227 0.272239 1.28622 
r1 0.0492732 0.998783 0.00224527 0.245356 
r2 -0.272015 0.0112563 0.962227 0.0399846 
r3 0 0 0 1 

Frame 188
r0 0.961031 -0.0480227 0.272239 1.28622 
r1 0.0492732 0.998783 0.00224527 0.245356 
r2 -0.272015 0.0112563 0.962227 0.0399846 
r3 0 0 0 1 

Frame 188
r0 0.961031 -0.0480227 0.272239 1.28622 
r1 0.0492732 0.998783 0.00224527 0.245356 
r2 -0.272015 0.0112563 0.962227 0.0399846 
r3 0 0 0 1 

Frame 188
r0 0.961031 -0.0480227 0.272239 1.28622 
r1 0.0492732 0.998783 0.00224527 0.245356 
r2 -0.272015 0.0112563 0.962227 0.0399846 
r3 0 0 0 1 

Frame 188
r0 0.961031 -0.0480227 0.272239 1.28622 
r1 0.0492732 0.998783 0.00224527 0.245356 
r2 -0.272015 0.0112563 0.962227 0.0399846 
r3 0 0 0 1 

Frame 188
r0 0.961031 -0.0480227 0.272239 1.28622 
r1 0.0492732 0.998783 0.00224527 0.245356 
r2 -0.272015 0.0112563 0.962227 0.0399846 
r3 0 0 0 1 

Frame 188
r0 0.961031 -0.0480227 0.272239 1.28622 
r1 0.0492732 0.998783 0.00224527 0.245356 
r2 -0.272015 0.0112563 0.962227 0.0399846 
r3 0 0 0 1 

Frame 188
r0 0.961031 -0.0480227 0.272239 1.28622 
r1 0.0492732 0.998783 0.00224527 0.245356 
r2 -0.272015 0.0112563 0.962227 0.0399846 
r3 0 0 0 1 

Frame 188
r0 0.961031 -0.0480227 0.272239 1.28622 
r1 0.0492732 0.998783 0.00224527 0.245356 
r2 -0.272015 0.0112563 0.962227 0.0399846 
r3 0 0 0 1 

Frame 188
r0 0.961031 -0.0480227 0.272239 1.28622 
r1 0.0492732 0.998783 0.00224527 0.245356 
r2 -0.272015 0.0112563 0.962227 0.0399846 
r3 0 0 0 1 

Frame 188
r0 0.961031 -0.0480227 0.272239 1.28622 
r1 0.0492732 0.998783 0.00224527 0.245356 
r2 -0.272015 0.0112563 0.962227 0.0399846 
r3 0 0 0 1 

Frame 188
r0 0.961031 -0.0480227 0.272239 1.28622 
r1 0.0492732 0.998783 0.00224527 0.245356 
r2 -0.272015 0.0112563 0.962227 0.0399846 
r3 0 0 0 1 

Frame 188
r0 0.961031 -0.0480227 0.272239 1.28622 
r1 0.0492732 0.998783 0.00224527 0.245356 
r2 -0.272015 0.0112563 0.962227 0.0399846 
r3 0 0 0 1 

