Frame 1
r0 1 0 0 0 
r1 0 1 0 0 
r2 0 0 1 0 
r3 0 0 0 1 

Frame 2
r0 0.999998 -0.00154048 -0.00111213 0.00191429 
r1 0.00154105 0.999999 0.000462741 -0.000440978 
r2 0.00111139 -0.00046432 0.999999 0.000809413 
r3 0 0 0 1 

Frame 3
r0 0.999998 -0.00161791 -0.00122148 0.00132603 
r1 0.00161651 0.999998 -0.00120904 -5.79809e-05 
r2 0.00122355 0.00120711 0.999999 0.000718107 
r3 0 0 0 1 

Frame 4
r0 0.999996 -0.000815928 -0.00284585 0.000512302 
r1 0.000817224 1 0.000469506 -4.54129e-05 
r2 0.00284562 -0.000471905 0.999996 -0.000483225 
r3 0 0 0 1 

Frame 5
r0 0.999988 0.00188693 -0.00457674 -7.2966e-05 
r1 -0.00188121 0.999998 0.0012276 -0.000327526 
r2 0.00457907 -0.00121902 0.999989 0.000115785 
r3 0 0 0 1 

Frame 6
r0 0.999968 0.00444254 -0.00660573 -0.00177302 
r1 -0.00444952 0.999989 -0.00110184 0.00114387 
r2 0.0066007 0.00113129 0.999978 0.000138547 
r3 0 0 0 1 

Frame 7
r0 0.999942 0.00278127 -0.0104211 -0.00324254 
r1 -0.00280359 0.999994 -0.00206199 0.00238317 
r2 0.0104154 0.00209107 0.999944 -0.000528387 
r3 0 0 0 1 

Frame 8
r0 0.99989 0.00504312 -0.0139767 -0.00387371 
r1 -0.00504822 0.999987 -0.000287812 0.000463972 
r2 0.0139754 0.000358146 0.999902 0.000193077 
r3 0 0 0 1 

Frame 9
r0 0.999857 0.00722935 -0.0152773 -0.00523883 
r1 -0.00723419 0.999974 -0.000318915 -0.00114977 
r2 0.0152742 0.00042972 0.999884 -0.00101091 
r3 0 0 0 1 

Frame 10
r0 0.999776 0.00987327 -0.0187337 -0.00557396 
r1 -0.00989109 0.999951 -0.000858888 -0.00352979 
r2 0.0187243 0.00104396 0.999824 -0.00131584 
r3 0 0 0 1 

Frame 11
r0 0.999728 0.00932796 -0.0213869 -0.00812698 
r1 -0.00946742 0.999935 -0.00642598 -0.00287564 
r2 0.0213255 0.0066267 0.999751 -0.00348789 
r3 0 0 0 1 

Frame 12
r0 0.999639 0.00841209 -0.0255155 -0.0103851 
r1 -0.00864303 0.999923 -0.00895652 -0.00305938 
r2 0.0254382 0.00917382 0.999634 -0.0056275 
r3 0 0 0 1 

Frame 13
r0 0.999606 0.00814855 -0.0268465 -0.0126453 
r1 -0.00845205 0.999902 -0.0112097 -0.00308708 
r2 0.0267525 0.0114322 0.999577 -0.00733448 
r3 0 0 0 1 

Frame 14
r0 0.999626 0.0063546 -0.0265825 -0.0155394 
r1 -0.00663793 0.999922 -0.0105904 -0.00453081 
r2 0.0265131 0.0107629 0.999591 -0.00903061 
r3 0 0 0 1 

Frame 15
r0 0.999495 0.00779298 -0.0307909 -0.0182248 
r1 -0.00810102 0.999918 -0.00988189 -0.00556356 
r2 0.0307113 0.0101263 0.999477 -0.0118784 
r3 0 0 0 1 

Frame 16
r0 0.999457 0.0114858 -0.0308817 -0.0210572 
r1 -0.0117624 0.999892 -0.00879195 -0.00725585 
r2 0.0307774 0.00915042 0.999484 -0.0108236 
r3 0 0 0 1 

Frame 17
r0 0.99941 0.0135229 -0.0315718 -0.0283557 
r1 -0.0140003 0.99979 -0.0149479 -0.00598578 
r2 0.031363 0.0153811 0.99939 -0.0149162 
r3 0 0 0 1 

Frame 18
r0 0.99941 0.0135228 -0.0315718 -0.0283557 
r1 -0.0140003 0.99979 -0.0149474 -0.0059861 
r2 0.0313631 0.0153806 0.999389 -0.0149163 
r3 0 0 0 1 

Frame 19
r0 0.999346 0.0136387 -0.0335063 -0.0303808 
r1 -0.0140687 0.999821 -0.0126352 -0.0078956 
r2 0.033328 0.0130984 0.999359 -0.0144873 
r3 0 0 0 1 

Frame 20
r0 0.999425 0.0157456 -0.0300182 -0.0330214 
r1 -0.016309 0.999694 -0.0185985 -0.00837606 
r2 0.0297162 0.0190774 0.999377 -0.0151419 
r3 0 0 0 1 

Frame 21
r0 0.999292 0.0173348 -0.0334082 -0.0361679 
r1 -0.018032 0.999623 -0.0206845 -0.00812249 
r2 0.033037 0.0212724 0.999228 -0.0203786 
r3 0 0 0 1 

Frame 22
r0 0.998943 0.0223137 -0.0401955 -0.037806 
r1 -0.0229827 0.999604 -0.0162519 -0.00983911 
r2 0.0398169 0.0171586 0.999059 -0.0214337 
r3 0 0 0 1 

Frame 23
r0 0.998829 0.0297874 -0.0381243 -0.0413646 
r1 -0.0305102 0.999363 -0.0185204 -0.0104278 
r2 0.0375483 0.0196619 0.999102 -0.0202365 
r3 0 0 0 1 

Frame 24
r0 0.998778 0.0341819 -0.0357091 -0.0453677 
r1 -0.0351254 0.999041 -0.0261408 -0.00881446 
r2 0.0347814 0.0273632 0.99902 -0.0229735 
r3 0 0 0 1 

Frame 25
r0 0.998554 0.0356404 -0.0402527 -0.0479338 
r1 -0.0367582 0.998949 -0.0273869 -0.00703228 
r2 0.0392343 0.0288269 0.998814 -0.0274 
r3 0 0 0 1 

Frame 26
r0 0.998259 0.0414521 -0.0419527 -0.053047 
r1 -0.042533 0.998777 -0.025207 -0.00597656 
r2 0.0408568 0.0269477 0.998802 -0.0282398 
r3 0 0 0 1 

Frame 27
r0 0.998323 0.0419386 -0.0398993 -0.054655 
r1 -0.0429584 0.998763 -0.0250577 -0.00603436 
r2 0.038799 0.0267297 0.998889 -0.028517 
r3 0 0 0 1 

Frame 28
r0 0.998273 0.0455554 -0.0370792 -0.0572339 
r1 -0.0464535 0.998638 -0.0237417 -0.00716798 
r2 0.0359472 0.0254232 0.99903 -0.0281214 
r3 0 0 0 1 

Frame 29
r0 0.998301 0.0486372 -0.0320818 -0.0596912 
r1 -0.0495452 0.998375 -0.0281467 -0.00535862 
r2 0.0306607 0.0296883 0.999089 -0.0292133 
r3 0 0 0 1 

Frame 30
r0 0.998069 0.0538326 -0.0309745 -0.0629345 
r1 -0.0547087 0.998105 -0.028164 -0.00465571 
r2 0.0293997 0.0298042 0.999123 -0.0303244 
r3 0 0 0 1 

Frame 31
r0 0.99717 0.065647 -0.036651 -0.0697172 
r1 -0.0666274 0.997434 -0.0262032 -0.00196623 
r2 0.0348367 0.0285709 0.998984 -0.0346123 
r3 0 0 0 1 

Frame 32
r0 0.997102 0.0659927 -0.0378513 -0.0688801 
r1 -0.0669725 0.997436 -0.0252323 -0.00253999 
r2 0.0360891 0.0276941 0.998965 -0.0348703 
r3 0 0 0 1 

Frame 33
r0 0.996676 0.0697175 -0.0421485 -0.073607 
r1 -0.0706912 0.997254 -0.0220688 -0.00306915 
r2 0.040494 0.0249748 0.998868 -0.0354481 
r3 0 0 0 1 

Frame 34
r0 0.996253 0.0719047 -0.0480578 -0.0763692 
r1 -0.0730301 0.997085 -0.0220831 -0.00234466 
r2 0.0463298 0.02551 0.9986 -0.0379002 
r3 0 0 0 1 

Frame 35
r0 0.995824 0.0727018 -0.055216 -0.0794462 
r1 -0.0738003 0.997108 -0.0181237 -0.00436552 
r2 0.0537384 0.022123 0.99831 -0.0398618 
r3 0 0 0 1 

Frame 36
r0 0.995639 0.0726039 -0.0585822 -0.0835338 
r1 -0.0737852 0.997107 -0.0182573 -0.0043199 
r2 0.0570871 0.0225002 0.998116 -0.0416264 
r3 0 0 0 1 

Frame 37
r0 0.995423 0.0725511 -0.0622063 -0.0875566 
r1 -0.0738998 0.997072 -0.0196612 -0.00294278 
r2 0.0605976 0.0241682 0.99787 -0.0428658 
r3 0 0 0 1 

Frame 38
r0 0.99501 0.0746991 -0.0661365 -0.0912839 
r1 -0.0762166 0.996876 -0.0207225 -0.00230129 
r2 0.064382 0.0256598 0.997595 -0.0453377 
r3 0 0 0 1 

Frame 39
r0 0.994863 0.077693 -0.064894 -0.096374 
r1 -0.0791163 0.996672 -0.0196554 -0.0040889 
r2 0.0631506 0.0246888 0.997698 -0.0452263 
r3 0 0 0 1 

Frame 40
r0 0.995495 0.0717574 -0.0619689 -0.10144 
r1 -0.0729885 0.997173 -0.0178319 -0.00766274 
r2 0.0605137 0.0222745 0.997919 -0.044651 
r3 0 0 0 1 

Frame 41
r0 0.995684 0.0695408 -0.061465 -0.102729 
r1 -0.0713225 0.99708 -0.0272838 -0.00495613 
r2 0.0593875 0.0315499 0.997736 -0.0464356 
r3 0 0 0 1 

Frame 42
r0 0.995786 0.0744705 -0.0535161 -0.107168 
r1 -0.0762595 0.996568 -0.0322002 -0.00352004 
r2 0.050935 0.0361456 0.998048 -0.0472099 
r3 0 0 0 1 

Frame 43
r0 0.996185 0.0741974 -0.0459487 -0.11193 
r1 -0.0757703 0.996562 -0.0334924 -0.00349152 
r2 0.0433055 0.0368462 0.998382 -0.0481758 
r3 0 0 0 1 

Frame 44
r0 0.996899 0.0684013 -0.0388966 -0.120184 
r1 -0.0697154 0.997005 -0.0334896 -0.00358417 
r2 0.0364892 0.0360972 0.998682 -0.0502595 
r3 0 0 0 1 

Frame 45
r0 0.99692 0.0682639 -0.0386079 -0.120008 
r1 -0.069563 0.99702 -0.0333639 -0.00334038 
r2 0.0362154 0.035947 0.998697 -0.0505568 
r3 0 0 0 1 

Frame 46
r0 0.997168 0.0671526 -0.0338627 -0.124592 
r1 -0.0681872 0.99721 -0.0303795 -0.0051366 
r2 0.0317284 0.0326028 0.998965 -0.0512221 
r3 0 0 0 1 

Frame 47
r0 0.997688 0.0605259 -0.0309099 -0.130802 
r1 -0.0614164 0.997698 -0.0287329 -0.00859758 
r2 0.0291 0.030565 0.99911 -0.0515948 
r3 0 0 0 1 

Frame 48
r0 0.997903 0.0567442 -0.0311391 -0.135391 
r1 -0.0579321 0.997571 -0.0386821 -0.00662874 
r2 0.0288683 0.0404047 0.998766 -0.0543503 
r3 0 0 0 1 

Frame 49
r0 0.998259 0.0549466 -0.0214496 -0.141759 
r1 -0.0557653 0.997657 -0.0396276 -0.00660929 
r2 0.0192222 0.040755 0.998984 -0.0561329 
r3 0 0 0 1 

Frame 50
r0 0.998721 0.0478821 -0.0162212 -0.147117 
r1 -0.0484757 0.998085 -0.0384249 -0.00869986 
r2 0.0143501 0.0391618 0.99913 -0.0580877 
r3 0 0 0 1 

Frame 51
r0 0.999024 0.0415991 -0.0148771 -0.151901 
r1 -0.0421491 0.998358 -0.0387827 -0.0100552 
r2 0.0132394 0.0393722 0.999137 -0.0596653 
r3 0 0 0 1 

Frame 52
r0 0.999233 0.0373787 -0.0116496 -0.163506 
r1 -0.0378331 0.998418 -0.0415931 -0.00844919 
r2 0.0100765 0.0420021 0.999067 -0.0649283 
r3 0 0 0 1 

Frame 53
r0 0.999224 0.0377537 -0.0112334 -0.163915 
r1 -0.0381913 0.9984 -0.0416929 -0.0079716 
r2 0.00964138 0.0420895 0.999067 -0.0653158 
r3 0 0 0 1 

Frame 54
r0 0.999366 0.0342536 -0.00967436 -0.170883 
r1 -0.0346112 0.998616 -0.0395933 -0.00848287 
r2 0.00830476 0.039903 0.999169 -0.0657641 
r3 0 0 0 1 

Frame 55
r0 0.999432 0.0327962 -0.00776899 -0.176315 
r1 -0.0330792 0.998666 -0.0396446 -0.0087592 
r2 0.00645844 0.0398791 0.999184 -0.0656936 
r3 0 0 0 1 

Frame 56
r0 0.999371 0.0349746 -0.00590102 -0.181648 
r1 -0.0351879 0.998536 -0.0410851 -0.0089241 
r2 0.00445544 0.0412669 0.999138 -0.0675722 
r3 0 0 0 1 

Frame 57
r0 0.999379 0.0346756 -0.00634748 -0.187601 
r1 -0.0348929 0.998665 -0.0380816 -0.0123099 
r2 0.0050185 0.0382795 0.999254 -0.0690304 
r3 0 0 0 1 

Frame 58
r0 0.999374 0.0338959 -0.0100768 -0.193559 
r1 -0.0342923 0.99852 -0.0422179 -0.0133104 
r2 0.00863087 0.042537 0.999058 -0.0702587 
r3 0 0 0 1 

Frame 59
r0 0.999337 0.033265 -0.0147951 -0.199346 
r1 -0.0339565 0.998209 -0.0492514 -0.0127037 
r2 0.0131303 0.0497211 0.998677 -0.0720615 
r3 0 0 0 1 

Frame 60
r0 0.999292 0.0333696 -0.0173494 -0.205419 
r1 -0.0343123 0.997772 -0.0572224 -0.00920619 
r2 0.0154013 0.0577773 0.998211 -0.0747244 
r3 0 0 0 1 

Frame 61
r0 0.999243 0.0340134 -0.0188588 -0.21037 
r1 -0.035063 0.997676 -0.0584278 -0.00830801 
r2 0.0168276 0.0590448 0.998114 -0.0764853 
r3 0 0 0 1 

Frame 62
r0 0.999367 0.0316729 -0.0161666 -0.220998 
r1 -0.0326472 0.997411 -0.0640771 -0.00877911 
r2 0.0140952 0.0645643 0.997814 -0.0783132 
r3 0 0 0 1 

Frame 63
r0 0.999348 0.0312714 -0.0180404 -0.21917 
r1 -0.032345 0.997511 -0.0626627 -0.00951782 
r2 0.0160359 0.0632054 0.997872 -0.07856 
r3 0 0 0 1 

Frame 64
r0 0.999346 0.0318545 -0.0171023 -0.224648 
r1 -0.0328778 0.997451 -0.063326 -0.0100892 
r2 0.0150414 0.0638469 0.997846 -0.0813749 
r3 0 0 0 1 

Frame 65
r0 0.999199 0.033379 -0.0220793 -0.229916 
r1 -0.0347201 0.997381 -0.0634432 -0.0117318 
r2 0.0199038 0.064159 0.997741 -0.0830455 
r3 0 0 0 1 

Frame 66
r0 0.999144 0.0324694 -0.0256497 -0.237199 
r1 -0.0341618 0.997061 -0.0685653 -0.0103782 
r2 0.0233481 0.0693828 0.997317 -0.0859359 
r3 0 0 0 1 

Frame 67
r0 0.999075 0.0319009 -0.0288205 -0.242812 
r1 -0.0339088 0.996821 -0.0720967 -0.0077693 
r2 0.026429 0.0730074 0.996981 -0.0883247 
r3 0 0 0 1 

Frame 68
r0 0.999031 0.0323386 -0.0298345 -0.248947 
r1 -0.0344678 0.996673 -0.0738546 -0.00585653 
r2 0.0273469 0.0748114 0.996823 -0.0907798 
r3 0 0 0 1 

Frame 69
r0 0.998859 0.0364086 -0.0309037 -0.252934 
r1 -0.0386366 0.996445 -0.0748579 -0.00284559 
r2 0.0280683 0.0759665 0.996715 -0.0944772 
r3 0 0 0 1 

Frame 70
r0 0.998785 0.0403541 -0.0282851 -0.257228 
r1 -0.042237 0.99669 -0.0694643 -0.00338096 
r2 0.0253883 0.0705746 0.997183 -0.0967657 
r3 0 0 0 1 

Frame 71
r0 0.998818 0.0424489 -0.0236587 -0.261484 
r1 -0.0439488 0.996785 -0.0669915 -0.00462053 
r2 0.020739 0.0679522 0.997473 -0.0979324 
r3 0 0 0 1 

Frame 72
r0 0.998904 0.0424862 -0.0196291 -0.268627 
r1 -0.0437112 0.996803 -0.0668908 -0.00531169 
r2 0.0167244 0.0676755 0.997567 -0.101128 
r3 0 0 0 1 

Frame 73
r0 0.998792 0.0451881 -0.0192797 -0.274662 
r1 -0.0464441 0.996421 -0.0706178 -0.00198055 
r2 0.0160197 0.071428 0.997317 -0.103839 
r3 0 0 0 1 

Frame 74
r0 0.998607 0.0477586 -0.0224329 -0.27925 
r1 -0.049218 0.996348 -0.0697735 -0.00275244 
r2 0.0190187 0.0707804 0.997311 -0.104612 
r3 0 0 0 1 

Frame 75
r0 0.997851 0.0617748 -0.0218541 -0.293812 
r1 -0.0632619 0.99513 -0.0755914 0.00455646 
r2 0.017078 0.0768115 0.996899 -0.109852 
r3 0 0 0 1 

Frame 76
r0 0.997817 0.0625743 -0.0210928 -0.294965 
r1 -0.0639878 0.995144 -0.074798 0.00407145 
r2 0.0163099 0.0759845 0.996976 -0.109021 
r3 0 0 0 1 

Frame 77
r0 0.997134 0.0721785 -0.0226819 -0.303597 
r1 -0.0736113 0.994797 -0.0704268 0.00343584 
r2 0.0174806 0.0718945 0.997259 -0.109469 
r3 0 0 0 1 

Frame 78
r0 0.996441 0.0802797 -0.0257002 -0.310984 
r1 -0.0818629 0.99432 -0.0680139 0.00318902 
r2 0.020094 0.0698752 0.997354 -0.111317 
r3 0 0 0 1 

Frame 79
r0 0.996711 0.0746861 -0.0314373 -0.328679 
r1 -0.0767114 0.994656 -0.0691004 0.000386407 
r2 0.0261085 0.0712849 0.997114 -0.112499 
r3 0 0 0 1 

Frame 80
r0 0.996692 0.0739343 -0.0337339 -0.326339 
r1 -0.0761836 0.994552 -0.0711523 0.00224222 
r2 0.0282896 0.0734871 0.996895 -0.112378 
r3 0 0 0 1 

Frame 81
r0 0.996608 0.0738074 -0.0363955 -0.335969 
r1 -0.0765017 0.993916 -0.0792393 0.00725118 
r2 0.0303256 0.081755 0.996191 -0.113234 
r3 0 0 0 1 

Frame 82
r0 0.996199 0.0782388 -0.0382946 -0.345113 
r1 -0.0811228 0.993433 -0.0806796 0.00957728 
r2 0.031731 0.0834798 0.996004 -0.114823 
r3 0 0 0 1 

Frame 83
r0 0.995772 0.0811681 -0.0430036 -0.352118 
r1 -0.0842881 0.993497 -0.0765406 0.00727497 
r2 0.0365111 0.0798414 0.996138 -0.115325 
r3 0 0 0 1 

Frame 84
r0 0.995394 0.0838418 -0.0464922 -0.358697 
r1 -0.0871972 0.99332 -0.0755779 0.00502201 
r2 0.0398451 0.0792839 0.996055 -0.116198 
r3 0 0 0 1 

Frame 85
r0 0.995141 0.0866738 -0.0467144 -0.365498 
r1 -0.0902256 0.992686 -0.0802134 0.00529474 
r2 0.0394203 0.0840385 0.995682 -0.116624 
r3 0 0 0 1 

Frame 86
r0 0.994592 0.0926141 -0.0470133 -0.374963 
r1 -0.0963331 0.99178 -0.0842144 0.00792677 
r2 0.0388275 0.0882879 0.995338 -0.118301 
r3 0 0 0 1 

Frame 87
r0 0.994158 0.094076 -0.0529163 -0.383343 
r1 -0.0982045 0.991803 -0.0817517 0.00401602 
r2 0.0447917 0.0864707 0.995247 -0.119071 
r3 0 0 0 1 

Frame 88
r0 0.994085 0.0909161 -0.0594066 -0.386487 
r1 -0.095871 0.991612 -0.0866895 0.00270459 
r2 0.0510268 0.0918722 0.994463 -0.119049 
r3 0 0 0 1 

Frame 89
r0 0.994151 0.0922955 -0.0560849 -0.395732 
r1 -0.0973041 0.990773 -0.0943415 0.00555142 
r2 0.0468601 0.099247 0.993959 -0.120156 
r3 0 0 0 1 

Frame 90
r0 0.992748 0.103597 -0.0609813 -0.416522 
r1 -0.109374 0.988899 -0.100579 0.00525084 
r2 0.0498846 0.10652 0.993058 -0.120954 
r3 0 0 0 1 

Frame 91
r0 0.992608 0.102695 -0.0646694 -0.413723 
r1 -0.108758 0.989176 -0.0985005 0.00336279 
r2 0.0538539 0.104806 0.993034 -0.120338 
r3 0 0 0 1 

Frame 92
r0 0.991957 0.104695 -0.0711402 -0.423304 
r1 -0.111808 0.988195 -0.104734 0.00433612 
r2 0.0593354 0.111845 0.991953 -0.12183 
r3 0 0 0 1 

Frame 93
r0 0.991515 0.104094 -0.0778604 -0.432561 
r1 -0.112275 0.987641 -0.109355 0.00409513 
r2 0.065515 0.117169 0.990949 -0.121846 
r3 0 0 0 1 

Frame 94
r0 0.990724 0.104979 -0.0862822 -0.438727 
r1 -0.114583 0.986716 -0.115159 0.00473243 
r2 0.0730468 0.123977 0.989593 -0.121579 
r3 0 0 0 1 

Frame 95
r0 0.990602 0.105197 -0.0874174 -0.447059 
r1 -0.115349 0.985976 -0.120606 0.00635955 
r2 0.073504 0.129556 0.988844 -0.12219 
r3 0 0 0 1 

Frame 96
r0 0.990671 0.105815 -0.0858761 -0.457643 
r1 -0.116192 0.985134 -0.12653 0.0111278 
r2 0.0712108 0.135327 0.988239 -0.122437 
r3 0 0 0 1 

Frame 97
r0 0.989285 0.11328 -0.0921026 -0.469521 
r1 -0.124315 0.984395 -0.124551 0.00852847 
r2 0.0765562 0.134666 0.987929 -0.121813 
r3 0 0 0 1 

Frame 98
r0 0.987965 0.115893 -0.102444 -0.477959 
r1 -0.128431 0.983717 -0.125724 0.00577931 
r2 0.0862051 0.137368 0.986762 -0.121441 
r3 0 0 0 1 

Frame 99
r0 0.987293 0.115871 -0.108751 -0.484329 
r1 -0.12971 0.98296 -0.130253 0.00567227 
r2 0.0918053 0.142704 0.985498 -0.121393 
r3 0 0 0 1 

Frame 100
r0 0.986494 0.116843 -0.114789 -0.490897 
r1 -0.132234 0.981682 -0.137169 0.00937306 
r2 0.0966595 0.150496 0.983874 -0.121369 
r3 0 0 0 1 

Frame 101
r0 0.985573 0.119268 -0.120084 -0.493545 
r1 -0.135343 0.981411 -0.136068 0.0104998 
r2 0.101624 0.150357 0.983395 -0.121674 
r3 0 0 0 1 

Frame 102
r0 0.985806 0.119889 -0.117525 -0.499561 
r1 -0.135414 0.981618 -0.134497 0.0109075 
r2 0.0992398 0.148503 0.98392 -0.122254 
r3 0 0 0 1 

Frame 103
r0 0.985955 0.124786 -0.111001 -0.512153 
r1 -0.139513 0.980744 -0.136667 0.0165983 
r2 0.0918099 0.150234 0.984379 -0.123827 
r3 0 0 0 1 

Frame 104
r0 0.985693 0.125214 -0.112834 -0.511016 
r1 -0.14042 0.980313 -0.138812 0.0181874 
r2 0.0932315 0.15267 0.98387 -0.1228 
r3 0 0 0 1 

Frame 105
r0 0.985537 0.126733 -0.112496 -0.517833 
r1 -0.141537 0.980659 -0.135189 0.0184271 
r2 0.0931872 0.149156 0.984413 -0.123712 
r3 0 0 0 1 

Frame 106
r0 0.98522 0.125228 -0.116874 -0.520964 
r1 -0.140343 0.981318 -0.131598 0.0148947 
r2 0.0982106 0.146056 0.984389 -0.123625 
r3 0 0 0 1 

Frame 107
r0 0.985158 0.125283 -0.117338 -0.522249 
r1 -0.141208 0.980169 -0.139032 0.0206502 
r2 0.0975928 0.153538 0.983312 -0.123538 
r3 0 0 0 1 

Frame 108
r0 0.985394 0.127977 -0.11234 -0.529384 
r1 -0.142929 0.980194 -0.137079 0.0221804 
r2 0.0925725 0.151134 0.984169 -0.125232 
r3 0 0 0 1 

Frame 109
r0 0.985083 0.129487 -0.113333 -0.535044 
r1 -0.144222 0.98053 -0.133274 0.019737 
r2 0.0938691 0.147631 0.984578 -0.125761 
r3 0 0 0 1 

Frame 110
r0 0.984519 0.131061 -0.116382 -0.537744 
r1 -0.146511 0.979817 -0.135992 0.0208316 
r2 0.0962098 0.150938 0.98385 -0.12593 
r3 0 0 0 1 

Frame 111
r0 0.984183 0.134582 -0.115202 -0.543184 
r1 -0.150161 0.978784 -0.139405 0.0241667 
r2 0.0939969 0.154499 0.983511 -0.126498 
r3 0 0 0 1 

Frame 112
r0 0.983141 0.140008 -0.11761 -0.549037 
r1 -0.155524 0.978539 -0.13518 0.0209803 
r2 0.0961602 0.151192 0.983816 -0.128009 
r3 0 0 0 1 

Frame 113
r0 0.982377 0.141165 -0.12251 -0.550925 
r1 -0.157243 0.978512 -0.133379 0.016811 
r2 0.101048 0.150293 0.983464 -0.128906 
r3 0 0 0 1 

Frame 114
r0 0.982538 0.140481 -0.122001 -0.555134 
r1 -0.157127 0.977649 -0.13969 0.0176836 
r2 0.0996503 0.15642 0.982651 -0.130641 
r3 0 0 0 1 

Frame 115
r0 0.982103 0.142995 -0.122582 -0.562094 
r1 -0.16011 0.976606 -0.143544 0.0187424 
r2 0.0991879 0.160602 0.982023 -0.132583 
r3 0 0 0 1 

Frame 116
r0 0.98063 0.147027 -0.129411 -0.56655 
r1 -0.165188 0.975831 -0.143062 0.0163666 
r2 0.10525 0.161668 0.981217 -0.134112 
r3 0 0 0 1 

Frame 117
r0 0.97965 0.147854 -0.13574 -0.568707 
r1 -0.167343 0.975084 -0.145629 0.0153792 
r2 0.110826 0.16538 0.979983 -0.135012 
r3 0 0 0 1 

Frame 118
r0 0.97906 0.150862 -0.136683 -0.573181 
r1 -0.171052 0.973693 -0.150542 0.0183564 
r2 0.110376 0.170769 0.979109 -0.136563 
r3 0 0 0 1 

Frame 119
r0 0.977827 0.154915 -0.140914 -0.581424 
r1 -0.176158 0.972327 -0.153456 0.0218326 
r2 0.113242 0.174877 0.978056 -0.137008 
r3 0 0 0 1 

Frame 120
r0 0.976082 0.156799 -0.150597 -0.585883 
r1 -0.179288 0.972347 -0.149653 0.0194375 
r2 0.122967 0.173074 0.977202 -0.138027 
r3 0 0 0 1 

Frame 121
r0 0.975204 0.155785 -0.157183 -0.590385 
r1 -0.179728 0.971935 -0.151793 0.0185676 
r2 0.129124 0.17628 0.975834 -0.138076 
r3 0 0 0 1 

Frame 122
r0 0.974454 0.154897 -0.162622 -0.596528 
r1 -0.180277 0.971315 -0.155071 0.0196259 
r2 0.133937 0.180427 0.974426 -0.139145 
r3 0 0 0 1 

Frame 123
r0 0.973239 0.15281 -0.171626 -0.599222 
r1 -0.180065 0.971138 -0.156424 0.0196321 
r2 0.142769 0.183142 0.972664 -0.139549 
r3 0 0 0 1 

Frame 124
r0 0.97193 0.153907 -0.177948 -0.599515 
r1 -0.182338 0.97073 -0.156324 0.0194243 
r2 0.14868 0.184382 0.971544 -0.139468 
r3 0 0 0 1 

Frame 125
r0 0.971324 0.154664 -0.180579 -0.605414 
r1 -0.183773 0.970272 -0.157481 0.0189606 
r2 0.150854 0.18615 0.970871 -0.13932 
r3 0 0 0 1 

Frame 126
r0 0.970692 0.153853 -0.184625 -0.609283 
r1 -0.184297 0.969598 -0.16098 0.0215005 
r2 0.154245 0.190287 0.969536 -0.140103 
r3 0 0 0 1 

Frame 127
r0 0.969752 0.154597 -0.188894 -0.610652 
r1 -0.18546 0.9698 -0.158404 0.0204986 
r2 0.158701 0.188645 0.969137 -0.140123 
r3 0 0 0 1 

Frame 128
r0 0.96949 0.154031 -0.190694 -0.612393 
r1 -0.185127 0.96998 -0.157695 0.0182506 
r2 0.160679 0.188186 0.9689 -0.138821 
r3 0 0 0 1 

Frame 129
r0 0.96978 0.155151 -0.188294 -0.616746 
r1 -0.186237 0.969308 -0.160494 0.0175962 
r2 0.157614 0.190712 0.96891 -0.139264 
r3 0 0 0 1 

Frame 130
r0 0.9694 0.157612 -0.188206 -0.618186 
r1 -0.189138 0.968272 -0.16333 0.0185463 
r2 0.156491 0.193929 0.968453 -0.139252 
r3 0 0 0 1 

Frame 131
r0 0.968562 0.165468 -0.185762 -0.622627 
r1 -0.196703 0.966539 -0.164654 0.0187728 
r2 0.152301 0.196018 0.968701 -0.139356 
r3 0 0 0 1 

Frame 132
r0 0.966209 0.175507 -0.188777 -0.632084 
r1 -0.207015 0.964723 -0.162648 0.0160416 
r2 0.153572 0.196231 0.968457 -0.138992 
r3 0 0 0 1 

Frame 133
r0 0.966299 0.174591 -0.189167 -0.632152 
r1 -0.205958 0.965183 -0.161255 0.0148684 
r2 0.154427 0.194781 0.968614 -0.13905 
r3 0 0 0 1 

Frame 134
r0 0.965271 0.177182 -0.191989 -0.634598 
r1 -0.209096 0.964527 -0.161139 0.0116251 
r2 0.156627 0.195687 0.968078 -0.139617 
r3 0 0 0 1 

Frame 135
r0 0.964716 0.18105 -0.191166 -0.638763 
r1 -0.213276 0.963102 -0.164157 0.0128832 
r2 0.154392 0.199136 0.967733 -0.140331 
r3 0 0 0 1 

Frame 136
r0 0.963719 0.186282 -0.191164 -0.644354 
r1 -0.218522 0.9619 -0.164305 0.0128182 
r2 0.153273 0.200118 0.967709 -0.139961 
r3 0 0 0 1 

Frame 137
r0 0.961818 0.191337 -0.195696 -0.649028 
r1 -0.224106 0.961037 -0.161819 0.00896961 
r2 0.157109 0.199497 0.967221 -0.140539 
r3 0 0 0 1 

Frame 138
r0 0.960354 0.192946 -0.201229 -0.653224 
r1 -0.227376 0.959743 -0.164904 0.00862207 
r2 0.16131 0.204121 0.965564 -0.140045 
r3 0 0 0 1 

Frame 139
r0 0.9583 0.196186 -0.207777 -0.658232 
r1 -0.232669 0.957807 -0.168731 0.0112258 
r2 0.165908 0.210038 0.963514 -0.140188 
r3 0 0 0 1 

Frame 140
r0 0.955171 0.201036 -0.217332 -0.658063 
r1 -0.239333 0.956444 -0.167136 0.0123417 
r2 0.174266 0.211658 0.961682 -0.139862 
r3 0 0 0 1 

Frame 141
r0 0.952885 0.208996 -0.219843 -0.659166 
r1 -0.247049 0.955248 -0.162689 0.012967 
r2 0.176003 0.209336 0.961874 -0.138771 
r3 0 0 0 1 

Frame 142
r0 0.95131 0.216745 -0.219161 -0.665757 
r1 -0.253656 0.95445 -0.15711 0.0134391 
r2 0.175126 0.205052 0.962956 -0.137824 
r3 0 0 0 1 

Frame 143
r0 0.949759 0.219947 -0.222668 -0.672504 
r1 -0.256598 0.954557 -0.15159 0.0123165 
r2 0.179207 0.20111 0.963036 -0.136779 
r3 0 0 0 1 

Frame 144
r0 0.947901 0.219255 -0.231108 -0.676517 
r1 -0.256821 0.955188 -0.147167 0.0107704 
r2 0.188485 0.198853 0.961733 -0.135311 
r3 0 0 0 1 

Frame 145
r0 0.946349 0.217153 -0.239309 -0.678074 
r1 -0.255909 0.955815 -0.144669 0.00898215 
r2 0.19732 0.198148 0.960105 -0.134152 
r3 0 0 0 1 

Frame 146
r0 0.942932 0.222277 -0.247936 -0.687547 
r1 -0.262633 0.954182 -0.143393 0.0120638 
r2 0.204703 0.200326 0.958105 -0.1321 
r3 0 0 0 1 

Frame 147
r0 0.942402 0.223069 -0.249234 -0.686366 
r1 -0.263046 0.954527 -0.140305 0.0094826 
r2 0.206603 0.197784 0.958226 -0.132349 
r3 0 0 0 1 

Frame 148
r0 0.94054 0.222614 -0.256568 -0.688547 
r1 -0.262779 0.955465 -0.134292 0.00305896 
r2 0.215246 0.193728 0.957151 -0.130133 
r3 0 0 0 1 

Frame 149
r0 0.938886 0.224194 -0.261209 -0.695122 
r1 -0.266563 0.953652 -0.139614 0.00473452 
r2 0.217802 0.20071 0.955132 -0.128477 
r3 0 0 0 1 

Frame 150
r0 0.938729 0.22322 -0.262604 -0.693589 
r1 -0.265872 0.953844 -0.139619 0.00458553 
r2 0.219318 0.200884 0.954749 -0.129158 
r3 0 0 0 1 

Frame 151
r0 0.937484 0.222437 -0.267666 -0.698656 
r1 -0.265577 0.954288 -0.137129 -0.000686624 
r2 0.224928 0.199642 0.953704 -0.1291 
r3 0 0 0 1 

Frame 152
r0 0.934563 0.224003 -0.276433 -0.699654 
r1 -0.270548 0.951991 -0.143239 0.000480522 
r2 0.231076 0.208654 0.950298 -0.127774 
r3 0 0 0 1 

Frame 153
r0 0.931406 0.232063 -0.280411 -0.700978 
r1 -0.280619 0.948471 -0.147157 0.00257425 
r2 0.231812 0.215751 0.948533 -0.127559 
r3 0 0 0 1 

Frame 154
r0 0.928114 0.245222 -0.280125 -0.706354 
r1 -0.293431 0.944917 -0.145019 0.00181284 
r2 0.229133 0.216792 0.948946 -0.127532 
r3 0 0 0 1 

Frame 155
r0 0.924672 0.253816 -0.28383 -0.714794 
r1 -0.303045 0.941882 -0.144989 0.00222724 
r2 0.230534 0.220081 0.94785 -0.12691 
r3 0 0 0 1 

Frame 156
r0 0.921152 0.255081 -0.293961 -0.720421 
r1 -0.306433 0.940982 -0.14371 0.000356203 
r2 0.239954 0.222457 0.944952 -0.126803 
r3 0 0 0 1 

Frame 157
r0 0.918258 0.252576 -0.304971 -0.723693 
r1 -0.307607 0.939979 -0.147709 0.00217844 
r2 0.249358 0.229446 0.940837 -0.126091 
r3 0 0 0 1 

Frame 158
r0 0.915704 0.25278 -0.312392 -0.727889 
r1 -0.309826 0.939168 -0.148229 0.00373713 
r2 0.255919 0.232521 0.938317 -0.127134 
r3 0 0 0 1 

Frame 159
r0 0.912294 0.256947 -0.3189 -0.733503 
r1 -0.315066 0.937819 -0.145699 0.0041911 
r2 0.261634 0.233395 0.936523 -0.128086 
r3 0 0 0 1 

Frame 160
r0 0.909665 0.258524 -0.325077 -0.739466 
r1 -0.318123 0.936874 -0.145136 0.00475023 
r2 0.267035 0.23544 0.934484 -0.128965 
r3 0 0 0 1 

Frame 161
r0 0.907434 0.257066 -0.332385 -0.745996 
r1 -0.319752 0.935664 -0.149303 0.00977547 
r2 0.27262 0.241763 0.931251 -0.129344 
r3 0 0 0 1 

Frame 162
r0 0.902923 0.260094 -0.342171 -0.750501 
r1 -0.325144 0.934008 -0.148026 0.0131617 
r2 0.281089 0.244911 0.927905 -0.13073 
r3 0 0 0 1 

Frame 163
r0 0.898131 0.266208 -0.349992 -0.7554 
r1 -0.331096 0.933175 -0.139859 0.0107856 
r2 0.289372 0.241493 0.926253 -0.132602 
r3 0 0 0 1 

Frame 164
r0 0.892144 0.271557 -0.36102 -0.764425 
r1 -0.338276 0.931246 -0.135464 0.0107465 
r2 0.299412 0.242978 0.922667 -0.135204 
r3 0 0 0 1 

Frame 165
r0 0.891826 0.271547 -0.361813 -0.762868 
r1 -0.337659 0.931835 -0.132929 0.00874609 
r2 0.301054 0.240719 0.922725 -0.136454 
r3 0 0 0 1 

Frame 166
r0 0.889634 0.272651 -0.36635 -0.771354 
r1 -0.339335 0.931535 -0.130749 0.00830854 
r2 0.305619 0.240634 0.921245 -0.13988 
r3 0 0 0 1 

Frame 167
r0 0.885174 0.269628 -0.379166 -0.774424 
r1 -0.339174 0.931811 -0.129192 0.00699577 
r2 0.318477 0.24296 0.916265 -0.140621 
r3 0 0 0 1 

Frame 168
r0 0.881263 0.269934 -0.387959 -0.773724 
r1 -0.343391 0.929705 -0.133157 0.00893387 
r2 0.324744 0.250568 0.912007 -0.13888 
r3 0 0 0 1 

Frame 169
r0 0.87913 0.275007 -0.389232 -0.775662 
r1 -0.349897 0.926958 -0.135356 0.0110548 
r2 0.323577 0.255187 0.911141 -0.141108 
r3 0 0 0 1 

Frame 170
r0 0.872764 0.279182 -0.400425 -0.78189 
r1 -0.356985 0.924522 -0.133493 0.0110936 
r2 0.332933 0.259453 0.906554 -0.141937 
r3 0 0 0 1 

Frame 171
r0 0.872642 0.27919 -0.400685 -0.780761 
r1 -0.357072 0.924489 -0.133489 0.0111678 
r2 0.33316 0.259562 0.906439 -0.143124 
r3 0 0 0 1 

Frame 172
r0 0.870936 0.278926 -0.404563 -0.782138 
r1 -0.358602 0.92365 -0.135183 0.0120999 
r2 0.335968 0.262813 0.904464 -0.143107 
r3 0 0 0 1 

Frame 173
r0 0.868332 0.28205 -0.40798 -0.786072 
r1 -0.363862 0.921241 -0.137548 0.0164098 
r2 0.337053 0.267885 0.90257 -0.144069 
r3 0 0 0 1 

Frame 174
r0 0.863463 0.286342 -0.415259 -0.78753 
r1 -0.369986 0.919094 -0.135565 0.0177747 
r2 0.342844 0.270695 0.899546 -0.143137 
r3 0 0 0 1 

Frame 175
r0 0.858648 0.29114 -0.421854 -0.784728 
r1 -0.376708 0.916559 -0.1342 0.0206479 
r2 0.347583 0.274147 0.896677 -0.140883 
r3 0 0 0 1 

Frame 176
r0 0.857924 0.297344 -0.41899 -0.789338 
r1 -0.38055 0.915663 -0.129397 0.0200539 
r2 0.345178 0.270459 0.898723 -0.143599 
r3 0 0 0 1 

Frame 177
r0 0.848624 0.296943 -0.437793 -0.791928 
r1 -0.38429 0.914788 -0.124438 0.023758 
r2 0.363537 0.273841 0.890423 -0.143522 
r3 0 0 0 1 

Frame 178
r0 0.848474 0.296957 -0.438073 -0.791299 
r1 -0.38571 0.913747 -0.127652 0.0266622 
r2 0.36238 0.277279 0.88983 -0.142444 
r3 0 0 0 1 

Frame 179
r0 0.841594 0.3076 -0.443961 -0.795213 
r1 -0.396119 0.910298 -0.120198 0.0290737 
r2 0.367164 0.277019 0.887947 -0.143808 
r3 0 0 0 1 

Frame 180
r0 0.838011 0.31231 -0.447437 -0.797762 
r1 -0.400292 0.909124 -0.115147 0.0299087 
r2 0.370814 0.2756 0.886872 -0.144571 
r3 0 0 0 1 

Frame 181
r0 0.837166 0.313617 -0.448104 -0.797177 
r1 -0.401332 0.908847 -0.113706 0.0283795 
r2 0.371598 0.275029 0.886721 -0.144757 
r3 0 0 0 1 

Frame 182
r0 0.832325 0.316637 -0.454946 -0.799412 
r1 -0.404963 0.907805 -0.109061 0.0282508 
r2 0.378469 0.275011 0.883816 -0.14496 
r3 0 0 0 1 

Frame 183
r0 0.828759 0.315869 -0.461937 -0.800379 
r1 -0.406144 0.907381 -0.1082 0.0300318 
r2 0.384976 0.277285 0.880288 -0.145052 
r3 0 0 0 1 

Frame 184
r0 0.824253 0.316743 -0.46934 -0.800821 
r1 -0.409178 0.906151 -0.107063 0.0322068 
r2 0.391382 0.280291 0.876503 -0.144363 
r3 0 0 0 1 

Frame 185
r0 0.819902 0.318428 -0.475778 -0.800194 
r1 -0.412127 0.905121 -0.104436 0.0333291 
r2 0.397381 0.281709 0.873343 -0.144317 
r3 0 0 0 1 

Frame 186
r0 0.814819 0.324283 -0.480532 -0.801017 
r1 -0.418926 0.902339 -0.10142 0.0342564 
r2 0.400714 0.283946 0.871093 -0.143927 
r3 0 0 0 1 

Frame 187
r0 0.810959 0.328536 -0.484159 -0.803185 
r1 -0.422963 0.900928 -0.0971136 0.0341279 
r2 0.404287 0.283536 0.869574 -0.144646 
r3 0 0 0 1 

Frame 188
r0 0.807377 0.330525 -0.488769 -0.806705 
r1 -0.425591 0.899976 -0.0944175 0.0346382 
r2 0.408673 0.284247 0.867289 -0.144675 
r3 0 0 0 1 

Frame 189
r0 0.804375 0.32809 -0.495315 -0.806968 
r1 -0.425513 0.899963 -0.0948946 0.0375232 
r2 0.414631 0.287094 0.863515 -0.14394 
r3 0 0 0 1 

Frame 190
r0 0.800509 0.331237 -0.499468 -0.808136 
r1 -0.428079 0.899278 -0.0897087 0.0369144 
r2 0.419446 0.285624 0.861675 -0.143611 
r3 0 0 0 1 

Frame 191
r0 0.797321 0.331342 -0.504472 -0.808709 
r1 -0.428961 0.89908 -0.0874491 0.0367418 
r2 0.424585 0.286124 0.858988 -0.143613 
r3 0 0 0 1 

Frame 192
r0 0.794117 0.332315 -0.508866 -0.809307 
r1 -0.430276 0.898728 -0.0845573 0.0350238 
r2 0.429232 0.286101 0.856683 -0.143374 
r3 0 0 0 1 

Frame 193
r0 0.791441 0.334244 -0.511763 -0.811154 
r1 -0.433102 0.897455 -0.0836444 0.0343032 
r2 0.431327 0.287845 0.855045 -0.144252 
r3 0 0 0 1 

Frame 194
r0 0.788733 0.335736 -0.514958 -0.812828 
r1 -0.436715 0.895575 -0.0850062 0.0343986 
r2 0.432644 0.291937 0.85299 -0.145333 
r3 0 0 0 1 

Frame 195
r0 0.78536 0.337829 -0.518731 -0.814868 
r1 -0.440544 0.893703 -0.0849511 0.0353687 
r2 0.434892 0.295241 0.850707 -0.146317 
r3 0 0 0 1 

Frame 196
r0 0.781362 0.338027 -0.524606 -0.817436 
r1 -0.442791 0.89265 -0.0843304 0.0352744 
r2 0.439784 0.298183 0.847158 -0.145681 
r3 0 0 0 1 

Frame 197
r0 0.777244 0.336398 -0.531722 -0.816139 
r1 -0.444592 0.891615 -0.0857944 0.0373777 
r2 0.44523 0.303082 0.842562 -0.144939 
r3 0 0 0 1 

Frame 198
r0 0.77449 0.337183 -0.535231 -0.820268 
r1 -0.445777 0.891232 -0.0835941 0.0379578 
r2 0.448828 0.303337 0.84056 -0.146817 
r3 0 0 0 1 

Frame 199
r0 0.769626 0.333674 -0.544369 -0.821618 
r1 -0.444369 0.892138 -0.0814064 0.0361849 
r2 0.458489 0.304553 0.834886 -0.146434 
r3 0 0 0 1 

Frame 200
r0 0.763635 0.332296 -0.553572 -0.817838 
r1 -0.44817 0.889994 -0.0839936 0.0382986 
r2 0.464764 0.312234 0.828555 -0.144583 
r3 0 0 0 1 

Frame 201
r0 0.759653 0.336206 -0.556681 -0.817027 
r1 -0.45402 0.887039 -0.0838362 0.038838 
r2 0.465611 0.31643 0.826485 -0.145075 
r3 0 0 0 1 

Frame 202
r0 0.757092 0.338597 -0.558716 -0.818588 
r1 -0.458081 0.884889 -0.0844599 0.0413118 
r2 0.465804 0.319881 0.825047 -0.146489 
r3 0 0 0 1 

Frame 203
r0 0.754263 0.33987 -0.561762 -0.820737 
r1 -0.460154 0.883947 -0.0830424 0.0420713 
r2 0.468344 0.321133 0.82312 -0.148399 
r3 0 0 0 1 

Frame 204
r0 0.74958 0.338655 -0.56872 -0.820971 
r1 -0.461378 0.8834 -0.0820655 0.0424521 
r2 0.474616 0.32391 0.818427 -0.148217 
r3 0 0 0 1 

Frame 205
r0 0.745272 0.338539 -0.574423 -0.819547 
r1 -0.464197 0.88188 -0.0825219 0.0444405 
r2 0.478635 0.328147 0.814388 -0.147588 
r3 0 0 0 1 

Frame 206
r0 0.741339 0.341133 -0.577967 -0.819851 
r1 -0.468185 0.879893 -0.0811871 0.0469527 
r2 0.480853 0.330783 0.812012 -0.147137 
r3 0 0 0 1 

Frame 207
r0 0.73394 0.34283 -0.586344 -0.821564 
r1 -0.472683 0.877732 -0.078467 0.0495854 
r2 0.487752 0.334745 0.806253 -0.147187 
r3 0 0 0 1 

Frame 208
r0 0.733528 0.343216 -0.586634 -0.82056 
r1 -0.471885 0.878366 -0.0761484 0.0477041 
r2 0.489143 0.33268 0.806265 -0.147886 
r3 0 0 0 1 

Frame 209
r0 0.73075 0.346131 -0.588385 -0.821786 
r1 -0.47543 0.876568 -0.0748034 0.0490418 
r2 0.489868 0.334399 0.805113 -0.149107 
r3 0 0 0 1 

Frame 210
r0 0.727654 0.348139 -0.591032 -0.823304 
r1 -0.477145 0.875912 -0.0714974 0.0491 
r2 0.492801 0.334033 0.803473 -0.150467 
r3 0 0 0 1 

Frame 211
r0 0.724757 0.350964 -0.592918 -0.826891 
r1 -0.480898 0.873936 -0.0705217 0.0507744 
r2 0.493422 0.336244 0.802169 -0.153645 
r3 0 0 0 1 

Frame 212
r0 0.719682 0.353323 -0.597679 -0.827764 
r1 -0.484585 0.872101 -0.0679522 0.0502933 
r2 0.497227 0.33853 0.798851 -0.154976 
r3 0 0 0 1 

Frame 213
r0 0.715742 0.354546 -0.601673 -0.828972 
r1 -0.487866 0.870304 -0.0675178 0.0517298 
r2 0.4997 0.341861 0.795884 -0.156211 
r3 0 0 0 1 

Frame 214
r0 0.711685 0.354883 -0.606269 -0.830067 
r1 -0.490487 0.868855 -0.0671831 0.0536541 
r2 0.502918 0.34518 0.792417 -0.15712 
r3 0 0 0 1 

Frame 215
r0 0.707117 0.355106 -0.611462 -0.828789 
r1 -0.49215 0.86808 -0.0650026 0.0535548 
r2 0.507715 0.346895 0.7886 -0.156707 
r3 0 0 0 1 

Frame 216
r0 0.704604 0.355163 -0.614323 -0.827763 
r1 -0.493562 0.867303 -0.0646755 0.0541017 
r2 0.509834 0.348777 0.7864 -0.157713 
r3 0 0 0 1 

Frame 217
r0 0.703269 0.357318 -0.614602 -0.828842 
r1 -0.495926 0.866004 -0.0639941 0.0552377 
r2 0.509381 0.349802 0.786237 -0.159389 
r3 0 0 0 1 

Frame 218
r0 0.700525 0.359524 -0.616448 -0.829924 
r1 -0.497956 0.865028 -0.0613709 0.0551687 
r2 0.51118 0.349956 0.785 -0.160489 
r3 0 0 0 1 

Frame 219
r0 0.697663 0.359416 -0.619747 -0.8297 
r1 -0.498682 0.864713 -0.0598968 0.0549623 
r2 0.514375 0.350845 0.782512 -0.160746 
r3 0 0 0 1 

Frame 220
r0 0.696084 0.358926 -0.621803 -0.829508 
r1 -0.499379 0.864294 -0.0601364 0.0557612 
r2 0.515836 0.352376 0.780861 -0.160936 
r3 0 0 0 1 

Frame 221
r0 0.694414 0.361085 -0.62242 -0.830179 
r1 -0.501479 0.863174 -0.0587297 0.0558945 
r2 0.516051 0.352914 0.780477 -0.162314 
r3 0 0 0 1 

Frame 222
r0 0.691554 0.360896 -0.625705 -0.8286 
r1 -0.502872 0.862387 -0.0583845 0.0560281 
r2 0.518529 0.355026 0.777871 -0.160822 
r3 0 0 0 1 

Frame 223
r0 0.691338 0.362053 -0.625275 -0.827575 
r1 -0.505059 0.861005 -0.0598728 0.0572028 
r2 0.516688 0.357193 0.778104 -0.161269 
r3 0 0 0 1 

Frame 223
r0 0.691338 0.362053 -0.625275 -0.827575 
r1 -0.505059 0.861005 -0.0598728 0.0572028 
r2 0.516688 0.357193 0.778104 -0.161269 
r3 0 0 0 1 

Frame 223
r0 0.691338 0.362053 -0.625275 -0.827575 
r1 -0.505059 0.861005 -0.0598728 0.0572028 
r2 0.516688 0.357193 0.778104 -0.161269 
r3 0 0 0 1 

Frame 223
r0 0.691338 0.362053 -0.625275 -0.827575 
r1 -0.505059 0.861005 -0.0598728 0.0572028 
r2 0.516688 0.357193 0.778104 -0.161269 
r3 0 0 0 1 

Frame 223
r0 0.691338 0.362053 -0.625275 -0.827575 
r1 -0.505059 0.861005 -0.0598728 0.0572028 
r2 0.516688 0.357193 0.778104 -0.161269 
r3 0 0 0 1 

Frame 223
r0 0.691338 0.362053 -0.625275 -0.827575 
r1 -0.505059 0.861005 -0.0598728 0.0572028 
r2 0.516688 0.357193 0.778104 -0.161269 
r3 0 0 0 1 

Frame 223
r0 0.691338 0.362053 -0.625275 -0.827575 
r1 -0.505059 0.861005 -0.0598728 0.0572028 
r2 0.516688 0.357193 0.778104 -0.161269 
r3 0 0 0 1 

Frame 223
r0 0.691338 0.362053 -0.625275 -0.827575 
r1 -0.505059 0.861005 -0.0598728 0.0572028 
r2 0.516688 0.357193 0.778104 -0.161269 
r3 0 0 0 1 

Frame 223
r0 0.691338 0.362053 -0.625275 -0.827575 
r1 -0.505059 0.861005 -0.0598728 0.0572028 
r2 0.516688 0.357193 0.778104 -0.161269 
r3 0 0 0 1 

Frame 223
r0 0.691338 0.362053 -0.625275 -0.827575 
r1 -0.505059 0.861005 -0.0598728 0.0572028 
r2 0.516688 0.357193 0.778104 -0.161269 
r3 0 0 0 1 

Frame 223
r0 0.691338 0.362053 -0.625275 -0.827575 
r1 -0.505059 0.861005 -0.0598728 0.0572028 
r2 0.516688 0.357193 0.778104 -0.161269 
r3 0 0 0 1 

Frame 223
r0 0.691338 0.362053 -0.625275 -0.827575 
r1 -0.505059 0.861005 -0.0598728 0.0572028 
r2 0.516688 0.357193 0.778104 -0.161269 
r3 0 0 0 1 

Frame 223
r0 0.691338 0.362053 -0.625275 -0.827575 
r1 -0.505059 0.861005 -0.0598728 0.0572028 
r2 0.516688 0.357193 0.778104 -0.161269 
r3 0 0 0 1 

Frame 223
r0 0.691338 0.362053 -0.625275 -0.827575 
r1 -0.505059 0.861005 -0.0598728 0.0572028 
r2 0.516688 0.357193 0.778104 -0.161269 
r3 0 0 0 1 

Frame 223
r0 0.691338 0.362053 -0.625275 -0.827575 
r1 -0.505059 0.861005 -0.0598728 0.0572028 
r2 0.516688 0.357193 0.778104 -0.161269 
r3 0 0 0 1 

Frame 223
r0 0.691338 0.362053 -0.625275 -0.827575 
r1 -0.505059 0.861005 -0.0598728 0.0572028 
r2 0.516688 0.357193 0.778104 -0.161269 
r3 0 0 0 1 

Frame 223
r0 0.691338 0.362053 -0.625275 -0.827575 
r1 -0.505059 0.861005 -0.0598728 0.0572028 
r2 0.516688 0.357193 0.778104 -0.161269 
r3 0 0 0 1 

Frame 223
r0 0.691338 0.362053 -0.625275 -0.827575 
r1 -0.505059 0.861005 -0.0598728 0.0572028 
r2 0.516688 0.357193 0.778104 -0.161269 
r3 0 0 0 1 

Frame 223
r0 0.691338 0.362053 -0.625275 -0.827575 
r1 -0.505059 0.861005 -0.0598728 0.0572028 
r2 0.516688 0.357193 0.778104 -0.161269 
r3 0 0 0 1 

Frame 223
r0 0.691338 0.362053 -0.625275 -0.827575 
r1 -0.505059 0.861005 -0.0598728 0.0572028 
r2 0.516688 0.357193 0.778104 -0.161269 
r3 0 0 0 1 

Frame 223
r0 0.691338 0.362053 -0.625275 -0.827575 
r1 -0.505059 0.861005 -0.0598728 0.0572028 
r2 0.516688 0.357193 0.778104 -0.161269 
r3 0 0 0 1 

Frame 223
r0 0.691338 0.362053 -0.625275 -0.827575 
r1 -0.505059 0.861005 -0.0598728 0.0572028 
r2 0.516688 0.357193 0.778104 -0.161269 
r3 0 0 0 1 

Frame 223
r0 0.691338 0.362053 -0.625275 -0.827575 
r1 -0.505059 0.861005 -0.0598728 0.0572028 
r2 0.516688 0.357193 0.778104 -0.161269 
r3 0 0 0 1 

Frame 223
r0 0.691338 0.362053 -0.625275 -0.827575 
r1 -0.505059 0.861005 -0.0598728 0.0572028 
r2 0.516688 0.357193 0.778104 -0.161269 
r3 0 0 0 1 

Frame 223
r0 0.691338 0.362053 -0.625275 -0.827575 
r1 -0.505059 0.861005 -0.0598728 0.0572028 
r2 0.516688 0.357193 0.778104 -0.161269 
r3 0 0 0 1 

Frame 223
r0 0.691338 0.362053 -0.625275 -0.827575 
r1 -0.505059 0.861005 -0.0598728 0.0572028 
r2 0.516688 0.357193 0.778104 -0.161269 
r3 0 0 0 1 

Frame 223
r0 0.691338 0.362053 -0.625275 -0.827575 
r1 -0.505059 0.861005 -0.0598728 0.0572028 
r2 0.516688 0.357193 0.778104 -0.161269 
r3 0 0 0 1 

Frame 223
r0 0.691338 0.362053 -0.625275 -0.827575 
r1 -0.505059 0.861005 -0.0598728 0.0572028 
r2 0.516688 0.357193 0.778104 -0.161269 
r3 0 0 0 1 

Frame 223
r0 0.691338 0.362053 -0.625275 -0.827575 
r1 -0.505059 0.861005 -0.0598728 0.0572028 
r2 0.516688 0.357193 0.778104 -0.161269 
r3 0 0 0 1 

Frame 223
r0 0.691338 0.362053 -0.625275 -0.827575 
r1 -0.505059 0.861005 -0.0598728 0.0572028 
r2 0.516688 0.357193 0.778104 -0.161269 
r3 0 0 0 1 

Frame 223
r0 0.691338 0.362053 -0.625275 -0.827575 
r1 -0.505059 0.861005 -0.0598728 0.0572028 
r2 0.516688 0.357193 0.778104 -0.161269 
r3 0 0 0 1 

Frame 223
r0 0.691338 0.362053 -0.625275 -0.827575 
r1 -0.505059 0.861005 -0.0598728 0.0572028 
r2 0.516688 0.357193 0.778104 -0.161269 
r3 0 0 0 1 

Frame 223
r0 0.691338 0.362053 -0.625275 -0.827575 
r1 -0.505059 0.861005 -0.0598728 0.0572028 
r2 0.516688 0.357193 0.778104 -0.161269 
r3 0 0 0 1 

Frame 223
r0 0.691338 0.362053 -0.625275 -0.827575 
r1 -0.505059 0.861005 -0.0598728 0.0572028 
r2 0.516688 0.357193 0.778104 -0.161269 
r3 0 0 0 1 

Frame 223
r0 0.691338 0.362053 -0.625275 -0.827575 
r1 -0.505059 0.861005 -0.0598728 0.0572028 
r2 0.516688 0.357193 0.778104 -0.161269 
r3 0 0 0 1 

Frame 223
r0 0.691338 0.362053 -0.625275 -0.827575 
r1 -0.505059 0.861005 -0.0598728 0.0572028 
r2 0.516688 0.357193 0.778104 -0.161269 
r3 0 0 0 1 

Frame 223
r0 0.691338 0.362053 -0.625275 -0.827575 
r1 -0.505059 0.861005 -0.0598728 0.0572028 
r2 0.516688 0.357193 0.778104 -0.161269 
r3 0 0 0 1 

Frame 223
r0 0.691338 0.362053 -0.625275 -0.827575 
r1 -0.505059 0.861005 -0.0598728 0.0572028 
r2 0.516688 0.357193 0.778104 -0.161269 
r3 0 0 0 1 

Frame 223
r0 0.691338 0.362053 -0.625275 -0.827575 
r1 -0.505059 0.861005 -0.0598728 0.0572028 
r2 0.516688 0.357193 0.778104 -0.161269 
r3 0 0 0 1 

Frame 223
r0 0.691338 0.362053 -0.625275 -0.827575 
r1 -0.505059 0.861005 -0.0598728 0.0572028 
r2 0.516688 0.357193 0.778104 -0.161269 
r3 0 0 0 1 

Frame 223
r0 0.691338 0.362053 -0.625275 -0.827575 
r1 -0.505059 0.861005 -0.0598728 0.0572028 
r2 0.516688 0.357193 0.778104 -0.161269 
r3 0 0 0 1 

Frame 223
r0 0.691338 0.362053 -0.625275 -0.827575 
r1 -0.505059 0.861005 -0.0598728 0.0572028 
r2 0.516688 0.357193 0.778104 -0.161269 
r3 0 0 0 1 

Frame 223
r0 0.691338 0.362053 -0.625275 -0.827575 
r1 -0.505059 0.861005 -0.0598728 0.0572028 
