Frame 1
r0 1 0 0 0 
r1 0 1 0 0 
r2 0 0 1 0 
r3 0 0 0 1 

Frame 2
r0 0.999959 0.00709186 0.00561581 0.00564609 
r1 -0.00705422 0.999953 -0.00670091 0.0042975 
r2 -0.00566307 0.00666102 0.999962 -0.00182566 
r3 0 0 0 1 

Frame 3
r0 0.999959 0.00709203 0.00561634 0.00564572 
r1 -0.00705445 0.999953 -0.00669971 0.00429647 
r2 -0.00566359 0.00665982 0.999962 -0.00182642 
r3 0 0 0 1 

Frame 4
r0 0.999923 0.00925187 0.00825152 0.00541292 
r1 -0.00918127 0.999921 -0.00856738 0.00469981 
r2 -0.00833013 0.00849096 0.999929 -0.00266746 
r3 0 0 0 1 

Frame 5
r0 0.999891 0.0112128 0.00961959 0.00526505 
r1 -0.0111268 0.999898 -0.00893483 0.00423951 
r2 -0.00971881 0.00882682 0.999914 -0.0042876 
r3 0 0 0 1 

Frame 6
r0 0.999857 0.0130761 0.0107507 0.00504984 
r1 -0.0129706 0.999867 -0.0098472 0.00341224 
r2 -0.010878 0.0097063 0.999894 -0.00612178 
r3 0 0 0 1 

Frame 7
r0 0.999841 0.0161785 0.00750144 0.00589615 
r1 -0.0160805 0.999787 -0.0129473 0.0016165 
r2 -0.00770932 0.0128247 0.999888 -0.00872811 
r3 0 0 0 1 

Frame 8
r0 0.999757 0.0220494 0.000827712 0.012657 
r1 -0.0220277 0.999545 -0.0206015 0.00373543 
r2 -0.00128159 0.0205782 0.999787 -0.011838 
r3 0 0 0 1 

Frame 9
r0 0.999658 0.0259684 0.00318744 0.0195844 
r1 -0.0258698 0.999277 -0.0278467 0.00660929 
r2 -0.00390827 0.0277547 0.999607 -0.0148452 
r3 0 0 0 1 

Frame 10
r0 0.999564 0.0258562 0.0142721 0.01465 
r1 -0.0254227 0.999234 -0.0297644 0.00538086 
r2 -0.0150307 0.0293885 0.999455 -0.0164304 
r3 0 0 0 1 

Frame 11
r0 0.99968 0.0236375 0.00902185 0.0171728 
r1 -0.0232753 0.998993 -0.0383506 0.00989314 
r2 -0.00991928 0.0381284 0.999224 -0.0184514 
r3 0 0 0 1 

Frame 12
r0 0.999728 0.0233197 -0.000229561 0.0269437 
r1 -0.0233055 0.998664 -0.0461255 0.0173387 
r2 -0.000846382 0.0461184 0.998936 -0.0200785 
r3 0 0 0 1 

Frame 13
r0 0.999699 0.0238758 0.00572544 0.0299813 
r1 -0.0236173 0.998855 -0.041613 0.0176381 
r2 -0.00671242 0.0414652 0.999117 -0.0208908 
r3 0 0 0 1 

Frame 14
r0 0.999635 0.0256844 0.00841414 0.0283636 
r1 -0.0253368 0.998914 -0.039086 0.0189136 
r2 -0.00940891 0.0388586 0.999201 -0.0209814 
r3 0 0 0 1 

Frame 15
r0 0.999702 0.0243118 0.00233571 0.0351159 
r1 -0.024221 0.999157 -0.0331679 0.0196695 
r2 -0.00314011 0.0331014 0.999447 -0.0220082 
r3 0 0 0 1 

Frame 16
r0 0.999806 0.0196637 0.000962528 0.0418095 
r1 -0.0196337 0.999498 -0.0248515 0.0183294 
r2 -0.00145072 0.0248278 0.999691 -0.022193 
r3 0 0 0 1 

Frame 17
r0 0.999874 0.0154423 0.00374161 0.0407798 
r1 -0.0153862 0.999776 -0.0145247 0.0116041 
r2 -0.00396506 0.0144653 0.999887 -0.0234852 
r3 0 0 0 1 

Frame 18
r0 0.999878 0.0145837 -0.0055185 0.0472814 
r1 -0.0146567 0.999803 -0.0134005 0.00945656 
r2 0.00532198 0.0134797 0.999895 -0.0251254 
r3 0 0 0 1 

Frame 19
r0 0.999808 0.0141951 -0.0135037 0.0614927 
r1 -0.0143989 0.999782 -0.0150967 0.00899903 
r2 0.0132865 0.0152883 0.999795 -0.0270734 
r3 0 0 0 1 

Frame 20
r0 0.999907 0.0120322 -0.00642339 0.0623616 
r1 -0.0121248 0.99982 -0.0145793 0.00433691 
r2 0.00624683 0.0146558 0.999873 -0.0289256 
r3 0 0 0 1 

Frame 21
r0 0.999889 0.0123081 -0.00842342 0.0668406 
r1 -0.0124731 0.999726 -0.0198205 0.00300062 
r2 0.00817715 0.0199234 0.999768 -0.0319377 
r3 0 0 0 1 

Frame 22
r0 0.999804 0.014949 -0.0129895 0.0771437 
r1 -0.015311 0.999484 -0.0282292 0.00471583 
r2 0.0125608 0.0284226 0.999517 -0.0347813 
r3 0 0 0 1 

Frame 23
r0 0.999809 0.0168893 -0.00985806 0.0808324 
r1 -0.0172255 0.999237 -0.035061 0.00696495 
r2 0.00925837 0.0352241 0.999336 -0.0373415 
r3 0 0 0 1 

Frame 24
r0 0.999756 0.0202988 -0.00868017 0.0849748 
r1 -0.0206229 0.999025 -0.039043 0.00698402 
r2 0.00787918 0.0392124 0.9992 -0.0397179 
r3 0 0 0 1 

Frame 25
r0 0.999642 0.0254453 -0.0083057 0.0896854 
r1 -0.0257813 0.998732 -0.0432346 0.00750096 
r2 0.00719506 0.0434333 0.99903 -0.0421727 
r3 0 0 0 1 

Frame 26
r0 0.999498 0.0309239 -0.00696193 0.0975786 
r1 -0.0312171 0.998411 -0.0469012 0.00803772 
r2 0.0055005 0.047095 0.998875 -0.0443951 
r3 0 0 0 1 

Frame 27
r0 0.999448 0.0331968 0.00137112 0.0976071 
r1 -0.0330944 0.998325 -0.0474547 0.00509834 
r2 -0.00294415 0.0473831 0.998872 -0.0464103 
r3 0 0 0 1 

Frame 28
r0 0.999352 0.0358346 0.00329791 0.100325 
r1 -0.0356158 0.99802 -0.0518351 0.00253603 
r2 -0.00514886 0.0516839 0.99865 -0.0485353 
r3 0 0 0 1 

Frame 29
r0 0.999293 0.0375091 0.00252304 0.10428 
r1 -0.0372838 0.997419 -0.0613657 0.00461953 
r2 -0.00481829 0.0612282 0.998112 -0.0512774 
r3 0 0 0 1 

Frame 30
r0 0.999294 0.0371859 0.00534291 0.112094 
r1 -0.036722 0.996876 -0.0699281 0.00605206 
r2 -0.00792656 0.0696825 0.997538 -0.0531413 
r3 0 0 0 1 

Frame 31
r0 0.999344 0.0340124 0.0124319 0.114921 
r1 -0.0329793 0.996598 -0.0755259 0.0052954 
r2 -0.0149584 0.0750664 0.997066 -0.0554421 
r3 0 0 0 1 

Frame 32
r0 0.999407 0.0318425 0.0130996 0.121404 
r1 -0.030643 0.996049 -0.0833506 0.00616907 
r2 -0.0157019 0.0828997 0.996434 -0.057555 
r3 0 0 0 1 

Frame 33
r0 0.999423 0.0309635 0.013987 0.12661 
r1 -0.0295589 0.995375 -0.0914025 0.00907294 
r2 -0.0167525 0.0909363 0.995716 -0.060131 
r3 0 0 0 1 

Frame 34
r0 0.999299 0.0304893 0.021738 0.128733 
r1 -0.0282878 0.995052 -0.0952481 0.00911397 
r2 -0.0245345 0.0945664 0.995216 -0.0619582 
r3 0 0 0 1 

Frame 35
r0 0.99927 0.027266 0.0267356 0.131877 
r1 -0.0244743 0.994716 -0.0997037 0.0102985 
r2 -0.0293128 0.0989766 0.994658 -0.0637859 
r3 0 0 0 1 

Frame 36
r0 0.99929 0.022797 0.0300115 0.134531 
r1 -0.0195714 0.994416 -0.103701 0.0124673 
r2 -0.032208 0.10304 0.994156 -0.065613 
r3 0 0 0 1 

Frame 37
r0 0.999018 0.0160578 0.0413025 0.139074 
r1 -0.0115657 0.994215 -0.106781 0.0134568 
r2 -0.0427783 0.106199 0.993424 -0.0676286 
r3 0 0 0 1 

Frame 38
r0 0.998987 0.0160511 0.0420341 0.138275 
r1 -0.0114637 0.994173 -0.107188 0.0140565 
r2 -0.0435096 0.106598 0.99335 -0.0688547 
r3 0 0 0 1 

Frame 39
r0 0.998927 0.0118154 0.0447777 0.142427 
r1 -0.00688127 0.994041 -0.108788 0.0150225 
r2 -0.0457963 0.108364 0.993056 -0.0698526 
r3 0 0 0 1 

Frame 40
r0 0.998694 0.00689121 0.05062 0.144134 
r1 -0.00140666 0.994194 -0.107589 0.0133655 
r2 -0.0510675 0.107378 0.992906 -0.0711331 
r3 0 0 0 1 

Frame 41
r0 0.998524 0.00384703 0.0541748 0.145266 
r1 0.00206274 0.994082 -0.108617 0.0132443 
r2 -0.054272 0.108568 0.992607 -0.0722738 
r3 0 0 0 1 

Frame 42
r0 0.998361 0.00106737 0.0572179 0.147531 
r1 0.00528309 0.993837 -0.110723 0.0141602 
r2 -0.0569834 0.110844 0.992203 -0.0738646 
r3 0 0 0 1 

Frame 43
r0 0.998179 -0.00143349 0.060304 0.148999 
r1 0.00816202 0.993733 -0.111479 0.0144479 
r2 -0.0597663 0.111768 0.991935 -0.0750486 
r3 0 0 0 1 

Frame 44
r0 0.99818 -0.0023699 0.0602542 0.15415 
r1 0.00933142 0.993261 -0.115519 0.0181837 
r2 -0.0595744 0.11587 0.991476 -0.0765116 
r3 0 0 0 1 

Frame 45
r0 0.997926 -0.00397426 0.064248 0.157684 
r1 0.0114548 0.993126 -0.116489 0.0200382 
r2 -0.0633434 0.116983 0.991112 -0.0774867 
r3 0 0 0 1 

Frame 46
r0 0.997615 -0.00728822 0.068634 0.159668 
r1 0.0152419 0.993122 -0.116085 0.0195706 
r2 -0.0673159 0.116855 0.990865 -0.078547 
r3 0 0 0 1 

Frame 47
r0 0.997226 -0.00982495 0.0737816 0.161557 
r1 0.0184158 0.992999 -0.116676 0.019576 
r2 -0.0721188 0.117711 0.990426 -0.0792226 
r3 0 0 0 1 

Frame 48
r0 0.996767 -0.0140203 0.079114 0.163216 
r1 0.0232848 0.992809 -0.117421 0.0199104 
r2 -0.0768988 0.118883 0.989926 -0.0802897 
r3 0 0 0 1 

Frame 49
r0 0.996362 -0.0178042 0.0833403 0.165147 
r1 0.0276023 0.992638 -0.117932 0.0207613 
r2 -0.080627 0.119804 0.989518 -0.080804 
r3 0 0 0 1 

Frame 50
r0 0.995954 -0.0215014 0.0872592 0.165457 
r1 0.0317458 0.992533 -0.11777 0.0214579 
r2 -0.0840755 0.120064 0.9892 -0.0816205 
r3 0 0 0 1 

Frame 51
r0 0.995761 -0.0248768 0.0885519 0.166588 
r1 0.0351557 0.992571 -0.116476 0.0209547 
r2 -0.0849964 0.119096 0.989238 -0.0831933 
r3 0 0 0 1 

Frame 52
r0 0.995827 -0.0263272 0.0873842 0.168231 
r1 0.0365651 0.992375 -0.11771 0.0223857 
r2 -0.0836189 0.120414 0.989196 -0.0845248 
r3 0 0 0 1 

Frame 53
r0 0.995993 -0.0276571 0.0850529 0.172535 
r1 0.0377412 0.992136 -0.119342 0.0241422 
r2 -0.0810833 0.122074 0.989203 -0.0856697 
r3 0 0 0 1 

Frame 54
r0 0.995832 -0.0307509 0.0858618 0.175845 
r1 0.0408602 0.992103 -0.118581 0.0242886 
r2 -0.0815373 0.121595 0.989225 -0.0865198 
r3 0 0 0 1 

Frame 55
r0 0.995294 -0.0362497 0.0898664 0.177226 
r1 0.0467084 0.992014 -0.117158 0.0225178 
r2 -0.0849019 0.120804 0.989039 -0.0874213 
r3 0 0 0 1 

Frame 56
r0 0.994714 -0.0413236 0.0940013 0.17936 
r1 0.0524128 0.991541 -0.11874 0.0208428 
r2 -0.0882994 0.123039 0.988466 -0.0884826 
r3 0 0 0 1 

Frame 57
r0 0.994155 -0.0467989 0.097295 0.18266 
r1 0.0587592 0.990548 -0.123946 0.0224611 
r2 -0.0905748 0.128939 0.987507 -0.0896823 
r3 0 0 0 1 

Frame 58
r0 0.991779 -0.0615269 0.112201 0.186644 
r1 0.0759696 0.988683 -0.129361 0.0243703 
r2 -0.102972 0.136821 0.985229 -0.091289 
r3 0 0 0 1 

Frame 59
r0 0.991781 -0.060968 0.112482 0.185735 
r1 0.075596 0.98853 -0.130742 0.0255601 
r2 -0.103221 0.138171 0.985015 -0.0917001 
r3 0 0 0 1 

Frame 60
r0 0.99065 -0.0705486 0.11677 0.187085 
r1 0.0858956 0.987508 -0.132098 0.0268679 
r2 -0.105992 0.140893 0.984335 -0.0925994 
r3 0 0 0 1 

Frame 61
r0 0.989954 -0.0776764 0.118139 0.190664 
r1 0.0932932 0.986717 -0.132992 0.0300185 
r2 -0.106239 0.142678 0.984051 -0.092909 
r3 0 0 0 1 

Frame 62
r0 0.989178 -0.0826527 0.121226 0.192689 
r1 0.0984371 0.986537 -0.130597 0.032025 
r2 -0.1088 0.141117 0.983996 -0.093371 
r3 0 0 0 1 

Frame 63
r0 0.98858 -0.0857851 0.1239 0.191568 
r1 0.101414 0.986847 -0.125891 0.0315063 
r2 -0.111471 0.137019 0.984276 -0.0942583 
r3 0 0 0 1 

Frame 64
r0 0.988566 -0.0894141 0.121419 0.192172 
r1 0.104625 0.986587 -0.125298 0.0340814 
r2 -0.108587 0.136568 0.984661 -0.094572 
r3 0 0 0 1 

Frame 65
r0 0.988732 -0.0916093 0.118391 0.194749 
r1 0.106009 0.986892 -0.121681 0.0341495 
r2 -0.105692 0.132861 0.985483 -0.095244 
r3 0 0 0 1 

Frame 66
r0 0.988734 -0.0925966 0.117604 0.195295 
r1 0.106463 0.987327 -0.117689 0.0327575 
r2 -0.105216 0.128884 0.986062 -0.0958947 
r3 0 0 0 1 

Frame 67
r0 0.988637 -0.0942129 0.117133 0.195364 
r1 0.108062 0.987101 -0.118126 0.0342988 
r2 -0.104493 0.129441 0.986066 -0.0964624 
r3 0 0 0 1 

Frame 68
r0 0.988689 -0.0961718 0.115087 0.198953 
r1 0.109858 0.986777 -0.119173 0.037417 
r2 -0.102104 0.130467 0.986181 -0.0974778 
r3 0 0 0 1 

Frame 69
r0 0.987837 -0.0999959 0.119071 0.199618 
r1 0.113768 0.986816 -0.115116 0.0350461 
r2 -0.105989 0.127262 0.98619 -0.0997855 
r3 0 0 0 1 

Frame 70
r0 0.987684 -0.101569 0.119012 0.202141 
r1 0.115383 0.986572 -0.115594 0.0343554 
r2 -0.105673 0.127902 0.986141 -0.102186 
r3 0 0 0 1 

Frame 71
r0 0.987437 -0.102068 0.120624 0.206078 
r1 0.116326 0.986205 -0.117765 0.0347129 
r2 -0.10694 0.130317 0.985688 -0.104617 
r3 0 0 0 1 

Frame 72
r0 0.986496 -0.105217 0.12552 0.207893 
r1 0.12012 0.985751 -0.117755 0.0344807 
r2 -0.111342 0.131242 0.985078 -0.107064 
r3 0 0 0 1 

Frame 73
r0 0.985376 -0.110729 0.12951 0.209376 
r1 0.126268 0.984873 -0.118663 0.0357598 
r2 -0.114411 0.13328 0.984452 -0.109173 
r3 0 0 0 1 

Frame 74
r0 0.984481 -0.11643 0.131305 0.212878 
r1 0.132166 0.984145 -0.118278 0.0365667 
r2 -0.115452 0.133797 0.984261 -0.111491 
r3 0 0 0 1 

Frame 75
r0 0.983927 -0.120098 0.132151 0.215377 
r1 0.135938 0.983642 -0.118195 0.0373256 
r2 -0.115794 0.134259 0.984157 -0.114011 
r3 0 0 0 1 

Frame 76
r0 0.98358 -0.122381 0.132643 0.216916 
r1 0.138453 0.983121 -0.119598 0.0423338 
r2 -0.115767 0.135999 0.983922 -0.117069 
r3 0 0 0 1 

Frame 77
r0 0.983686 -0.121015 0.133104 0.215918 
r1 0.137214 0.98323 -0.120131 0.0427557 
r2 -0.116334 0.136435 0.983795 -0.11693 
r3 0 0 0 1 

Frame 78
r0 0.983398 -0.120784 0.135421 0.216272 
r1 0.137056 0.983502 -0.118066 0.0439468 
r2 -0.118926 0.134666 0.983728 -0.118713 
r3 0 0 0 1 

Frame 79
r0 0.982923 -0.122679 0.137155 0.21692 
r1 0.138829 0.983602 -0.115126 0.0444164 
r2 -0.120783 0.132202 0.983837 -0.119485 
r3 0 0 0 1 

Frame 80
r0 0.982882 -0.123907 0.136349 0.218631 
r1 0.139735 0.983677 -0.113378 0.0436454 
r2 -0.120075 0.13049 0.984152 -0.121104 
r3 0 0 0 1 

Frame 81
r0 0.982702 -0.126265 0.135477 0.224124 
r1 0.142046 0.983282 -0.113923 0.0452612 
r2 -0.118827 0.131197 0.984209 -0.122777 
r3 0 0 0 1 

Frame 82
r0 0.981375 -0.129969 0.141457 0.227105 
r1 0.14618 0.983015 -0.11096 0.0435613 
r2 -0.124633 0.129572 0.983706 -0.123382 
r3 0 0 0 1 

Frame 83
r0 0.979586 -0.137114 0.147007 0.228794 
r1 0.154066 0.98182 -0.110874 0.0433066 
r2 -0.129132 0.131259 0.982902 -0.124353 
r3 0 0 0 1 

Frame 84
r0 0.977705 -0.145672 0.151238 0.233834 
r1 0.163335 0.980219 -0.111766 0.0438753 
r2 -0.131965 0.133977 0.982159 -0.125547 
r3 0 0 0 1 

Frame 85
r0 0.975154 -0.154556 0.158704 0.237467 
r1 0.173414 0.978375 -0.112735 0.044459 
r2 -0.137848 0.137455 0.980869 -0.126072 
r3 0 0 0 1 

Frame 86
r0 0.972262 -0.165133 0.165642 0.241186 
r1 0.185209 0.976058 -0.114054 0.0459561 
r2 -0.142842 0.141569 0.979569 -0.126704 
r3 0 0 0 1 

Frame 87
r0 0.96922 -0.176574 0.171564 0.244334 
r1 0.197706 0.973493 -0.114988 0.0479112 
r2 -0.146713 0.145368 0.97844 -0.127148 
r3 0 0 0 1 

Frame 88
r0 0.966719 -0.185962 0.175707 0.248075 
r1 0.20786 0.9713 -0.115632 0.0508386 
r2 -0.149161 0.148306 0.977628 -0.127332 
r3 0 0 0 1 

Frame 89
r0 0.962658 -0.200594 0.181801 0.252087 
r1 0.222821 0.968489 -0.111267 0.0554198 
r2 -0.153753 0.147621 0.97702 -0.128017 
r3 0 0 0 1 

Frame 90
r0 0.961626 -0.205818 0.181422 0.253517 
r1 0.227504 0.967772 -0.107974 0.0565543 
r2 -0.153352 0.145105 0.97746 -0.128485 
r3 0 0 0 1 

Frame 91
r0 0.961732 -0.204801 0.182013 0.252369 
r1 0.226424 0.968128 -0.107055 0.0553064 
r2 -0.154287 0.14417 0.977451 -0.127877 
r3 0 0 0 1 

Frame 92
r0 0.961442 -0.207886 0.180032 0.255999 
r1 0.228642 0.96802 -0.103247 0.0560355 
r2 -0.152811 0.140428 0.978227 -0.129057 
r3 0 0 0 1 

Frame 93
r0 0.961108 -0.210218 0.179109 0.258074 
r1 0.230445 0.967871 -0.100601 0.0572789 
r2 -0.152206 0.137963 0.978672 -0.129755 
r3 0 0 0 1 

Frame 94
r0 0.960152 -0.21285 0.181118 0.258325 
r1 0.232837 0.967652 -0.0971426 0.0566932 
r2 -0.154583 0.135443 0.978652 -0.129849 
r3 0 0 0 1 

Frame 95
r0 0.95908 -0.217179 0.181656 0.262132 
r1 0.236865 0.966931 -0.0945494 0.0554271 
r2 -0.155115 0.133708 0.978806 -0.131209 
r3 0 0 0 1 

Frame 96
r0 0.95743 -0.221938 0.184586 0.265277 
r1 0.241891 0.965794 -0.0934384 0.0544581 
r2 -0.157534 0.13411 0.978365 -0.132262 
r3 0 0 0 1 

Frame 97
r0 0.955737 -0.226722 0.187524 0.266856 
r1 0.247327 0.964296 -0.0946685 0.0537418 
r2 -0.159365 0.136858 0.977687 -0.13332 
r3 0 0 0 1 

Frame 98
r0 0.953911 -0.231352 0.191126 0.268167 
r1 0.252902 0.962615 -0.0970173 0.0545366 
r2 -0.161536 0.140882 0.976759 -0.133876 
r3 0 0 0 1 

Frame 99
r0 0.952526 -0.233728 0.195106 0.267671 
r1 0.256358 0.961412 -0.0998402 0.0559581 
r2 -0.164242 0.145117 0.975687 -0.134256 
r3 0 0 0 1 

Frame 100
r0 0.95203 -0.23431 0.196819 0.268397 
r1 0.257369 0.961041 -0.100806 0.0566789 
r2 -0.165531 0.146625 0.975244 -0.134459 
r3 0 0 0 1 

Frame 101
r0 0.951265 -0.236572 0.197809 0.267109 
r1 0.259911 0.960289 -0.101444 0.057892 
r2 -0.165955 0.147913 0.974977 -0.134627 
r3 0 0 0 1 

Frame 102
r0 0.951208 -0.23811 0.196232 0.266903 
r1 0.261359 0.95981 -0.102258 0.0599328 
r2 -0.163997 0.148555 0.975211 -0.1343 
r3 0 0 0 1 

Frame 103
r0 0.951681 -0.237807 0.194299 0.265428 
r1 0.26062 0.960098 -0.101439 0.0610912 
r2 -0.162423 0.147175 0.975683 -0.133504 
r3 0 0 0 1 

Frame 104
r0 0.953064 -0.236024 0.189636 0.265251 
r1 0.257997 0.960884 -0.100695 0.0617901 
r2 -0.158452 0.144894 0.976677 -0.133024 
r3 0 0 0 1 

Frame 105
r0 0.957329 -0.227461 0.178279 0.262213 
r1 0.246846 0.964377 -0.0951021 0.0601823 
r2 -0.150296 0.135052 0.979373 -0.132679 
r3 0 0 0 1 

Frame 106
r0 0.957485 -0.226234 0.179 0.261563 
r1 0.245588 0.964776 -0.0943115 0.0591772 
r2 -0.151358 0.134262 0.979318 -0.130934 
r3 0 0 0 1 

Frame 107
r0 0.960137 -0.220239 0.172138 0.260414 
r1 0.238205 0.966888 -0.0915709 0.058619 
r2 -0.146271 0.128925 0.980808 -0.129519 
r3 0 0 0 1 

Frame 108
r0 0.964449 -0.208884 0.161883 0.258821 
r1 0.224971 0.970364 -0.0882102 0.0564962 
r2 -0.13866 0.121493 0.98286 -0.128715 
r3 0 0 0 1 

Frame 109
r0 0.969851 -0.192925 0.148892 0.256559 
r1 0.206895 0.974687 -0.0847302 0.0534777 
r2 -0.128776 0.112981 0.985217 -0.12674 
r3 0 0 0 1 

Frame 110
r0 0.975717 -0.175492 0.131064 0.255224 
r1 0.186928 0.979056 -0.0806663 0.0522267 
r2 -0.114162 0.103207 0.988087 -0.12546 
r3 0 0 0 1 

Frame 111
r0 0.980294 -0.159258 0.116878 0.253753 
r1 0.168228 0.983165 -0.0713209 0.0512547 
r2 -0.103552 0.0895776 0.990582 -0.122727 
r3 0 0 0 1 

Frame 112
r0 0.98425 -0.143715 0.102947 0.254228 
r1 0.15019 0.986946 -0.0581386 0.0487451 
r2 -0.0932474 0.0726844 0.992986 -0.119924 
r3 0 0 0 1 

Frame 113
r0 0.98768 -0.128399 0.0894605 0.253766 
r1 0.132826 0.990099 -0.0454063 0.0451257 
r2 -0.0827444 0.0567294 0.994955 -0.117243 
r3 0 0 0 1 

Frame 114
r0 0.99078 -0.111692 0.0766715 0.252763 
r1 0.114642 0.992783 -0.035198 0.0411466 
r2 -0.0721869 0.0436633 0.996435 -0.114991 
r3 0 0 0 1 

Frame 115
r0 0.993175 -0.0953494 0.0671757 0.254316 
r1 0.0973978 0.994854 -0.027905 0.0388023 
r2 -0.0641693 0.034257 0.997351 -0.113459 
r3 0 0 0 1 

Frame 116
r0 0.994845 -0.0817227 0.0600351 0.254904 
r1 0.0831273 0.996312 -0.0212762 0.0356742 
r2 -0.0580751 0.0261573 0.99797 -0.112646 
r3 0 0 0 1 

Frame 117
r0 0.99608 -0.0709589 0.0528088 0.254904 
r1 0.0718853 0.997287 -0.0158515 0.0315868 
r2 -0.0515408 0.0195856 0.998479 -0.112432 
r3 0 0 0 1 

Frame 118
r0 0.997009 -0.0617572 0.0464718 0.254593 
r1 0.0624249 0.997964 -0.0130562 0.0280715 
r2 -0.0455709 0.0159181 0.998834 -0.112224 
r3 0 0 0 1 

Frame 119
r0 0.997786 -0.0528301 0.0403937 0.257196 
r1 0.0533112 0.998518 -0.0109281 0.022829 
r2 -0.0397565 0.0130573 0.999124 -0.112678 
r3 0 0 0 1 

Frame 120
r0 0.998192 -0.0457953 0.0389365 0.256332 
r1 0.0462089 0.998884 -0.00979332 0.015632 
r2 -0.0384444 0.0115748 0.999194 -0.114192 
r3 0 0 0 1 

Frame 121
r0 0.998618 -0.0390171 0.0352024 0.258237 
r1 0.0395524 0.99911 -0.0146396 0.0116615 
r2 -0.0346 0.0160117 0.999273 -0.115942 
r3 0 0 0 1 

Frame 122
r0 0.998781 -0.0356545 0.0341257 0.260165 
r1 0.0364748 0.999053 -0.0237292 0.0132096 
r2 -0.0332472 0.024945 0.999136 -0.117279 
r3 0 0 0 1 

Frame 123
r0 0.998821 -0.0336478 0.0349916 0.261945 
r1 0.0346479 0.998997 -0.0283757 0.0117222 
r2 -0.0340017 0.0295546 0.998985 -0.118607 
r3 0 0 0 1 

Frame 124
r0 0.998877 -0.0328918 0.0341084 0.263324 
r1 0.0340647 0.998828 -0.034394 0.0133283 
r2 -0.0329371 0.0355173 0.998826 -0.119947 
r3 0 0 0 1 

Frame 125
r0 0.999051 -0.0301396 0.0314517 0.264525 
r1 0.0313528 0.998754 -0.038822 0.0136647 
r2 -0.0302424 0.0397712 0.998751 -0.12004 
r3 0 0 0 1 

Frame 126
r0 0.999018 -0.0301839 0.032436 0.264496 
r1 0.0314878 0.998684 -0.0404703 0.0141525 
r2 -0.0311718 0.0414519 0.998654 -0.120164 
r3 0 0 0 1 

Frame 127
r0 0.999065 -0.027585 0.0333052 0.265247 
r1 0.0289681 0.998707 -0.0417803 0.0138527 
r2 -0.0321096 0.042706 0.998571 -0.120378 
r3 0 0 0 1 

Frame 128
r0 0.999131 -0.0256259 0.0328709 0.265339 
r1 0.0270647 0.998661 -0.0440819 0.0140253 
r2 -0.0316973 0.0449332 0.998487 -0.120383 
r3 0 0 0 1 

Frame 129
r0 0.999198 -0.0226322 0.0330241 0.267396 
r1 0.0241068 0.998698 -0.0449585 0.0129021 
r2 -0.0319636 0.0457186 0.998443 -0.121222 
r3 0 0 0 1 

Frame 130
r0 0.999111 -0.0228399 0.0354452 0.267463 
r1 0.0244827 0.998612 -0.046632 0.0133364 
r2 -0.0343308 0.0474583 0.998283 -0.121499 
r3 0 0 0 1 

Frame 131
r0 0.998986 -0.0241866 0.037964 0.267587 
r1 0.0259682 0.99855 -0.0471526 0.0127155 
r2 -0.0367686 0.0480907 0.998166 -0.121255 
r3 0 0 0 1 

Frame 132
r0 0.998947 -0.0257336 0.0379914 0.268427 
r1 0.0275711 0.998434 -0.0486668 0.0123986 
r2 -0.0366796 0.0496631 0.998092 -0.121159 
r3 0 0 0 1 

Frame 133
r0 0.998931 -0.025461 0.0385917 0.268909 
r1 0.0274419 0.998286 -0.0517009 0.0126612 
r2 -0.0372092 0.0527047 0.997917 -0.121079 
r3 0 0 0 1 

Frame 134
r0 0.998628 -0.0266667 0.0450615 0.268528 
r1 0.0291422 0.99805 -0.0552032 0.0122685 
r2 -0.0435015 0.0564407 0.997458 -0.121731 
r3 0 0 0 1 

Frame 135
r0 0.998515 -0.0273325 0.0471164 0.266857 
r1 0.0298564 0.998109 -0.0537242 0.011324 
r2 -0.0455591 0.0550511 0.997444 -0.12126 
r3 0 0 0 1 

Frame 136
r0 0.998563 -0.0270249 0.0462874 0.26672 
r1 0.0296069 0.99799 -0.0560341 0.0107598 
r2 -0.04468 0.0573239 0.997355 -0.121332 
r3 0 0 0 1 

Frame 137
r0 0.998574 -0.0254562 0.0469176 0.267301 
r1 0.0282072 0.997863 -0.0589357 0.011745 
r2 -0.0453171 0.0601751 0.997159 -0.12112 
r3 0 0 0 1 

Frame 138
r0 0.998481 -0.025609 0.0487806 0.266141 
r1 0.0285087 0.997809 -0.0597055 0.0118187 
r2 -0.0471447 0.0610055 0.997024 -0.121023 
r3 0 0 0 1 

Frame 139
r0 0.998305 -0.0274098 0.0513497 0.264844 
r1 0.0305199 0.997684 -0.0607924 0.0078005 
r2 -0.0495644 0.0622565 0.996829 -0.119988 
r3 0 0 0 1 

Frame 140
r0 0.998277 -0.0267537 0.0522247 0.264482 
r1 0.0298681 0.997763 -0.0597995 0.00714687 
r2 -0.0505081 0.0612563 0.996843 -0.120161 
r3 0 0 0 1 

Frame 141
r0 0.998183 -0.0267783 0.0539676 0.265947 
r1 0.0303072 0.997381 -0.0656628 0.00611293 
r2 -0.0520679 0.0671791 0.996382 -0.118948 
r3 0 0 0 1 

Frame 142
r0 0.997959 -0.0291195 0.0568413 0.26558 
r1 0.0328943 0.997235 -0.0666328 0.00544649 
r2 -0.0547438 0.0683665 0.996157 -0.118833 
r3 0 0 0 1 

Frame 143
r0 0.997774 -0.0302899 0.059415 0.262517 
r1 0.0344402 0.996944 -0.0701172 0.00862797 
r2 -0.0571096 0.0720074 0.995768 -0.118367 
r3 0 0 0 1 

Frame 144
r0 0.997632 -0.0305473 0.0616227 0.261933 
r1 0.0348547 0.996932 -0.0700811 0.00728001 
r2 -0.0592929 0.072063 0.995636 -0.116759 
r3 0 0 0 1 

Frame 145
r0 0.997393 -0.032857 0.064249 0.261884 
r1 0.0372355 0.996978 -0.0681722 0.00530464 
r2 -0.0618149 0.0703868 0.995602 -0.115786 
r3 0 0 0 1 

Frame 146
r0 0.997087 -0.0352474 0.0676296 0.259575 
r1 0.0397408 0.997009 -0.0662927 0.00321594 
r2 -0.0650906 0.0687873 0.995506 -0.114362 
r3 0 0 0 1 

Frame 147
r0 0.996943 -0.0382824 0.0681077 0.258574 
r1 0.0427597 0.996933 -0.0655447 0.00128193 
r2 -0.0653896 0.0682566 0.995523 -0.113523 
r3 0 0 0 1 

Frame 148
r0 0.996808 -0.0399066 0.0691385 0.256336 
r1 0.0444248 0.99689 -0.0650959 -0.0012348 
r2 -0.0663257 0.0679596 0.995481 -0.112538 
r3 0 0 0 1 

Frame 149
r0 0.996776 -0.038138 0.0705877 0.255333 
r1 0.0428946 0.996821 -0.0671462 -0.00408545 
r2 -0.0678025 0.0699576 0.995243 -0.113357 
r3 0 0 0 1 

Frame 150
r0 0.996526 -0.0362094 0.0750043 0.253645 
r1 0.0413606 0.996807 -0.0683004 -0.0083031 
r2 -0.0722917 0.0711653 0.994842 -0.113712 
r3 0 0 0 1 

Frame 151
r0 0.995501 -0.043234 0.0843193 0.250721 
r1 0.0493235 0.996218 -0.0715287 -0.0115435 
r2 -0.0809079 0.0753658 0.993868 -0.115452 
r3 0 0 0 1 

Frame 152
r0 0.994284 -0.0560275 0.0908882 0.250151 
r1 0.0632002 0.994943 -0.0780614 -0.0123051 
r2 -0.086055 0.0833594 0.992797 -0.116902 
r3 0 0 0 1 

Frame 153
r0 0.992264 -0.0720173 0.101122 0.251136 
r1 0.0808549 0.992991 -0.0862006 -0.0104215 
r2 -0.0942049 0.0937099 0.991133 -0.117981 
r3 0 0 0 1 

Frame 154
r0 0.990249 -0.0847189 0.11059 0.248579 
r1 0.0950343 0.991251 -0.0916005 -0.0119385 
r2 -0.101862 0.101217 0.989636 -0.118329 
r3 0 0 0 1 

Frame 155
r0 0.989707 -0.0912097 0.110281 0.250749 
r1 0.102646 0.989381 -0.102901 -0.00520748 
r2 -0.0997247 0.113162 0.988559 -0.118506 
r3 0 0 0 1 

Frame 156
r0 0.988794 -0.0960614 0.11427 0.250743 
r1 0.10832 0.988405 -0.106403 0.000658293 
r2 -0.102724 0.117588 0.987735 -0.11791 
r3 0 0 0 1 

Frame 157
r0 0.987812 -0.101865 0.117691 0.245704 
r1 0.114131 0.988147 -0.102661 0.00219218 
r2 -0.105838 0.114842 0.98773 -0.116349 
r3 0 0 0 1 

Frame 158
r0 0.988082 -0.108962 0.108722 0.239332 
r1 0.118978 0.988779 -0.0903292 0.00130351 
r2 -0.0976595 0.102188 0.98996 -0.114179 
r3 0 0 0 1 

Frame 159
r0 0.988101 -0.109511 0.108002 0.240273 
r1 0.11941 0.988767 -0.0898948 0.000944315 
r2 -0.0969439 0.101722 0.990078 -0.112333 
r3 0 0 0 1 

Frame 160
r0 0.988562 -0.110757 0.102358 0.238708 
r1 0.119674 0.989123 -0.0855165 0.00207416 
r2 -0.0917734 0.096788 0.991065 -0.11017 
r3 0 0 0 1 

Frame 161
r0 0.988816 -0.112274 0.0981718 0.236239 
r1 0.120068 0.989741 -0.0774395 -0.00181876 
r2 -0.0884701 0.0883607 0.992152 -0.108643 
r3 0 0 0 1 

Frame 162
r0 0.988961 -0.114814 0.0936646 0.234581 
r1 0.121865 0.98983 -0.0733893 -0.00281377 
r2 -0.0842859 0.0839937 0.992895 -0.104939 
r3 0 0 0 1 

Frame 163
r0 0.988461 -0.117942 0.0950504 0.232353 
r1 0.124507 0.989997 -0.066364 -0.00692075 
r2 -0.0862724 0.0774326 0.993258 -0.102599 
r3 0 0 0 1 

Frame 164
r0 0.988103 -0.118941 0.0974939 0.227926 
r1 0.12532 0.990169 -0.0621319 -0.0122893 
r2 -0.0891453 0.0736108 0.993295 -0.100678 
r3 0 0 0 1 

Frame 165
r0 0.988212 -0.116789 0.0989777 0.225081 
r1 0.123379 0.990339 -0.0632888 -0.0146861 
r2 -0.0906301 0.0747546 0.993075 -0.0983063 
r3 0 0 0 1 

Frame 166
r0 0.987998 -0.114224 0.103982 0.220313 
r1 0.121516 0.990346 -0.0667016 -0.0163585 
r2 -0.0953597 0.0785366 0.99234 -0.0958245 
r3 0 0 0 1 

Frame 167
r0 0.98805 -0.110545 0.107412 0.216925 
r1 0.118623 0.990328 -0.0719649 -0.0174449 
r2 -0.0984174 0.0838464 0.991606 -0.0943207 
r3 0 0 0 1 

Frame 168
r0 0.988294 -0.105093 0.110595 0.211979 
r1 0.114249 0.990227 -0.0799833 -0.0170142 
r2 -0.101109 0.0916824 0.990642 -0.0917807 
r3 0 0 0 1 

Frame 169
r0 0.98848 -0.100486 0.113182 0.208598 
r1 0.111537 0.989118 -0.0959475 -0.0126901 
r2 -0.102308 0.107466 0.988931 -0.0865566 
r3 0 0 0 1 

Frame 170
r0 0.988147 -0.100309 0.116208 0.205038 
r1 0.111725 0.989065 -0.0962724 -0.0117864 
r2 -0.10528 0.108115 0.988548 -0.0852557 
r3 0 0 0 1 

Frame 171
r0 0.987988 -0.100238 0.11761 0.205515 
r1 0.112342 0.988498 -0.10125 -0.0100786 
r2 -0.106108 0.113246 0.987885 -0.0823278 
r3 0 0 0 1 

Frame 172
r0 0.987568 -0.100563 0.120819 0.205516 
r1 0.113482 0.987946 -0.10528 -0.00750926 
r2 -0.108775 0.117682 0.987076 -0.0790482 
r3 0 0 0 1 

Frame 173
r0 0.986831 -0.10294 0.124769 0.205382 
r1 0.11672 0.9872 -0.10869 -0.00292652 
r2 -0.111984 0.121821 0.986215 -0.0756298 
r3 0 0 0 1 

Frame 174
r0 0.985599 -0.108851 0.129403 0.204771 
r1 0.12283 0.98681 -0.105448 -0.00236025 
r2 -0.116218 0.119824 0.985969 -0.0723942 
r3 0 0 0 1 

Frame 175
r0 0.98472 -0.114437 0.131264 0.203158 
r1 0.128049 0.986672 -0.100411 -0.0040804 
r2 -0.118024 0.115685 0.986249 -0.0697337 
r3 0 0 0 1 

Frame 176
r0 0.984644 -0.116591 0.129934 0.205876 
r1 0.129372 0.987066 -0.0946782 -0.0068851 
r2 -0.117215 0.110034 0.986992 -0.0679239 
r3 0 0 0 1 

Frame 177
r0 0.984366 -0.118468 0.130338 0.207248 
r1 0.130977 0.987109 -0.0919793 -0.00609558 
r2 -0.117761 0.107613 0.987194 -0.0657527 
r3 0 0 0 1 

Frame 178
r0 0.983557 -0.119985 0.13498 0.206788 
r1 0.132286 0.98746 -0.0861585 -0.00873202 
r2 -0.12295 0.102598 0.987095 -0.0645297 
r3 0 0 0 1 

Frame 179
r0 0.982822 -0.122738 0.137824 0.206726 
r1 0.134775 0.987505 -0.0816623 -0.0114663 
r2 -0.126079 0.0988348 0.987085 -0.0628789 
r3 0 0 0 1 

Frame 180
r0 0.982302 -0.123776 0.140577 0.207751 
r1 0.1357 0.987624 -0.0786355 -0.0147913 
r2 -0.129104 0.0963199 0.986942 -0.0612133 
r3 0 0 0 1 

Frame 181
r0 0.981374 -0.126473 0.144604 0.208197 
r1 0.138596 0.987347 -0.0770523 -0.0173257 
r2 -0.133029 0.0956587 0.986485 -0.0607979 
r3 0 0 0 1 

Frame 182
r0 0.980585 -0.129718 0.147055 0.208405 
r1 0.142415 0.986622 -0.0793411 -0.0172003 
r2 -0.134796 0.0987438 0.985941 -0.0597878 
r3 0 0 0 1 

Frame 183
r0 0.979853 -0.133458 0.148585 0.209592 
r1 0.146295 0.986077 -0.0790621 -0.0186322 
r2 -0.135964 0.0992063 0.985734 -0.0590754 
r3 0 0 0 1 

Frame 184
r0 0.979165 -0.134934 0.151751 0.209158 
r1 0.148 0.98588 -0.0783369 -0.0205375 
r2 -0.139038 0.0991639 0.985309 -0.0584132 
r3 0 0 0 1 

Frame 185
r0 0.978857 -0.134832 0.153814 0.208578 
r1 0.148439 0.985627 -0.0806547 -0.0205878 
r2 -0.140728 0.101781 0.984803 -0.0580891 
r3 0 0 0 1 

Frame 186
r0 0.978787 -0.134201 0.154808 0.209202 
r1 0.148169 0.985516 -0.0824813 -0.0209325 
r2 -0.141497 0.103669 0.984496 -0.0578555 
r3 0 0 0 1 

Frame 187
r0 0.978493 -0.132574 0.158036 0.207246 
r1 0.146911 0.985683 -0.082736 -0.0229978 
r2 -0.144805 0.104174 0.983961 -0.0578073 
r3 0 0 0 1 

Frame 188
r0 0.978583 -0.131581 0.158312 0.206502 
r1 0.146252 0.985601 -0.0848546 -0.023185 
r2 -0.144867 0.106191 0.983736 -0.0580248 
r3 0 0 0 1 

Frame 189
r0 0.979256 -0.128569 0.156614 0.206001 
r1 0.143577 0.985667 -0.0885772 -0.0235133 
r2 -0.142981 0.109226 0.98368 -0.0576526 
r3 0 0 0 1 

Frame 190
r0 0.979043 -0.12957 0.157118 0.206154 
r1 0.144588 0.985552 -0.0882096 -0.023045 
r2 -0.143418 0.109078 0.983632 -0.0575423 
r3 0 0 0 1 

Frame 191
r0 0.979212 -0.128796 0.156702 0.205829 
r1 0.143907 0.985563 -0.0892055 -0.0228792 
r2 -0.14295 0.109901 0.983609 -0.0571374 
r3 0 0 0 1 

Frame 192
r0 0.979289 -0.129854 0.155343 0.204466 
r1 0.144879 0.985382 -0.0896253 -0.0222087 
r2 -0.141434 0.110275 0.983787 -0.0559355 
r3 0 0 0 1 

Frame 193
r0 0.979338 -0.131323 0.153788 0.203077 
r1 0.146371 0.985039 -0.0909618 -0.0212865 
r2 -0.139542 0.111592 0.983908 -0.053881 
r3 0 0 0 1 

Frame 194
r0 0.979921 -0.132101 0.149345 0.204755 
r1 0.146835 0.984843 -0.0923204 -0.0190402 
r2 -0.134886 0.112396 0.984466 -0.0527221 
r3 0 0 0 1 

Frame 195
r0 0.979913 -0.134148 0.147562 0.207367 
r1 0.148298 0.98489 -0.0894391 -0.0186452 
r2 -0.133334 0.109526 0.985001 -0.0509902 
r3 0 0 0 1 

Frame 196
r0 0.978916 -0.136809 0.151678 0.207284 
r1 0.150728 0.984968 -0.0843711 -0.0197091 
r2 -0.137855 0.105454 0.984822 -0.0490998 
r3 0 0 0 1 

Frame 197
r0 0.978246 -0.138675 0.154283 0.207451 
r1 0.152447 0.984963 -0.0812879 -0.0199197 
r2 -0.14069 0.10304 0.984677 -0.047176 
r3 0 0 0 1 

Frame 198
r0 0.977746 -0.14017 0.156094 0.208701 
r1 0.153885 0.984886 -0.079495 -0.0192425 
r2 -0.142592 0.101746 0.984538 -0.0456049 
r3 0 0 0 1 

Frame 199
r0 0.976743 -0.143224 0.159561 0.209103 
r1 0.156515 0.984896 -0.0740429 -0.0202906 
r2 -0.146547 0.0972946 0.984407 -0.045056 
r3 0 0 0 1 

Frame 200
r0 0.97638 -0.143519 0.161506 0.209186 
r1 0.156552 0.985112 -0.0710282 -0.0203325 
r2 -0.148908 0.0946347 0.984312 -0.0447702 
r3 0 0 0 1 

Frame 201
r0 0.976451 -0.141637 0.162737 0.209517 
r1 0.154249 0.985716 -0.0676086 -0.0227049 
r2 -0.150837 0.0911184 0.98435 -0.0442135 
r3 0 0 0 1 

Frame 202
r0 0.976033 -0.141828 0.165057 0.209778 
r1 0.154337 0.985842 -0.0655367 -0.0235042 
r2 -0.153425 0.0894403 0.984104 -0.0441801 
r3 0 0 0 1 

Frame 203
r0 0.975459 -0.141663 0.168557 0.208858 
r1 0.154193 0.985988 -0.0636654 -0.0260239 
r2 -0.157176 0.0880933 0.983633 -0.0440584 
r3 0 0 0 1 

Frame 204
r0 0.974887 -0.141216 0.172201 0.208087 
r1 0.154117 0.985982 -0.0639399 -0.0263432 
r2 -0.160758 0.0888733 0.982985 -0.0442577 
r3 0 0 0 1 

Frame 205
r0 0.974512 -0.140993 0.174493 0.20884 
r1 0.154349 0.985847 -0.0654325 -0.0265807 
r2 -0.162798 0.0906974 0.982482 -0.044814 
r3 0 0 0 1 

Frame 206
r0 0.974319 -0.138789 0.177313 0.208582 
r1 0.152535 0.986069 -0.0663362 -0.0272491 
r2 -0.165636 0.0916789 0.981916 -0.0451851 
r3 0 0 0 1 

Frame 207
r0 0.974017 -0.13849 0.179198 0.209166 
r1 0.152538 0.986018 -0.0670821 -0.0270619 
r2 -0.167403 0.0926738 0.981523 -0.045466 
r3 0 0 0 1 

Frame 208
r0 0.973348 -0.138965 0.182434 0.206885 
r1 0.152999 0.986074 -0.0651843 -0.0278692 
r2 -0.170836 0.0913594 0.981055 -0.0447405 
r3 0 0 0 1 

Frame 209
r0 0.973179 -0.139633 0.182827 0.206797 
r1 0.153639 0.986003 -0.0647596 -0.0271359 
r2 -0.171225 0.091112 0.98101 -0.0444775 
r3 0 0 0 1 

Frame 210
r0 0.972839 -0.139726 0.184552 0.207498 
r1 0.153818 0.986004 -0.0643112 -0.0264361 
r2 -0.172983 0.0909518 0.980716 -0.0441081 
r3 0 0 0 1 

Frame 211
r0 0.972476 -0.138836 0.187122 0.20654 
r1 0.152908 0.986235 -0.0629274 -0.0269725 
r2 -0.17581 0.089808 0.980319 -0.0428397 
r3 0 0 0 1 

Frame 212
r0 0.972036 -0.139204 0.189126 0.20565 
r1 0.152989 0.986387 -0.0602878 -0.0287171 
r2 -0.178159 0.0875362 0.980101 -0.0422504 
r3 0 0 0 1 

Frame 213
r0 0.971122 -0.140355 0.192932 0.203517 
r1 0.154257 0.98627 -0.0589559 -0.0294663 
r2 -0.182008 0.0870145 0.979439 -0.0411617 
r3 0 0 0 1 

Frame 214
r0 0.971074 -0.139807 0.193573 0.203364 
r1 0.153702 0.986375 -0.0586537 -0.0302207 
r2 -0.182735 0.0867094 0.979331 -0.0411614 
r3 0 0 0 1 

Frame 215
r0 0.970602 -0.136917 0.197954 0.200725 
r1 0.151107 0.986792 -0.0583784 -0.0289962 
r2 -0.187346 0.0865744 0.978471 -0.0405815 
r3 0 0 0 1 

Frame 216
r0 0.970621 -0.137058 0.197761 0.201307 
r1 0.151337 0.986725 -0.0589197 -0.0288623 
r2 -0.187061 0.0871173 0.978478 -0.0397301 
r3 0 0 0 1 

Frame 217
r0 0.970115 -0.136449 0.200645 0.196616 
r1 0.150695 0.986909 -0.0574578 -0.0284946 
r2 -0.190178 0.0859767 0.977978 -0.0383566 
r3 0 0 0 1 

Frame 217
r0 0.970115 -0.136449 0.200645 0.196616 
r1 0.150695 0.986909 -0.0574578 -0.0284946 
r2 -0.190178 0.0859767 0.977978 -0.0383566 
r3 0 0 0 1 

Frame 217
r0 0.970115 -0.136449 0.200645 0.196616 
r1 0.150695 0.986909 -0.0574578 -0.0284946 
r2 -0.190178 0.0859767 0.977978 -0.0383566 
r3 0 0 0 1 

Frame 217
r0 0.970115 -0.136449 0.200645 0.196616 
r1 0.150695 0.986909 -0.0574578 -0.0284946 
r2 -0.190178 0.0859767 0.977978 -0.0383566 
r3 0 0 0 1 

Frame 217
r0 0.970115 -0.136449 0.200645 0.196616 
r1 0.150695 0.986909 -0.0574578 -0.0284946 
r2 -0.190178 0.0859767 0.977978 -0.0383566 
r3 0 0 0 1 

Frame 217
r0 0.970115 -0.136449 0.200645 0.196616 
r1 0.150695 0.986909 -0.0574578 -0.0284946 
r2 -0.190178 0.0859767 0.977978 -0.0383566 
r3 0 0 0 1 

Frame 217
r0 0.970115 -0.136449 0.200645 0.196616 
r1 0.150695 0.986909 -0.0574578 -0.0284946 
r2 -0.190178 0.0859767 0.977978 -0.0383566 
r3 0 0 0 1 

Frame 217
r0 0.970115 -0.136449 0.200645 0.196616 
r1 0.150695 0.986909 -0.0574578 -0.0284946 
r2 -0.190178 0.0859767 0.977978 -0.0383566 
r3 0 0 0 1 

Frame 217
r0 0.970115 -0.136449 0.200645 0.196616 
r1 0.150695 0.986909 -0.0574578 -0.0284946 
r2 -0.190178 0.0859767 0.977978 -0.0383566 
r3 0 0 0 1 

Frame 217
r0 0.970115 -0.136449 0.200645 0.196616 
r1 0.150695 0.986909 -0.0574578 -0.0284946 
r2 -0.190178 0.0859767 0.977978 -0.0383566 
r3 0 0 0 1 

Frame 217
r0 0.970115 -0.136449 0.200645 0.196616 
r1 0.150695 0.986909 -0.0574578 -0.0284946 
r2 -0.190178 0.0859767 0.977978 -0.0383566 
r3 0 0 0 1 

Frame 217
r0 0.970115 -0.136449 0.200645 0.196616 
r1 0.150695 0.986909 -0.0574578 -0.0284946 
r2 -0.190178 0.0859767 0.977978 -0.0383566 
r3 0 0 0 1 

Frame 217
r0 0.970115 -0.136449 0.200645 0.196616 
r1 0.150695 0.986909 -0.0574578 -0.0284946 
r2 -0.190178 0.0859767 0.977978 -0.0383566 
r3 0 0 0 1 

Frame 217
r0 0.970115 -0.136449 0.200645 0.196616 
r1 0.150695 0.986909 -0.0574578 -0.0284946 
r2 -0.190178 0.0859767 0.977978 -0.0383566 
r3 0 0 0 1 

Frame 217
r0 0.970115 -0.136449 0.200645 0.196616 
r1 0.150695 0.986909 -0.0574578 -0.0284946 
r2 -0.190178 0.0859767 0.977978 -0.0383566 
r3 0 0 0 1 

Frame 217
r0 0.970115 -0.136449 0.200645 0.196616 
r1 0.150695 0.986909 -0.0574578 -0.0284946 
r2 -0.190178 0.0859767 0.977978 -0.0383566 
r3 0 0 0 1 

Frame 217
r0 0.970115 -0.136449 0.200645 0.196616 
r1 0.150695 0.986909 -0.0574578 -0.0284946 
r2 -0.190178 0.0859767 0.977978 -0.0383566 
r3 0 0 0 1 

Frame 217
r0 0.970115 -0.136449 0.200645 0.196616 
r1 0.150695 0.986909 -0.0574578 -0.0284946 
r2 -0.190178 0.0859767 0.977978 -0.0383566 
r3 0 0 0 1 

Frame 217
r0 0.970115 -0.136449 0.200645 0.196616 
r1 0.150695 0.986909 -0.0574578 -0.0284946 
r2 -0.190178 0.0859767 0.977978 -0.0383566 
r3 0 0 0 1 

Frame 217
r0 0.970115 -0.136449 0.200645 0.196616 
r1 0.150695 0.986909 -0.0574578 -0.0284946 
r2 -0.190178 0.0859767 0.977978 -0.0383566 
r3 0 0 0 1 

Frame 217
r0 0.970115 -0.136449 0.200645 0.196616 
r1 0.150695 0.986909 -0.0574578 -0.0284946 
r2 -0.190178 0.0859767 0.977978 -0.0383566 
r3 0 0 0 1 

Frame 217
r0 0.970115 -0.136449 0.200645 0.196616 
r1 0.150695 0.986909 -0.0574578 -0.0284946 
r2 -0.190178 0.0859767 0.977978 -0.0383566 
r3 0 0 0 1 

Frame 217
r0 0.970115 -0.136449 0.200645 0.196616 
r1 0.150695 0.986909 -0.0574578 -0.0284946 
r2 -0.190178 0.0859767 0.977978 -0.0383566 
r3 0 0 0 1 

Frame 217
r0 0.970115 -0.136449 0.200645 0.196616 
r1 0.150695 0.986909 -0.0574578 -0.0284946 
r2 -0.190178 0.0859767 0.977978 -0.0383566 
r3 0 0 0 1 

Frame 217
r0 0.970115 -0.136449 0.200645 0.196616 
r1 0.150695 0.986909 -0.0574578 -0.0284946 
r2 -0.190178 0.0859767 0.977978 -0.0383566 
r3 0 0 0 1 

Frame 217
r0 0.970115 -0.136449 0.200645 0.196616 
r1 0.150695 0.986909 -0.0574578 -0.0284946 
r2 -0.190178 0.0859767 0.977978 -0.0383566 
r3 0 0 0 1 

Frame 217
r0 0.970115 -0.136449 0.200645 0.196616 
r1 0.150695 0.986909 -0.0574578 -0.0284946 
r2 -0.190178 0.0859767 0.977978 -0.0383566 
r3 0 0 0 1 

Frame 217
r0 0.970115 -0.136449 0.200645 0.196616 
r1 0.150695 0.986909 -0.0574578 -0.0284946 
r2 -0.190178 0.0859767 0.977978 -0.0383566 
r3 0 0 0 1 

Frame 217
r0 0.970115 -0.136449 0.200645 0.196616 
r1 0.150695 0.986909 -0.0574578 -0.0284946 
r2 -0.190178 0.0859767 0.977978 -0.0383566 
r3 0 0 0 1 

Frame 217
r0 0.970115 -0.136449 0.200645 0.196616 
r1 0.150695 0.986909 -0.0574578 -0.0284946 
r2 -0.190178 0.0859767 0.977978 -0.0383566 
r3 0 0 0 1 

Frame 217
r0 0.970115 -0.136449 0.200645 0.196616 
r1 0.150695 0.986909 -0.0574578 -0.0284946 
r2 -0.190178 0.0859767 0.977978 -0.0383566 
r3 0 0 0 1 

Frame 217
r0 0.970115 -0.136449 0.200645 0.196616 
r1 0.150695 0.986909 -0.0574578 -0.0284946 
r2 -0.190178 0.0859767 0.977978 -0.0383566 
r3 0 0 0 1 

Frame 217
r0 0.970115 -0.136449 0.200645 0.196616 
r1 0.150695 0.986909 -0.0574578 -0.0284946 
r2 -0.190178 0.0859767 0.977978 -0.0383566 
r3 0 0 0 1 

Frame 217
r0 0.970115 -0.136449 0.200645 0.196616 
r1 0.150695 0.986909 -0.0574578 -0.0284946 
r2 -0.190178 0.0859767 0.977978 -0.0383566 
r3 0 0 0 1 

Frame 217
r0 0.970115 -0.136449 0.200645 0.196616 
r1 0.150695 0.986909 -0.0574578 -0.0284946 
r2 -0.190178 0.0859767 0.977978 -0.0383566 
r3 0 0 0 1 

Frame 217
r0 0.970115 -0.136449 0.200645 0.196616 
r1 0.150695 0.986909 -0.0574578 -0.0284946 
r2 -0.190178 0.0859767 0.977978 -0.0383566 
r3 0 0 0 1 

Frame 217
r0 0.970115 -0.136449 0.200645 0.196616 
r1 0.150695 0.986909 -0.0574578 -0.0284946 
r2 -0.190178 0.0859767 0.977978 -0.0383566 
r3 0 0 0 1 

Frame 217
r0 0.970115 -0.136449 0.200645 0.196616 
r1 0.150695 0.986909 -0.0574578 -0.0284946 
r2 -0.190178 0.0859767 0.977978 -0.0383566 
r3 0 0 0 1 

Frame 217
r0 0.970115 -0.136449 0.200645 0.196616 
r1 0.150695 0.986909 -0.0574578 -0.0284946 
r2 -0.190178 0.0859767 0.977978 -0.0383566 
r3 0 0 0 1 

Frame 217
r0 0.970115 -0.136449 0.200645 0.196616 
r1 0.150695 0.986909 -0.0574578 -0.0284946 
r2 -0.190178 0.0859767 0.977978 -0.0383566 
r3 0 0 0 1 

Frame 217
r0 0.970115 -0.136449 0.200645 0.196616 
r1 0.150695 0.986909 -0.0574578 -0.0284946 
r2 -0.190178 0.0859767 0.977978 -0.0383566 
r3 0 0 0 1 

Frame 217
r0 0.970115 -0.136449 0.200645 0.196616 
r1 0.150695 0.986909 -0.0574578 -0.0284946 
r2 -0.190178 0.0859767 0.977978 -0.0383566 
r3 0 0 0 1 

Frame 217
r0 0.970115 -0.136449 0.200645 0.196616 
r1 0.150695 0.986909 -0.0574578 -0.0284946 
r2 -0.190178 0.0859767 0.977978 -0.0383566 
r3 0 0 0 1 

Frame 217
r0 0.970115 -0.136449 0.200645 0.196616 
r1 0.150695 0.986909 -0.0574578 -0.0284946 
r2 -0.190178 0.0859767 0.977978 -0.0383566 
r3 0 0 0 1 

Frame 217
r0 0.970115 -0.136449 0.200645 0.196616 
r1 0.150695 0.986909 -0.0574578 -0.0284946 
r2 -0.190178 0.0859767 0.977978 -0.0383566 
r3 0 0 0 1 

Frame 217
r0 0.970115 -0.136449 0.200645 0.196616 
r1 0.150695 0.986909 -0.0574578 -0.0284946 
r2 -0.190178 0.0859767 0.977978 -0.0383566 
r3 0 0 0 1 

Frame 217
r0 0.970115 -0.136449 0.200645 0.196616 
r1 0.150695 0.986909 -0.0574578 -0.0284946 
r2 -0.190178 0.0859767 0.977978 -0.0383566 
r3 0 0 0 1 

Frame 217
r0 0.970115 -0.136449 0.200645 0.196616 
r1 0.150695 0.986909 -0.0574578 -0.0284946 
r2 -0.190178 0.0859767 0.977978 -0.0383566 
r3 0 0 0 1 

Frame 217
r0 0.970115 -0.136449 0.200645 0.196616 
r1 0.150695 0.986909 -0.0574578 -0.0284946 
r2 -0.190178 0.0859767 0.977978 -0.0383566 
