Frame 1
r0 1 0 0 0 
r1 0 1 0 0 
r2 0 0 1 0 
r3 0 0 0 1 

Frame 2
r0 0.999986 -0.00426409 0.00305484 -0.00144019 
r1 0.00426536 0.999991 -0.000403379 0.000993881 
r2 -0.00305309 0.000416404 0.999995 -0.000932461 
r3 0 0 0 1 

Frame 3
r0 0.999986 -0.00426421 0.00305455 -0.00143996 
r1 0.00426544 0.999991 -0.000403923 0.000994381 
r2 -0.0030528 0.000416946 0.999995 -0.000931986 
r3 0 0 0 1 

Frame 4
r0 0.999988 -0.00478831 -0.000329198 -0.00148379 
r1 0.00478903 0.999987 0.00157395 0.00081603 
r2 0.000321657 -0.00157551 0.999999 -0.00176012 
r3 0 0 0 1 

Frame 5
r0 0.999987 -0.00380489 -0.00331885 -0.00103434 
r1 0.00381383 0.999989 0.00266522 0.00157552 
r2 0.00330847 -0.002678 0.999991 -0.0022382 
r3 0 0 0 1 

Frame 6
r0 0.999983 -0.00475348 -0.00333455 -0.000140954 
r1 0.00476538 0.999982 0.00356121 0.00282811 
r2 0.00331768 -0.00357684 0.999988 -0.00312468 
r3 0 0 0 1 

Frame 7
r0 0.999981 -0.00592548 -0.00166181 0.00138067 
r1 0.00593386 0.999969 0.00514221 0.00322875 
r2 0.00163126 -0.00515202 0.999985 -0.00307566 
r3 0 0 0 1 

Frame 8
r0 0.999969 -0.00788826 -0.000147983 0.00185251 
r1 0.00788875 0.999962 0.00372425 0.00540558 
r2 0.000118611 -0.00372531 0.999993 -0.00301152 
r3 0 0 0 1 

Frame 9
r0 0.999974 -0.00711104 -0.00147141 0.00235559 
r1 0.00711349 0.999974 0.00127223 0.00836849 
r2 0.00146234 -0.00128264 0.999998 -0.00385963 
r3 0 0 0 1 

Frame 10
r0 0.999979 -0.00532716 -0.0037436 0.00314876 
r1 0.00533944 0.99998 0.003283 0.00899125 
r2 0.00372603 -0.00330292 0.999988 -0.00475915 
r3 0 0 0 1 

Frame 11
r0 0.999958 -0.00921741 0.000140756 0.0032648 
r1 0.00921622 0.999936 0.00649494 0.00771465 
r2 -0.000200659 -0.006493 0.999979 -0.0058672 
r3 0 0 0 1 

Frame 12
r0 0.999957 -0.0092175 0.000140632 0.00326495 
r1 0.00921648 0.999936 0.00649464 0.00771471 
r2 -0.000200439 -0.00649318 0.999979 -0.00586752 
r3 0 0 0 1 

Frame 13
r0 0.999891 -0.0146085 0.00198376 0.00408946 
r1 0.0146022 0.999888 0.00332412 0.00999675 
r2 -0.00203261 -0.00329521 0.999993 -0.00752794 
r3 0 0 0 1 

Frame 14
r0 0.999897 -0.0141409 0.0022977 0.00612996 
r1 0.0141304 0.99989 0.00454849 0.0102561 
r2 -0.00236195 -0.00451565 0.999987 -0.00894399 
r3 0 0 0 1 

Frame 15
r0 0.9999 -0.013606 0.00378242 0.00757246 
r1 0.0136 0.999907 0.00155126 0.0136074 
r2 -0.00380275 -0.00149964 0.999992 -0.00942924 
r3 0 0 0 1 

Frame 16
r0 0.999838 -0.0172529 0.00523269 0.00880055 
r1 0.017259 0.999851 -0.00105691 0.0171321 
r2 -0.0052143 0.00114767 0.999986 -0.0103956 
r3 0 0 0 1 

Frame 17
r0 0.999795 -0.0199557 0.00355095 0.0122905 
r1 0.0199545 0.999801 0.000388443 0.0175013 
r2 -0.00355792 -0.000317514 0.999994 -0.0115944 
r3 0 0 0 1 

Frame 18
r0 0.999743 -0.0223843 0.00364135 0.014121 
r1 0.0223864 0.999749 -0.000547072 0.0194776 
r2 -0.00362814 0.000628451 0.999993 -0.0128692 
r3 0 0 0 1 

Frame 19
r0 0.999692 -0.0244468 0.0041904 0.0156557 
r1 0.0244544 0.999699 -0.00180517 0.0223799 
r2 -0.004145 0.00190709 0.99999 -0.0140643 
r3 0 0 0 1 

Frame 20
r0 0.999602 -0.0274353 0.00659857 0.0173442 
r1 0.0274408 0.999623 -0.000741763 0.0227399 
r2 -0.00657572 0.000922538 0.999978 -0.0141892 
r3 0 0 0 1 

Frame 21
r0 0.999557 -0.0286914 0.00793139 0.0183312 
r1 0.0286898 0.999588 0.000304933 0.0234624 
r2 -0.00793687 -7.72476e-05 0.999969 -0.015176 
r3 0 0 0 1 

Frame 22
r0 0.999546 -0.028944 0.00840108 0.0199873 
r1 0.0289506 0.999581 -0.000670672 0.0263564 
r2 -0.00837814 0.000913583 0.999965 -0.0166348 
r3 0 0 0 1 

Frame 23
r0 0.999503 -0.0296606 0.0106535 0.0222861 
r1 0.0296384 0.999558 0.0022411 0.0269876 
r2 -0.0107153 -0.00192423 0.999941 -0.0181239 
r3 0 0 0 1 

Frame 24
r0 0.999363 -0.0323073 0.0151736 0.0247385 
r1 0.0322351 0.999468 0.00497983 0.0282868 
r2 -0.0153264 -0.00448753 0.999872 -0.0181591 
r3 0 0 0 1 

Frame 25
r0 0.999217 -0.034648 0.0190884 0.0257613 
r1 0.0345089 0.999376 0.00755832 0.027723 
r2 -0.0193384 -0.00689369 0.999789 -0.0175535 
r3 0 0 0 1 

Frame 26
r0 0.999146 -0.0362616 0.0197872 0.0271264 
r1 0.0360854 0.999306 0.00919101 0.0275137 
r2 -0.0201067 -0.00846914 0.999762 -0.0179469 
r3 0 0 0 1 

Frame 27
r0 0.99924 -0.0339726 0.0191043 0.0299694 
r1 0.0337888 0.99938 0.00985569 0.0280566 
r2 -0.019427 -0.00920293 0.999769 -0.0188881 
r3 0 0 0 1 

Frame 28
r0 0.999232 -0.032959 0.0212045 0.0316733 
r1 0.0326867 0.99938 0.0130571 0.0258184 
r2 -0.0216214 -0.012354 0.99969 -0.0194679 
r3 0 0 0 1 

Frame 29
r0 0.999107 -0.0341652 0.0248518 0.0321126 
r1 0.033895 0.999362 0.0112204 0.0260727 
r2 -0.0252194 -0.0103681 0.999628 -0.0187411 
r3 0 0 0 1 

Frame 30
r0 0.99906 -0.0355426 0.0248225 0.0332602 
r1 0.0353604 0.999345 0.00773052 0.0275422 
r2 -0.0250809 -0.00684544 0.999662 -0.0191809 
r3 0 0 0 1 

Frame 31
r0 0.999209 -0.0333199 0.0216928 0.0366277 
r1 0.0332153 0.999435 0.00516515 0.0294191 
r2 -0.0218527 -0.00444052 0.999752 -0.0198659 
r3 0 0 0 1 

Frame 32
r0 0.999342 -0.0292927 0.0213601 0.0392832 
r1 0.0292089 0.999565 0.00422122 0.0297026 
r2 -0.0214745 -0.00359454 0.999763 -0.0201808 
r3 0 0 0 1 

Frame 33
r0 0.999333 -0.0283169 0.0230617 0.0400536 
r1 0.0282591 0.999597 0.00282877 0.0309219 
r2 -0.0231325 -0.00217518 0.99973 -0.0200266 
r3 0 0 0 1 

Frame 34
r0 0.999311 -0.0304388 0.0212227 0.0434508 
r1 0.0303661 0.999532 0.00374412 0.0312256 
r2 -0.0213268 -0.00309709 0.999768 -0.0198756 
r3 0 0 0 1 

Frame 35
r0 0.999415 -0.0288564 0.0183727 0.0482557 
r1 0.0287637 0.999572 0.00530189 0.0297159 
r2 -0.0185178 -0.00477031 0.999817 -0.0194941 
r3 0 0 0 1 

Frame 36
r0 0.999484 -0.0277625 0.0161368 0.0543525 
r1 0.0276702 0.9996 0.00591934 0.0301913 
r2 -0.0162947 -0.0054698 0.999852 -0.0190974 
r3 0 0 0 1 

Frame 37
r0 0.999472 -0.0276339 0.017092 0.0588355 
r1 0.0275222 0.999599 0.00671546 0.0306098 
r2 -0.0172707 -0.00624154 0.999831 -0.0170931 
r3 0 0 0 1 

Frame 38
r0 0.999523 -0.0264523 0.0159316 0.0635432 
r1 0.0263869 0.999642 0.00432004 0.0303142 
r2 -0.0160404 -0.00389762 0.999864 -0.0154739 
r3 0 0 0 1 

Frame 39
r0 0.99968 -0.0224219 0.0117507 0.0699917 
r1 0.0224027 0.999747 0.00176634 0.0326409 
r2 -0.0117872 -0.00150245 0.999929 -0.0149558 
r3 0 0 0 1 

Frame 40
r0 0.999787 -0.0187348 0.00870038 0.0767948 
r1 0.0187087 0.99982 0.00307137 0.0320383 
r2 -0.00875648 -0.00290802 0.999957 -0.0135091 
r3 0 0 0 1 

Frame 41
r0 0.999816 -0.0168643 0.00910264 0.0832274 
r1 0.0168686 0.999858 -0.000391543 0.0332127 
r2 -0.0090948 0.000545017 0.999958 -0.0115002 
r3 0 0 0 1 

Frame 42
r0 0.99989 -0.0133254 0.00653031 0.0911482 
r1 0.0133622 0.999895 -0.00558951 0.0356863 
r2 -0.00645509 0.00567612 0.999963 -0.0095745 
r3 0 0 0 1 

Frame 43
r0 0.999977 -0.00657029 0.00196123 0.100389 
r1 0.00658607 0.999942 -0.00852446 0.0386404 
r2 -0.00190513 0.00853711 0.999962 -0.00859812 
r3 0 0 0 1 

Frame 44
r0 0.999992 0.00400898 0.000437263 0.110217 
r1 -0.00400528 0.999963 -0.00762599 0.0402845 
r2 -0.000467766 0.00762425 0.999971 -0.00757627 
r3 0 0 0 1 

Frame 45
r0 0.999944 0.0100882 0.00317494 0.120032 
r1 -0.0100647 0.999922 -0.00741871 0.0429794 
r2 -0.00324941 0.00738641 0.999967 -0.00572272 
r3 0 0 0 1 

Frame 46
r0 0.999888 0.0136105 0.0063082 0.128684 
r1 -0.0135664 0.999884 -0.0069647 0.0447983 
r2 -0.00640225 0.00687818 0.999956 -0.0025826 
r3 0 0 0 1 

Frame 47
r0 0.999824 0.0178845 0.00564165 0.137961 
r1 -0.0178539 0.999825 -0.00552687 0.0457177 
r2 -0.00573916 0.00542504 0.999969 0.000932985 
r3 0 0 0 1 

Frame 48
r0 0.999692 0.0247414 0.00193712 0.146615 
r1 -0.0247312 0.999681 -0.00522606 0.0449574 
r2 -0.00206573 0.0051764 0.999985 0.00247243 
r3 0 0 0 1 

Frame 49
r0 0.99954 0.0302159 -0.00249344 0.15618 
r1 -0.0302281 0.99953 -0.00515931 0.0437875 
r2 0.00233604 0.00523312 0.999983 0.00274573 
r3 0 0 0 1 

Frame 50
r0 0.999551 0.0296619 -0.00431144 0.16578 
r1 -0.0296962 0.999526 -0.00804728 0.044242 
r2 0.00407061 0.00817123 0.999959 0.0017658 
r3 0 0 0 1 

Frame 51
r0 0.999657 0.026015 -0.00315082 0.177628 
r1 -0.0260442 0.999614 -0.00963342 0.0457874 
r2 0.00289904 0.00971243 0.999949 0.00361974 
r3 0 0 0 1 

Frame 52
r0 0.999733 0.0230974 0.000332706 0.186444 
r1 -0.0230908 0.999642 -0.0135125 0.0503122 
r2 -0.000644676 0.0135014 0.999909 0.0061216 
r3 0 0 0 1 

Frame 53
r0 0.999659 0.0259413 -0.00288174 0.193661 
r1 -0.0259888 0.999502 -0.0179102 0.0558428 
r2 0.00241568 0.0179789 0.999835 0.00944322 
r3 0 0 0 1 

Frame 54
r0 0.999443 0.0311963 -0.0118555 0.201858 
r1 -0.0313828 0.999381 -0.0158941 0.0586674 
r2 0.0113523 0.0162572 0.999804 0.00976721 
r3 0 0 0 1 

Frame 55
r0 0.999236 0.0343202 -0.0186601 0.213294 
r1 -0.0345248 0.999346 -0.0107479 0.0596752 
r2 0.018279 0.0113838 0.999769 0.0100816 
r3 0 0 0 1 

Frame 56
r0 0.999345 0.0315822 -0.0176556 0.223539 
r1 -0.0317244 0.999466 -0.00784132 0.0617711 
r2 0.0173985 0.00839621 0.999814 0.011197 
r3 0 0 0 1 

Frame 57
r0 0.999455 0.0298631 -0.0140455 0.231932 
r1 -0.029958 0.999529 -0.00659996 0.0650262 
r2 0.0138418 0.00701717 0.999879 0.0139631 
r3 0 0 0 1 

Frame 58
r0 0.999477 0.0295184 -0.0131798 0.239833 
r1 -0.0295878 0.999549 -0.00509405 0.0674357 
r2 0.0130234 0.00548133 0.9999 0.0154263 
r3 0 0 0 1 

Frame 59
r0 0.99951 0.0280966 -0.0137759 0.248722 
r1 -0.0280973 0.999605 0.000141706 0.0661659 
r2 0.0137745 0.000245443 0.999905 0.016288 
r3 0 0 0 1 

Frame 60
r0 0.999648 0.0236155 -0.0120641 0.256412 
r1 -0.02359 0.999719 0.0022636 0.0658992 
r2 0.0121142 -0.00197824 0.999925 0.0170733 
r3 0 0 0 1 

Frame 61
r0 0.999795 0.0172492 -0.0105611 0.263551 
r1 -0.0172225 0.999848 0.00260615 0.0671725 
r2 0.0106044 -0.00242369 0.999941 0.018119 
r3 0 0 0 1 

Frame 62
r0 0.999917 0.0101943 -0.00784391 0.277963 
r1 -0.0101721 0.999944 0.00285606 0.0671069 
r2 0.00787259 -0.00277602 0.999965 0.019108 
r3 0 0 0 1 

Frame 63
r0 0.99993 0.00868937 -0.00803204 0.278552 
r1 -0.00865737 0.999955 0.00401151 0.0661101 
r2 0.00806653 -0.00394169 0.99996 0.0176295 
r3 0 0 0 1 

Frame 64
r0 0.999971 0.00474176 -0.0059315 0.285033 
r1 -0.00472632 0.999986 0.00260207 0.0664014 
r2 0.00594387 -0.00257363 0.999979 0.0177325 
r3 0 0 0 1 

Frame 65
r0 0.999991 0.00210857 -0.00357491 0.290311 
r1 -0.00211459 0.999996 -0.00167613 0.0685122 
r2 0.00357142 0.00168382 0.999992 0.0178437 
r3 0 0 0 1 

Frame 66
r0 0.999999 -0.001582 0.000307478 0.300484 
r1 0.00158381 0.99998 -0.00610049 0.0723314 
r2 -0.000297911 0.00610057 0.999981 0.016515 
r3 0 0 0 1 

Frame 67
r0 0.999995 -0.00285543 0.000831287 0.300561 
r1 0.00286188 0.999964 -0.00796327 0.0740869 
r2 -0.000808436 0.00796562 0.999968 0.0164821 
r3 0 0 0 1 

Frame 68
r0 0.999982 -0.00552532 0.00261092 0.306509 
r1 0.00554615 0.999953 -0.00803497 0.0757814 
r2 -0.00256641 0.00804933 0.999964 0.0152593 
r3 0 0 0 1 

Frame 69
r0 0.999941 -0.00822689 0.00709328 0.308315 
r1 0.0082938 0.999921 -0.00942782 0.0774367 
r2 -0.00701515 0.00948608 0.999931 0.015343 
r3 0 0 0 1 

Frame 70
r0 0.999952 -0.00753444 0.00618522 0.312164 
r1 0.0076066 0.999902 -0.01173 0.0814569 
r2 -0.00609624 0.0117765 0.999912 0.0138716 
r3 0 0 0 1 

Frame 71
r0 0.999978 -0.00445783 0.00482871 0.317285 
r1 0.00450321 0.999945 -0.00947109 0.081721 
r2 -0.00478624 0.00949261 0.999943 0.0129737 
r3 0 0 0 1 

Frame 72
r0 0.999976 -0.00367236 0.00592775 0.324175 
r1 0.00374162 0.999925 -0.0116861 0.0859378 
r2 -0.0058844 0.0117081 0.999914 0.0116769 
r3 0 0 0 1 

Frame 73
r0 0.999926 -0.00494441 0.0111526 0.32898 
r1 0.00508752 0.999905 -0.012853 0.0907023 
r2 -0.011088 0.0129087 0.999855 0.0104351 
r3 0 0 0 1 

Frame 74
r0 0.99986 -0.00538175 0.0158612 0.332555 
r1 0.00557795 0.999908 -0.0123499 0.0948961 
r2 -0.0157933 0.0124366 0.999798 0.0103963 
r3 0 0 0 1 

Frame 75
r0 0.999878 -0.00221625 0.0154617 0.33586 
r1 0.00240523 0.999923 -0.0122121 0.0989813 
r2 -0.0154334 0.0122478 0.999806 0.00929389 
r3 0 0 0 1 

Frame 76
r0 0.999931 0.00101172 0.0117459 0.341054 
r1 -0.000876353 0.999933 -0.0115323 0.103545 
r2 -0.0117568 0.0115212 0.999864 0.0064639 
r3 0 0 0 1 

Frame 77
r0 0.99995 0.00340503 0.009347 0.348412 
r1 -0.00334048 0.999971 -0.00685543 0.105101 
r2 -0.00937008 0.00682387 0.999933 0.00405691 
r3 0 0 0 1 

Frame 78
r0 0.999939 0.00169834 0.0108827 0.355702 
r1 -0.00162175 0.999974 -0.00705207 0.110364 
r2 -0.0108944 0.00703396 0.999916 0.00205717 
r3 0 0 0 1 

Frame 79
r0 0.999928 0.00100115 0.0119042 0.36356 
r1 -0.00091663 0.999975 -0.00706125 0.116101 
r2 -0.0119111 0.00704992 0.999904 0.000437897 
r3 0 0 0 1 

Frame 80
r0 0.999903 0.00202492 0.013752 0.369546 
r1 -0.0019581 0.999987 -0.00482838 0.120339 
r2 -0.0137617 0.00480101 0.999894 -0.00199133 
r3 0 0 0 1 

Frame 81
r0 0.999895 0.00213838 0.0143618 0.377895 
r1 -0.00216661 0.999996 0.001963 0.12006 
r2 -0.0143575 -0.00199393 0.999895 -0.00359581 
r3 0 0 0 1 

Frame 82
r0 0.999849 -0.00416604 0.0168743 0.388475 
r1 0.00415167 0.999991 0.000887857 0.123947 
r2 -0.0168778 -0.000817621 0.999857 -0.00629141 
r3 0 0 0 1 

Frame 83
r0 0.999679 -0.0124641 0.0220706 0.399693 
r1 0.0124689 0.999922 -7.89855e-05 0.128744 
r2 -0.022068 0.000354202 0.999756 -0.00882683 
r3 0 0 0 1 

Frame 84
r0 0.999396 -0.0189864 0.0290933 0.410198 
r1 0.0190724 0.999815 -0.00267665 0.136228 
r2 -0.029037 0.00322989 0.999573 -0.0110628 
r3 0 0 0 1 

Frame 85
r0 0.999146 -0.0199582 0.0361851 0.415238 
r1 0.0201402 0.999786 -0.00467388 0.14195 
r2 -0.036084 0.00539856 0.999335 -0.0125451 
r3 0 0 0 1 

Frame 86
r0 0.999207 -0.0174354 0.0357976 0.418157 
r1 0.0177455 0.999808 -0.00836114 0.150331 
r2 -0.0356449 0.00898978 0.999324 -0.0149796 
r3 0 0 0 1 

Frame 87
r0 0.999522 -0.00946945 0.0294412 0.423965 
r1 0.00958597 0.999947 -0.0038182 0.15305 
r2 -0.0294034 0.00409856 0.999559 -0.0189724 
r3 0 0 0 1 

Frame 88
r0 0.999609 -0.0047107 0.0275462 0.432318 
r1 0.00470211 0.999989 0.000377595 0.155288 
r2 -0.0275478 -0.000248045 0.99962 -0.0233588 
r3 0 0 0 1 

Frame 89
r0 0.999354 -0.0105391 0.0343537 0.440785 
r1 0.0104109 0.999938 0.00390126 0.156976 
r2 -0.0343926 -0.00354105 0.999402 -0.0266681 
r3 0 0 0 1 

Frame 90
r0 0.998902 -0.0202189 0.0422743 0.448894 
r1 0.020045 0.999789 0.00453417 0.160994 
r2 -0.0423571 -0.00368181 0.999096 -0.0300114 
r3 0 0 0 1 

Frame 91
r0 0.998671 -0.021734 0.046724 0.452144 
r1 0.0215834 0.99976 0.00372573 0.165186 
r2 -0.0467938 -0.00271232 0.998901 -0.0321074 
r3 0 0 0 1 

Frame 92
r0 0.998898 -0.018167 0.0432711 0.455342 
r1 0.0181475 0.999835 0.000845905 0.171926 
r2 -0.0432793 -5.97183e-05 0.999063 -0.0344323 
r3 0 0 0 1 

Frame 93
r0 0.999218 -0.0138123 0.0370325 0.461916 
r1 0.0136204 0.999893 0.00542837 0.173112 
r2 -0.0371036 -0.00491974 0.999299 -0.0379605 
r3 0 0 0 1 

Frame 94
r0 0.999193 -0.0147771 0.0373653 0.468554 
r1 0.0143279 0.999822 0.0122618 0.171186 
r2 -0.0375398 -0.0117165 0.999226 -0.041117 
r3 0 0 0 1 

Frame 95
r0 0.999044 -0.0174194 0.040087 0.474719 
r1 0.017088 0.999817 0.00859189 0.174206 
r2 -0.0402294 -0.00789869 0.999159 -0.0446245 
r3 0 0 0 1 

Frame 96
r0 0.999083 -0.0162478 0.0396228 0.478792 
r1 0.0161926 0.999867 0.00171526 0.181541 
r2 -0.0396454 -0.00107212 0.999213 -0.0474719 
r3 0 0 0 1 

Frame 97
r0 0.999225 -0.0114417 0.0376459 0.482023 
r1 0.0115634 0.999929 -0.00301401 0.188866 
r2 -0.0376087 0.00344698 0.999287 -0.0498171 
r3 0 0 0 1 

Frame 98
r0 0.999608 0.00253868 0.0278907 0.485739 
r1 -0.00232494 0.999968 -0.00769511 0.204439 
r2 -0.0279093 0.00762726 0.999581 -0.0559682 
r3 0 0 0 1 

Frame 99
r0 0.999707 0.0112987 0.0214218 0.487428 
r1 -0.011279 0.999936 -0.0010401 0.208313 
r2 -0.0214322 0.000798175 0.99977 -0.0591293 
r3 0 0 0 1 

Frame 100
r0 0.99966 0.011075 0.0235819 0.485707 
r1 -0.0110421 0.999938 -0.00152378 0.209093 
r2 -0.0235973 0.00126287 0.999721 -0.0578683 
r3 0 0 0 1 

Frame 101
r0 0.999674 0.0241722 0.00814675 0.487536 
r1 -0.0241999 0.999702 0.00330841 0.210076 
r2 -0.00806434 -0.00350448 0.999962 -0.064928 
r3 0 0 0 1 

Frame 102
r0 0.999714 0.0232138 0.00569852 0.489866 
r1 -0.0232387 0.99972 0.00434646 0.209161 
r2 -0.00559603 -0.00447765 0.999974 -0.0670522 
r3 0 0 0 1 

Frame 103
r0 0.999587 0.0282837 -0.00512098 0.493644 
r1 -0.0282765 0.999599 0.00147034 0.210831 
r2 0.00516051 -0.00132493 0.999986 -0.071951 
r3 0 0 0 1 

Frame 104
r0 0.999421 0.0323734 -0.0104239 0.500185 
r1 -0.0323689 0.999476 0.000595868 0.213341 
r2 0.0104378 -0.000258148 0.999946 -0.0772027 
r3 0 0 0 1 

Frame 105
r0 0.999485 0.031992 0.00236795 0.509033 
r1 -0.031999 0.999484 0.00298701 0.214664 
r2 -0.00227117 -0.00306126 0.999993 -0.0813616 
r3 0 0 0 1 

Frame 106
r0 0.999524 0.0308265 -0.00144378 0.512359 
r1 -0.0308203 0.999516 0.00410641 0.213482 
r2 0.00156967 -0.00405995 0.999991 -0.0840335 
r3 0 0 0 1 

Frame 107
r0 0.999501 0.0314228 -0.00330153 0.513144 
r1 -0.0314326 0.999501 -0.0030018 0.218381 
r2 0.00320556 0.00310408 0.99999 -0.0844944 
r3 0 0 0 1 

Frame 108
r0 0.99937 0.0328379 -0.0134259 0.519757 
r1 -0.0328761 0.999456 -0.00263663 0.218977 
r2 0.013332 0.00307636 0.999906 -0.0876231 
r3 0 0 0 1 

Frame 109
r0 0.999444 0.0315512 -0.0107458 0.52632 
r1 -0.0315606 0.999502 -0.000697702 0.219435 
r2 0.0107184 0.00103647 0.999942 -0.088526 
r3 0 0 0 1 

Frame 110
r0 0.999572 0.0290959 -0.0028598 0.534654 
r1 -0.0290868 0.999572 0.00317434 0.216975 
r2 0.00295094 -0.0030898 0.999991 -0.0871599 
r3 0 0 0 1 

Frame 111
r0 0.999544 0.0301976 -0.000917788 0.538745 
r1 -0.0302031 0.999521 -0.00670018 0.223339 
r2 0.000715019 0.00672485 0.999977 -0.085437 
r3 0 0 0 1 

Frame 112
r0 0.999324 0.0361094 -0.00683144 0.540155 
r1 -0.0361613 0.999317 -0.00766137 0.223897 
r2 0.00655012 0.00790322 0.999947 -0.0847369 
r3 0 0 0 1 

Frame 113
r0 0.999193 0.0387116 -0.0106917 0.546103 
r1 -0.0387738 0.999232 -0.00568094 0.22348 
r2 0.0104637 0.0060911 0.999927 -0.0853642 
r3 0 0 0 1 

Frame 114
r0 0.999371 0.0354413 -0.00143203 0.552184 
r1 -0.0354421 0.999372 -0.000479251 0.218176 
r2 0.00141409 0.000529736 0.999999 -0.0849681 
r3 0 0 0 1 

Frame 115
r0 0.999557 0.028918 0.00706953 0.560723 
r1 -0.0289165 0.999582 -0.000331212 0.217423 
r2 -0.00707623 0.000126667 0.999975 -0.0828468 
r3 0 0 0 1 

Frame 116
r0 0.999558 0.0283858 0.00889937 0.565303 
r1 -0.028344 0.999587 -0.00479823 0.218773 
r2 -0.00903192 0.00454405 0.999949 -0.0811542 
r3 0 0 0 1 

Frame 117
r0 0.999483 0.0316805 0.00542864 0.568423 
r1 -0.0316485 0.999482 -0.00582796 0.21727 
r2 -0.00560997 0.00565311 0.999968 -0.0789085 
r3 0 0 0 1 

Frame 118
r0 0.999473 0.0324316 0.00164488 0.575055 
r1 -0.0324235 0.999463 -0.0046708 0.212651 
r2 -0.00179517 0.00461511 0.999988 -0.0764372 
r3 0 0 0 1 

Frame 119
r0 0.999691 0.0243343 0.00502206 0.582457 
r1 -0.0243021 0.999684 -0.00636084 0.211155 
r2 -0.00517565 0.00623671 0.999967 -0.0729654 
r3 0 0 0 1 

Frame 120
r0 0.999767 0.0178268 0.0122142 0.589837 
r1 -0.0177227 0.999806 -0.00861888 0.210837 
r2 -0.0123651 0.00840081 0.999888 -0.0683715 
r3 0 0 0 1 

Frame 121
r0 0.999691 0.0185054 0.0165684 0.595534 
r1 -0.0183017 0.999756 -0.012347 0.213999 
r2 -0.0167929 0.01204 0.999787 -0.063759 
r3 0 0 0 1 

Frame 122
r0 0.999541 0.0270616 0.0136526 0.607608 
r1 -0.026952 0.999604 -0.0081537 0.208736 
r2 -0.0138678 0.00778201 0.999873 -0.0548468 
r3 0 0 0 1 

Frame 123
r0 0.999572 0.0270384 0.0111836 0.610162 
r1 -0.0269596 0.999611 -0.00718232 0.208353 
r2 -0.0113734 0.00687774 0.999912 -0.0552112 
r3 0 0 0 1 

Frame 124
r0 0.999647 0.0244804 0.0102962 0.618212 
r1 -0.024421 0.999685 -0.00584576 0.204037 
r2 -0.0104361 0.00559226 0.99993 -0.0506769 
r3 0 0 0 1 

Frame 125
r0 0.99968 0.0245344 0.00605082 0.63684 
r1 -0.0244396 0.999584 -0.0152706 0.203297 
r2 -0.00642296 0.0151178 0.999866 -0.0407098 
r3 0 0 0 1 

Frame 126
r0 0.99964 0.0252908 0.00896723 0.633964 
r1 -0.0251443 0.999554 -0.0160939 0.203864 
r2 -0.00937026 0.0158626 0.99983 -0.0393335 
r3 0 0 0 1 

Frame 127
r0 0.999591 0.0278825 0.00641501 0.647375 
r1 -0.0277823 0.999498 -0.0151964 0.200717 
r2 -0.00683552 0.015012 0.999864 -0.0345379 
r3 0 0 0 1 

Frame 128
r0 0.999536 0.0290818 0.00901634 0.657832 
r1 -0.0289164 0.99942 -0.0179927 0.197317 
r2 -0.00953437 0.0177236 0.999797 -0.0279893 
r3 0 0 0 1 

Frame 129
r0 0.999247 0.0387022 0.00264351 0.684913 
r1 -0.038611 0.998845 -0.0285983 0.201495 
r2 -0.00374727 0.0284747 0.999588 -0.0182112 
r3 0 0 0 1 

Frame 130
r0 0.999217 0.039312 0.00451978 0.683251 
r1 -0.039168 0.998827 -0.0284535 0.201472 
r2 -0.00563305 0.0282542 0.999585 -0.016469 
r3 0 0 0 1 

Frame 131
r0 0.998992 0.0445653 0.00537606 0.69819 
r1 -0.0444191 0.998705 -0.0247952 0.200616 
r2 -0.0064741 0.0245314 0.999678 -0.0116643 
r3 0 0 0 1 

Frame 132
r0 0.998909 0.0455027 0.0104576 0.709399 
r1 -0.0452935 0.998785 -0.019441 0.194404 
r2 -0.0113295 0.0189461 0.999756 -0.00568503 
r3 0 0 0 1 

Frame 133
r0 0.999045 0.0432388 0.00634415 0.720378 
r1 -0.043058 0.998726 -0.0263039 0.195292 
r2 -0.00747341 0.0260056 0.999634 -0.00204406 
r3 0 0 0 1 

Frame 134
r0 0.9988 0.048547 -0.00653568 0.732339 
r1 -0.0487328 0.998294 -0.0321496 0.197296 
r2 0.00496377 0.0324296 0.999462 0.00100605 
r3 0 0 0 1 

Frame 135
r0 0.998031 0.0603749 -0.0170319 0.744745 
r1 -0.0608924 0.997641 -0.0316881 0.194753 
r2 0.0150786 0.0326628 0.999353 0.00398397 
r3 0 0 0 1 

Frame 136
r0 0.997465 0.0684183 -0.0195455 0.756563 
r1 -0.0689965 0.997147 -0.0306268 0.19084 
r2 0.0173943 0.0318978 0.99934 0.00698212 
r3 0 0 0 1 

Frame 137
r0 0.997539 0.0678361 -0.0177115 0.767339 
r1 -0.0684005 0.997096 -0.0334819 0.188825 
r2 0.0153888 0.034611 0.999282 0.00995112 
r3 0 0 0 1 

Frame 138
r0 0.997535 0.0677478 -0.0182969 0.776318 
r1 -0.0684458 0.996825 -0.0406918 0.190064 
r2 0.015482 0.0418438 0.999004 0.0129248 
r3 0 0 0 1 

Frame 139
r0 0.997063 0.0722228 -0.02549 0.786702 
r1 -0.0733256 0.996276 -0.0453486 0.191613 
r2 0.0221199 0.0470844 0.998646 0.0145396 
r3 0 0 0 1 

Frame 140
r0 0.996256 0.0798475 -0.0331403 0.797695 
r1 -0.0813091 0.995656 -0.0453695 0.190535 
r2 0.0293737 0.0478943 0.99842 0.0165096 
r3 0 0 0 1 

Frame 141
r0 0.995774 0.084192 -0.0366867 0.808852 
r1 -0.0858474 0.995238 -0.0461614 0.191553 
r2 0.0326256 0.0491158 0.99826 0.0183317 
r3 0 0 0 1 

Frame 142
r0 0.995674 0.0853546 -0.0366998 0.816616 
r1 -0.0870101 0.995137 -0.0461703 0.190673 
r2 0.0325805 0.0491639 0.998259 0.0209576 
r3 0 0 0 1 

Frame 143
r0 0.995488 0.0843796 -0.0433904 0.826076 
r1 -0.0866382 0.994823 -0.0531125 0.195267 
r2 0.0386841 0.0566321 0.997646 0.0221524 
r3 0 0 0 1 

Frame 144
r0 0.994951 0.0869984 -0.0500314 0.834353 
r1 -0.0896309 0.994562 -0.0530269 0.195666 
r2 0.0451461 0.0572435 0.997339 0.0237354 
r3 0 0 0 1 

Frame 145
r0 0.994319 0.0909675 -0.0552689 0.843055 
r1 -0.0939218 0.994145 -0.0534347 0.195819 
r2 0.0500844 0.0583221 0.99704 0.0244309 
r3 0 0 0 1 

Frame 146
r0 0.994058 0.0923183 -0.0576809 0.850393 
r1 -0.0955469 0.99385 -0.0559715 0.197389 
r2 0.052159 0.0611501 0.996765 0.0255796 
r3 0 0 0 1 

Frame 147
r0 0.993877 0.0928811 -0.059848 0.857052 
r1 -0.0962954 0.993723 -0.0569378 0.199165 
r2 0.0541839 0.0623522 0.996582 0.0265322 
r3 0 0 0 1 

Frame 148
r0 0.993501 0.0943032 -0.0637386 0.865273 
r1 -0.0978124 0.993718 -0.054382 0.198978 
r2 0.0582098 0.060263 0.996484 0.0273308 
r3 0 0 0 1 

Frame 149
r0 0.993119 0.0966578 -0.0661236 0.872024 
r1 -0.100204 0.993576 -0.0525888 0.199322 
r2 0.0606157 0.0588528 0.996425 0.0282389 
r3 0 0 0 1 

Frame 150
r0 0.993121 0.0954816 -0.0677811 0.878244 
r1 -0.0990595 0.993746 -0.0515294 0.199217 
r2 0.0624371 0.0578892 0.996369 0.0289405 
r3 0 0 0 1 

Frame 151
r0 0.993278 0.0916785 -0.070672 0.887271 
r1 -0.0954216 0.994102 -0.0515375 0.199461 
r2 0.0655305 0.0579345 0.996167 0.0300612 
r3 0 0 0 1 

Frame 152
r0 0.993566 0.0885517 -0.0706035 0.894976 
r1 -0.09229 0.994396 -0.0515628 0.19932 
r2 0.0656421 0.0577468 0.996171 0.0310165 
r3 0 0 0 1 

Frame 153
r0 0.993734 0.0868818 -0.0703098 0.901332 
r1 -0.0906855 0.994477 -0.0528399 0.200549 
r2 0.0653308 0.0588848 0.996125 0.0317624 
r3 0 0 0 1 

Frame 154
r0 0.99379 0.085005 -0.0717977 0.90885 
r1 -0.088917 0.994619 -0.0531645 0.20117 
r2 0.0668924 0.0592183 0.996001 0.0328063 
r3 0 0 0 1 

Frame 155
r0 0.994188 0.0810747 -0.0708247 0.916751 
r1 -0.0848222 0.995059 -0.0516079 0.201282 
r2 0.0662909 0.0573154 0.996153 0.0338123 
r3 0 0 0 1 

Frame 156
r0 0.995793 0.0670313 -0.0624821 0.935833 
r1 -0.0702353 0.996248 -0.0505741 0.204665 
r2 0.0588577 0.0547497 0.996764 0.0362234 
r3 0 0 0 1 

Frame 157
r0 0.995769 0.0649753 -0.0649874 0.937428 
r1 -0.0683688 0.996334 -0.051423 0.204765 
r2 0.061408 0.0556484 0.99656 0.0355827 
r3 0 0 0 1 

Frame 158
r0 0.996257 0.0626182 -0.0595967 0.944561 
r1 -0.0657753 0.996448 -0.0525816 0.208105 
r2 0.0560924 0.0563049 0.996837 0.0372813 
r3 0 0 0 1 

Frame 159
r0 0.996393 0.0619042 -0.0580441 0.952337 
r1 -0.0650236 0.996449 -0.0534846 0.211531 
r2 0.0545272 0.057066 0.99688 0.0379992 
r3 0 0 0 1 

Frame 160
r0 0.996529 0.0608903 -0.0567738 0.960036 
r1 -0.0637334 0.996729 -0.0496912 0.211799 
r2 0.0535623 0.053137 0.99715 0.0375311 
r3 0 0 0 1 

Frame 161
r0 0.996919 0.0576367 -0.0532029 0.968683 
r1 -0.0602149 0.997021 -0.0481998 0.213446 
r2 0.0502663 0.0512549 0.99742 0.0374729 
r3 0 0 0 1 

Frame 162
r0 0.997727 0.0503202 -0.0448172 0.983294 
r1 -0.0525445 0.99737 -0.0499192 0.220292 
r2 0.0421874 0.0521607 0.997747 0.0371548 
r3 0 0 0 1 

Frame 163
r0 0.997676 0.0474716 -0.0488712 0.986614 
r1 -0.049887 0.99753 -0.0494512 0.219306 
r2 0.0464029 0.0517743 0.99758 0.0350995 
r3 0 0 0 1 

Frame 164
r0 0.997753 0.0472614 -0.047484 0.994992 
r1 -0.0496286 0.997517 -0.049976 0.222939 
r2 0.0450041 0.0522203 0.997621 0.0346861 
r3 0 0 0 1 

Frame 165
r0 0.99796 0.0459096 -0.0443648 1.00384 
r1 -0.0481876 0.997498 -0.051723 0.227737 
r2 0.0418792 0.0537553 0.997675 0.0334239 
r3 0 0 0 1 

Frame 166
r0 0.998127 0.0454462 -0.0409581 1.01321 
r1 -0.0475035 0.997581 -0.0507475 0.231393 
r2 0.0385527 0.0525981 0.997871 0.0321589 
r3 0 0 0 1 

Frame 167
r0 0.998245 0.0451702 -0.03831 1.02279 
r1 -0.0471683 0.997482 -0.0529677 0.238724 
r2 0.035821 0.0546817 0.997861 0.0307463 
r3 0 0 0 1 

Frame 168
r0 0.998259 0.0452496 -0.0378448 1.03418 
r1 -0.0471365 0.997609 -0.0505404 0.243295 
r2 0.0354673 0.0522363 0.998005 0.0292551 
r3 0 0 0 1 

Frame 169
r0 0.998492 0.0427043 -0.0344828 1.04449 
r1 -0.0443563 0.99783 -0.0486635 0.248142 
r2 0.0323299 0.0501197 0.99822 0.0281593 
r3 0 0 0 1 

Frame 170
r0 0.999047 0.0349667 -0.0261208 1.06485 
r1 -0.0361184 0.998334 -0.045009 0.257577 
r2 0.0245034 0.0459095 0.998645 0.0265204 
r3 0 0 0 1 

Frame 171
r0 0.999121 0.0326558 -0.0262796 1.06479 
r1 -0.0338207 0.998406 -0.0451763 0.25738 
r2 0.0247625 0.0460254 0.998633 0.0254147 
r3 0 0 0 1 

Frame 172
r0 0.998896 0.0378003 -0.0278805 1.07415 
r1 -0.0390623 0.998168 -0.0462067 0.263603 
r2 0.0260828 0.0472447 0.998543 0.0246857 
r3 0 0 0 1 

Frame 173
r0 0.998721 0.0399038 -0.0310304 1.08719 
r1 -0.0412662 0.998153 -0.0445868 0.268842 
r2 0.0291939 0.0458103 0.998524 0.0227901 
r3 0 0 0 1 

Frame 174
r0 0.99911 0.0368307 -0.020556 1.09743 
r1 -0.0375226 0.998705 -0.0343512 0.265329 
r2 0.0192642 0.0350919 0.999199 0.0216384 
r3 0 0 0 1 

Frame 175
r0 0.999551 0.0278712 -0.0110031 1.10893 
r1 -0.0282526 0.998946 -0.0361884 0.266497 
r2 0.00998291 0.0364831 0.999284 0.0210029 
r3 0 0 0 1 

Frame 176
r0 0.999687 0.0239355 -0.00721837 1.11644 
r1 -0.024202 0.998929 -0.0394212 0.269907 
r2 0.00626707 0.0395836 0.999197 0.0205245 
r3 0 0 0 1 

Frame 177
r0 0.99955 0.0281733 -0.010286 1.12574 
r1 -0.0285575 0.998818 -0.0393245 0.271659 
r2 0.00916598 0.0396005 0.999173 0.0193559 
r3 0 0 0 1 

Frame 178
r0 0.999432 0.0321067 -0.0102426 1.13494 
r1 -0.0324874 0.998693 -0.039466 0.274305 
r2 0.0089621 0.0397763 0.999168 0.018241 
r3 0 0 0 1 

Frame 179
r0 0.999577 0.0290037 -0.00187044 1.14128 
r1 -0.0290514 0.998968 -0.0349191 0.273234 
r2 0.000855721 0.0349587 0.999389 0.0178384 
r3 0 0 0 1 

Frame 180
r0 0.999792 0.0198548 0.00464443 1.14906 
r1 -0.0196796 0.99919 -0.0350934 0.273369 
r2 -0.00533745 0.0349947 0.999373 0.0170365 
r3 0 0 0 1 

Frame 181
r0 0.999848 0.0158623 0.00724433 1.15634 
r1 -0.0155986 0.999262 -0.0351064 0.273309 
r2 -0.00779585 0.0349881 0.999357 0.017003 
r3 0 0 0 1 

Frame 182
r0 0.99985 0.0155424 0.00764403 1.16531 
r1 -0.0152663 0.999274 -0.034909 0.272797 
r2 -0.00818105 0.034787 0.999361 0.0172353 
r3 0 0 0 1 

Frame 183
r0 0.99982 0.0157933 0.0104837 1.17318 
r1 -0.0153923 0.999187 -0.037269 0.272135 
r2 -0.0110638 0.0371009 0.99925 0.0182557 
r3 0 0 0 1 

Frame 184
r0 0.999822 0.013521 0.0131644 1.18131 
r1 -0.0129808 0.999104 -0.0402818 0.271709 
r2 -0.0136973 0.0401038 0.999102 0.0195273 
r3 0 0 0 1 

Frame 185
r0 0.999777 0.0128833 0.0167054 1.18992 
r1 -0.0121668 0.999031 -0.0423004 0.272406 
r2 -0.0172342 0.0420878 0.998966 0.0214448 
r3 0 0 0 1 

Frame 186
r0 0.999642 0.0152448 0.0219844 1.19763 
r1 -0.014346 0.999078 -0.0404761 0.270504 
r2 -0.0225812 0.0401462 0.998939 0.0237351 
r3 0 0 0 1 

Frame 187
r0 0.9995 0.0176183 0.0262424 1.20361 
r1 -0.0165542 0.999054 -0.0402189 0.270062 
r2 -0.0269261 0.0397643 0.998846 0.0264978 
r3 0 0 0 1 

Frame 188
r0 0.99949 0.0199766 0.0249236 1.21025 
r1 -0.0189917 0.999053 -0.0391443 0.268183 
r2 -0.0256819 0.0386509 0.998923 0.029169 
r3 0 0 0 1 

Frame 189
r0 0.999573 0.0216803 0.0196091 1.21993 
r1 -0.0208909 0.998997 -0.039588 0.267353 
r2 -0.0204478 0.0391616 0.999024 0.0320434 
r3 0 0 0 1 

Frame 190
r0 0.999585 0.0225287 0.0179636 1.22925 
r1 -0.0218481 0.999068 -0.0372186 0.262912 
r2 -0.0187853 0.0368107 0.999146 0.0356773 
r3 0 0 0 1 

Frame 191
r0 0.999588 0.0227485 0.0174932 1.23847 
r1 -0.022029 0.998945 -0.0402865 0.260001 
r2 -0.0183912 0.0398846 0.999035 0.0397493 
r3 0 0 0 1 

Frame 192
r0 0.999589 0.025153 0.0137833 1.24888 
r1 -0.0245246 0.99873 -0.0440057 0.258628 
r2 -0.0148727 0.0436495 0.998936 0.0438713 
r3 0 0 0 1 

Frame 193
r0 0.999463 0.0311119 0.0102914 1.26038 
r1 -0.0306113 0.998487 -0.045679 0.255059 
r2 -0.011697 0.0453394 0.998903 0.0486174 
r3 0 0 0 1 

Frame 194
r0 0.9993 0.0363769 0.00870742 1.2724 
r1 -0.0359006 0.998118 -0.0497229 0.252085 
r2 -0.0104999 0.0493758 0.998725 0.0533875 
r3 0 0 0 1 

Frame 195
r0 0.999193 0.0396423 0.00642507 1.28497 
r1 -0.0392335 0.997738 -0.0545843 0.248798 
r2 -0.00857437 0.0542881 0.998488 0.0581077 
r3 0 0 0 1 

Frame 196
r0 0.999044 0.0434388 0.00497342 1.29751 
r1 -0.0430434 0.997113 -0.0625528 0.247989 
r2 -0.00767628 0.0622789 0.998029 0.0639848 
r3 0 0 0 1 

Frame 197
r0 0.998714 0.0505196 0.0042254 1.31253 
r1 -0.050121 0.996469 -0.0673653 0.246977 
r2 -0.00761375 0.0670669 0.997719 0.0694796 
r3 0 0 0 1 

Frame 198
r0 0.998342 0.0570161 0.00788359 1.32523 
r1 -0.0563425 0.996046 -0.0686866 0.242713 
r2 -0.0117687 0.0681286 0.997607 0.0754169 
r3 0 0 0 1 

Frame 199
r0 0.998264 0.0581998 0.00906013 1.33793 
r1 -0.0573741 0.995611 -0.0739335 0.242656 
r2 -0.0133233 0.0732852 0.997222 0.0809027 
r3 0 0 0 1 

Frame 200
r0 0.998297 0.0575665 0.00945902 1.35057 
r1 -0.0566972 0.995563 -0.0750932 0.239766 
r2 -0.0137399 0.074429 0.997131 0.0866778 
r3 0 0 0 1 

Frame 201
r0 0.998218 0.0589588 0.00914126 1.3632 
r1 -0.0581037 0.995449 -0.0755318 0.236402 
r2 -0.0135529 0.0748661 0.997102 0.0929735 
r3 0 0 0 1 

Frame 202
r0 0.997956 0.0635489 0.00674754 1.37564 
r1 -0.0628212 0.994903 -0.078869 0.235853 
r2 -0.0117252 0.0782837 0.996862 0.0984214 
r3 0 0 0 1 

Frame 203
r0 0.99783 0.0657638 0.00323491 1.3925 
r1 -0.0652898 0.994603 -0.0806379 0.236379 
r2 -0.00852051 0.0802517 0.996738 0.102999 
r3 0 0 0 1 

Frame 204
r0 0.998017 0.0609131 0.0158422 1.41553 
r1 -0.0594691 0.995054 -0.0795694 0.231473 
r2 -0.0206107 0.0784695 0.996704 0.113975 
r3 0 0 0 1 

Frame 205
r0 0.997935 0.0622428 0.015853 1.41501 
r1 -0.0607872 0.994948 -0.0798995 0.231699 
r2 -0.0207461 0.0787709 0.996677 0.114075 
r3 0 0 0 1 

Frame 206
r0 0.998014 0.0606141 0.0171278 1.4245 
r1 -0.0590564 0.995028 -0.0801986 0.231708 
r2 -0.0219038 0.0790278 0.996632 0.119282 
r3 0 0 0 1 

Frame 207
r0 0.998031 0.0610434 0.0143903 1.43627 
r1 -0.0597783 0.995301 -0.0761689 0.228182 
r2 -0.0189723 0.0751587 0.996991 0.122726 
r3 0 0 0 1 

Frame 208
r0 0.998171 0.0583224 0.0159067 1.44638 
r1 -0.0570017 0.995654 -0.0736477 0.224044 
r2 -0.0201329 0.0726063 0.997157 0.126297 
r3 0 0 0 1 

Frame 209
r0 0.998442 0.0526447 0.0184855 1.45576 
r1 -0.0511704 0.996035 -0.0727704 0.220684 
r2 -0.0222432 0.0717111 0.997177 0.130421 
r3 0 0 0 1 

Frame 210
r0 0.998579 0.0487871 0.0214493 1.46352 
r1 -0.047086 0.996167 -0.0737147 0.219328 
r2 -0.0249634 0.0726 0.997048 0.134031 
r3 0 0 0 1 

Frame 211
r0 0.9987 0.0450651 0.0238374 1.47164 
r1 -0.0432197 0.996398 -0.0729657 0.218276 
r2 -0.0270397 0.0718406 0.99705 0.137357 
r3 0 0 0 1 

Frame 212
r0 0.998739 0.0415904 0.0281138 1.47797 
r1 -0.039462 0.996592 -0.0724285 0.217124 
r2 -0.0310303 0.0712278 0.996978 0.141007 
r3 0 0 0 1 

Frame 213
r0 0.998899 0.0352727 0.0309154 1.48435 
r1 -0.033029 0.996979 -0.0703076 0.21571 
r2 -0.033302 0.0692091 0.997046 0.143993 
r3 0 0 0 1 

Frame 214
r0 0.998966 0.0307351 0.0334941 1.49058 
r1 -0.0283772 0.997232 -0.068731 0.214147 
r2 -0.0355138 0.0677094 0.997073 0.146488 
r3 0 0 0 1 

Frame 215
r0 0.999027 0.0261723 0.0355053 1.49807 
r1 -0.0237921 0.997544 -0.0658809 0.212996 
r2 -0.0371423 0.0649721 0.997196 0.148736 
r3 0 0 0 1 

Frame 216
r0 0.998934 0.0204528 0.0413744 1.50243 
r1 -0.0178288 0.997865 -0.062825 0.211353 
r2 -0.042571 0.0620204 0.997167 0.150823 
r3 0 0 0 1 

Frame 217
r0 0.998815 0.0118781 0.0471912 1.50639 
r1 -0.00893193 0.998026 -0.0621611 0.21122 
r2 -0.0478365 0.0616659 0.99695 0.155256 
r3 0 0 0 1 

Frame 218
r0 0.998812 0.00524583 0.0484389 1.51127 
r1 -0.00223522 0.998074 -0.0619979 0.211986 
r2 -0.0486709 0.061816 0.9969 0.158351 
r3 0 0 0 1 

Frame 219
r0 0.99881 0.00275397 0.0486842 1.51433 
r1 0.000205338 0.998157 -0.0606772 0.211738 
r2 -0.0487616 0.060615 0.99697 0.160355 
r3 0 0 0 1 

Frame 220
r0 0.998769 0.00169826 0.0495696 1.5164 
r1 0.00120466 0.998289 -0.0584666 0.212334 
r2 -0.049584 0.0584543 0.997058 0.161504 
r3 0 0 0 1 

Frame 221
r0 0.998697 -0.000879675 0.051024 1.51925 
r1 0.00357544 0.998601 -0.0527653 0.210512 
r2 -0.0509062 0.052879 0.997303 0.162285 
r3 0 0 0 1 

Frame 222
r0 0.998556 -0.00425196 0.0535439 1.52107 
r1 0.00701779 0.998645 -0.0515698 0.209886 
r2 -0.0532521 0.0518712 0.997233 0.163506 
r3 0 0 0 1 

Frame 223
r0 0.998632 -0.0074549 0.0517579 1.52695 
r1 0.0101028 0.998643 -0.0510882 0.20877 
r2 -0.0513068 0.0515412 0.997352 0.164162 
r3 0 0 0 1 

Frame 223
r0 0.998632 -0.0074549 0.0517579 1.52695 
r1 0.0101028 0.998643 -0.0510882 0.20877 
r2 -0.0513068 0.0515412 0.997352 0.164162 
r3 0 0 0 1 

Frame 223
r0 0.998632 -0.0074549 0.0517579 1.52695 
r1 0.0101028 0.998643 -0.0510882 0.20877 
r2 -0.0513068 0.0515412 0.997352 0.164162 
r3 0 0 0 1 

Frame 223
r0 0.998632 -0.0074549 0.0517579 1.52695 
r1 0.0101028 0.998643 -0.0510882 0.20877 
r2 -0.0513068 0.0515412 0.997352 0.164162 
r3 0 0 0 1 

Frame 223
r0 0.998632 -0.0074549 0.0517579 1.52695 
r1 0.0101028 0.998643 -0.0510882 0.20877 
r2 -0.0513068 0.0515412 0.997352 0.164162 
r3 0 0 0 1 

Frame 223
r0 0.998632 -0.0074549 0.0517579 1.52695 
r1 0.0101028 0.998643 -0.0510882 0.20877 
r2 -0.0513068 0.0515412 0.997352 0.164162 
r3 0 0 0 1 

Frame 223
r0 0.998632 -0.0074549 0.0517579 1.52695 
r1 0.0101028 0.998643 -0.0510882 0.20877 
r2 -0.0513068 0.0515412 0.997352 0.164162 
r3 0 0 0 1 

Frame 223
r0 0.998632 -0.0074549 0.0517579 1.52695 
r1 0.0101028 0.998643 -0.0510882 0.20877 
r2 -0.0513068 0.0515412 0.997352 0.164162 
r3 0 0 0 1 

Frame 223
r0 0.998632 -0.0074549 0.0517579 1.52695 
r1 0.0101028 0.998643 -0.0510882 0.20877 
r2 -0.0513068 0.0515412 0.997352 0.164162 
r3 0 0 0 1 

Frame 223
r0 0.998632 -0.0074549 0.0517579 1.52695 
r1 0.0101028 0.998643 -0.0510882 0.20877 
r2 -0.0513068 0.0515412 0.997352 0.164162 
r3 0 0 0 1 

Frame 223
r0 0.998632 -0.0074549 0.0517579 1.52695 
r1 0.0101028 0.998643 -0.0510882 0.20877 
r2 -0.0513068 0.0515412 0.997352 0.164162 
r3 0 0 0 1 

Frame 223
r0 0.998632 -0.0074549 0.0517579 1.52695 
r1 0.0101028 0.998643 -0.0510882 0.20877 
r2 -0.0513068 0.0515412 0.997352 0.164162 
r3 0 0 0 1 

Frame 223
r0 0.998632 -0.0074549 0.0517579 1.52695 
r1 0.0101028 0.998643 -0.0510882 0.20877 
r2 -0.0513068 0.0515412 0.997352 0.164162 
r3 0 0 0 1 

Frame 223
r0 0.998632 -0.0074549 0.0517579 1.52695 
r1 0.0101028 0.998643 -0.0510882 0.20877 
r2 -0.0513068 0.0515412 0.997352 0.164162 
r3 0 0 0 1 

Frame 223
r0 0.998632 -0.0074549 0.0517579 1.52695 
r1 0.0101028 0.998643 -0.0510882 0.20877 
r2 -0.0513068 0.0515412 0.997352 0.164162 
r3 0 0 0 1 

Frame 223
r0 0.998632 -0.0074549 0.0517579 1.52695 
r1 0.0101028 0.998643 -0.0510882 0.20877 
r2 -0.0513068 0.0515412 0.997352 0.164162 
r3 0 0 0 1 

Frame 223
r0 0.998632 -0.0074549 0.0517579 1.52695 
r1 0.0101028 0.998643 -0.0510882 0.20877 
r2 -0.0513068 0.0515412 0.997352 0.164162 
r3 0 0 0 1 

Frame 223
r0 0.998632 -0.0074549 0.0517579 1.52695 
r1 0.0101028 0.998643 -0.0510882 0.20877 
r2 -0.0513068 0.0515412 0.997352 0.164162 
r3 0 0 0 1 

Frame 223
r0 0.998632 -0.0074549 0.0517579 1.52695 
r1 0.0101028 0.998643 -0.0510882 0.20877 
r2 -0.0513068 0.0515412 0.997352 0.164162 
r3 0 0 0 1 

Frame 223
r0 0.998632 -0.0074549 0.0517579 1.52695 
r1 0.0101028 0.998643 -0.0510882 0.20877 
r2 -0.0513068 0.0515412 0.997352 0.164162 
r3 0 0 0 1 

Frame 223
r0 0.998632 -0.0074549 0.0517579 1.52695 
r1 0.0101028 0.998643 -0.0510882 0.20877 
r2 -0.0513068 0.0515412 0.997352 0.164162 
r3 0 0 0 1 

Frame 223
r0 0.998632 -0.0074549 0.0517579 1.52695 
r1 0.0101028 0.998643 -0.0510882 0.20877 
r2 -0.0513068 0.0515412 0.997352 0.164162 
r3 0 0 0 1 

Frame 223
r0 0.998632 -0.0074549 0.0517579 1.52695 
r1 0.0101028 0.998643 -0.0510882 0.20877 
r2 -0.0513068 0.0515412 0.997352 0.164162 
r3 0 0 0 1 

Frame 223
r0 0.998632 -0.0074549 0.0517579 1.52695 
r1 0.0101028 0.998643 -0.0510882 0.20877 
r2 -0.0513068 0.0515412 0.997352 0.164162 
r3 0 0 0 1 

Frame 223
r0 0.998632 -0.0074549 0.0517579 1.52695 
r1 0.0101028 0.998643 -0.0510882 0.20877 
r2 -0.0513068 0.0515412 0.997352 0.164162 
r3 0 0 0 1 

Frame 223
r0 0.998632 -0.0074549 0.0517579 1.52695 
r1 0.0101028 0.998643 -0.0510882 0.20877 
r2 -0.0513068 0.0515412 0.997352 0.164162 
r3 0 0 0 1 

Frame 223
r0 0.998632 -0.0074549 0.0517579 1.52695 
r1 0.0101028 0.998643 -0.0510882 0.20877 
r2 -0.0513068 0.0515412 0.997352 0.164162 
r3 0 0 0 1 

Frame 223
r0 0.998632 -0.0074549 0.0517579 1.52695 
r1 0.0101028 0.998643 -0.0510882 0.20877 
r2 -0.0513068 0.0515412 0.997352 0.164162 
r3 0 0 0 1 

Frame 223
r0 0.998632 -0.0074549 0.0517579 1.52695 
r1 0.0101028 0.998643 -0.0510882 0.20877 
r2 -0.0513068 0.0515412 0.997352 0.164162 
r3 0 0 0 1 

Frame 223
r0 0.998632 -0.0074549 0.0517579 1.52695 
r1 0.0101028 0.998643 -0.0510882 0.20877 
r2 -0.0513068 0.0515412 0.997352 0.164162 
r3 0 0 0 1 

Frame 223
r0 0.998632 -0.0074549 0.0517579 1.52695 
r1 0.0101028 0.998643 -0.0510882 0.20877 
r2 -0.0513068 0.0515412 0.997352 0.164162 
r3 0 0 0 1 

Frame 223
r0 0.998632 -0.0074549 0.0517579 1.52695 
r1 0.0101028 0.998643 -0.0510882 0.20877 
r2 -0.0513068 0.0515412 0.997352 0.164162 
r3 0 0 0 1 

Frame 223
r0 0.998632 -0.0074549 0.0517579 1.52695 
r1 0.0101028 0.998643 -0.0510882 0.20877 
r2 -0.0513068 0.0515412 0.997352 0.164162 
r3 0 0 0 1 

Frame 223
r0 0.998632 -0.0074549 0.0517579 1.52695 
r1 0.0101028 0.998643 -0.0510882 0.20877 
r2 -0.0513068 0.0515412 0.997352 0.164162 
r3 0 0 0 1 

Frame 223
r0 0.998632 -0.0074549 0.0517579 1.52695 
r1 0.0101028 0.998643 -0.0510882 0.20877 
r2 -0.0513068 0.0515412 0.997352 0.164162 
r3 0 0 0 1 

Frame 223
r0 0.998632 -0.0074549 0.0517579 1.52695 
r1 0.0101028 0.998643 -0.0510882 0.20877 
r2 -0.0513068 0.0515412 0.997352 0.164162 
r3 0 0 0 1 

Frame 223
r0 0.998632 -0.0074549 0.0517579 1.52695 
r1 0.0101028 0.998643 -0.0510882 0.20877 
r2 -0.0513068 0.0515412 0.997352 0.164162 
r3 0 0 0 1 

