Frame 1
r0 1 0 0 0 
r1 0 1 0 0 
r2 0 0 1 0 
r3 0 0 0 1 

Frame 2
r0 0.99999 -0.000922933 -0.00440128 0.000308675 
r1 0.000920976 1 -0.000440834 -0.00123188 
r2 0.00440169 0.000436776 0.99999 -0.000200145 
r3 0 0 0 1 

Frame 3
r0 0.999978 0.00140789 -0.00648372 0.00149944 
r1 -0.00144792 0.99998 -0.00621224 0.000535285 
r2 0.00647484 0.00622149 0.99996 -0.000123076 
r3 0 0 0 1 

Frame 4
r0 0.999975 0.00286646 -0.00652034 0.00395788 
r1 -0.00293051 0.999948 -0.00980323 0.00224495 
r2 0.0064919 0.00982209 0.999931 -0.000260577 
r3 0 0 0 1 

Frame 5
r0 0.999979 0.00537804 -0.00354816 0.00439327 
r1 -0.00540948 0.999946 -0.00892473 0.00133707 
r2 0.00349997 0.00894374 0.999954 0.000402335 
r3 0 0 0 1 

Frame 6
r0 0.999974 0.00704011 -0.00169677 0.00385014 
r1 -0.00705692 0.999924 -0.0101324 0.000550193 
r2 0.00162531 0.0101441 0.999947 7.11057e-05 
r3 0 0 0 1 

Frame 7
r0 0.999916 0.0120633 -0.00482055 0.00577529 
r1 -0.0121299 0.999828 -0.0140659 0.00104778 
r2 0.00465004 0.0141232 0.999889 -0.00104681 
r3 0 0 0 1 

Frame 8
r0 0.999737 0.0198782 -0.0114664 0.00895529 
r1 -0.0200861 0.999631 -0.0183099 0.00357805 
r2 0.0110982 0.0185354 0.999767 -0.00125482 
r3 0 0 0 1 

Frame 9
r0 0.999524 0.02681 -0.0152474 0.00693242 
r1 -0.027036 0.999525 -0.0148055 0.00411829 
r2 0.0148432 0.0152107 0.999774 -0.00170812 
r3 0 0 0 1 

Frame 10
r0 0.999356 0.0246818 -0.0260377 0.00645011 
r1 -0.0249756 0.999627 -0.0110345 0.00486232 
r2 0.0257556 0.0116778 0.9996 -0.00161636 
r3 0 0 0 1 

Frame 11
r0 0.999005 0.0205245 -0.0395923 0.0116933 
r1 -0.0208544 0.999751 -0.0079145 0.00331786 
r2 0.0394198 0.0087323 0.999185 0.00263067 
r3 0 0 0 1 

Frame 12
r0 0.99869 0.0222415 -0.0460816 0.0215578 
r1 -0.0225461 0.999727 -0.00610051 -0.00245066 
r2 0.0459334 0.00713148 0.998919 0.00491399 
r3 0 0 0 1 

Frame 13
r0 0.99896 0.0248393 -0.0382519 0.0289202 
r1 -0.0254448 0.999557 -0.0154274 -0.00269689 
r2 0.0378517 0.0163847 0.999149 0.00348314 
r3 0 0 0 1 

Frame 14
r0 0.999275 0.0233577 -0.0300714 0.0307267 
r1 -0.0239381 0.999531 -0.0190885 -0.00283771 
r2 0.0296115 0.0197945 0.999366 0.00161063 
r3 0 0 0 1 

Frame 15
r0 0.999366 0.0229257 -0.027222 0.0345196 
r1 -0.0234449 0.999546 -0.0189058 -0.00437441 
r2 0.0267762 0.019532 0.999451 0.00176329 
r3 0 0 0 1 

Frame 16
r0 0.999386 0.026267 -0.0232003 0.0393535 
r1 -0.0266877 0.999482 -0.0180079 -0.0100638 
r2 0.0227153 0.018616 0.999568 0.00209963 
r3 0 0 0 1 

Frame 17
r0 0.999326 0.0285555 -0.0230787 0.0482433 
r1 -0.0292002 0.999178 -0.0281119 -0.0104325 
r2 0.022257 0.0287668 0.999338 0.00174317 
r3 0 0 0 1 

Frame 18
r0 0.999656 0.0250828 -0.00763783 0.0522832 
r1 -0.0253358 0.999064 -0.0350536 -0.00602758 
r2 0.00675144 0.0352351 0.999356 -0.00184919 
r3 0 0 0 1 

Frame 19
r0 0.999656 0.0250829 -0.0076386 0.0522836 
r1 -0.0253359 0.999064 -0.0350534 -0.0060277 
r2 0.00675221 0.0352349 0.999356 -0.00184921 
r3 0 0 0 1 

Frame 20
r0 0.99957 0.0271629 -0.0110534 0.0546352 
r1 -0.0275106 0.999089 -0.0326161 -0.00692553 
r2 0.0101574 0.0329062 0.999407 -0.00270603 
r3 0 0 0 1 

Frame 21
r0 0.999395 0.0307913 -0.0161389 0.0589506 
r1 -0.0313183 0.998948 -0.033492 -0.00865992 
r2 0.0150906 0.0339772 0.999309 -0.003956 
r3 0 0 0 1 

Frame 22
r0 0.999159 0.0339167 -0.0230652 0.0666264 
r1 -0.0348313 0.998573 -0.0404828 -0.00667516 
r2 0.0216592 0.0412521 0.998914 -0.00580869 
r3 0 0 0 1 

Frame 23
r0 0.999159 0.0339165 -0.0230644 0.0666259 
r1 -0.0348312 0.998573 -0.040483 -0.00667501 
r2 0.0216584 0.0412523 0.998914 -0.00580876 
r3 0 0 0 1 

Frame 24
r0 0.999113 0.0356751 -0.0223884 0.0718507 
r1 -0.0365969 0.998438 -0.0422041 -0.00495418 
r2 0.0208478 0.042986 0.998858 -0.00608197 
r3 0 0 0 1 

Frame 25
r0 0.999315 0.0331016 -0.0165588 0.0735797 
r1 -0.0338088 0.998441 -0.044409 -0.00190144 
r2 0.015063 0.0449384 0.998876 -0.00609438 
r3 0 0 0 1 

Frame 26
r0 0.999421 0.0303553 -0.0154094 0.0786845 
r1 -0.0309624 0.998688 -0.0407813 -0.00189634 
r2 0.0141512 0.0412348 0.999049 -0.00589437 
r3 0 0 0 1 

Frame 27
r0 0.999473 0.0302262 -0.0118111 0.0829958 
r1 -0.0306538 0.998813 -0.0378629 -0.00282822 
r2 0.0106526 0.038205 0.999213 -0.00628979 
r3 0 0 0 1 

Frame 28
r0 0.999585 0.0282099 -0.00590217 0.0877522 
r1 -0.0284388 0.998663 -0.0431655 0.00472148 
r2 0.00467658 0.0433154 0.99905 -0.00541073 
r3 0 0 0 1 

Frame 29
r0 0.999574 0.0282189 -0.0074534 0.0887616 
r1 -0.0285121 0.998681 -0.0426894 0.00447047 
r2 0.00623892 0.0428838 0.999061 -0.00550751 
r3 0 0 0 1 

Frame 30
r0 0.999558 0.027122 -0.0122355 0.0928554 
r1 -0.0276147 0.998734 -0.0420516 0.00456474 
r2 0.0110795 0.0423708 0.99904 -0.0061691 
r3 0 0 0 1 

Frame 31
r0 0.999427 0.0304885 -0.0146979 0.0952903 
r1 -0.0311278 0.998483 -0.0454216 0.007095 
r2 0.0132909 0.0458531 0.99886 -0.00738252 
r3 0 0 0 1 

Frame 32
r0 0.99952 0.0266935 -0.0157619 0.0983314 
r1 -0.0273868 0.998587 -0.0455284 0.01017 
r2 0.0145248 0.0459381 0.998839 -0.00769496 
r3 0 0 0 1 

Frame 33
r0 0.999605 0.0216877 -0.0179017 0.101249 
r1 -0.0224125 0.998895 -0.0413157 0.00879342 
r2 0.0169859 0.0417004 0.998986 -0.00831635 
r3 0 0 0 1 

Frame 34
r0 0.999522 0.021353 -0.0223864 0.105787 
r1 -0.0222753 0.998878 -0.0417807 0.00796981 
r2 0.0214692 0.0422592 0.998876 -0.00959788 
r3 0 0 0 1 

Frame 35
r0 0.999539 0.0190472 -0.0236597 0.110898 
r1 -0.0201292 0.998721 -0.046372 0.00958975 
r2 0.0227462 0.0468268 0.998644 -0.0110172 
r3 0 0 0 1 

Frame 36
r0 0.999638 0.0140148 -0.0229716 0.115559 
r1 -0.0150831 0.998781 -0.0470002 0.0100516 
r2 0.0222849 0.0473296 0.998631 -0.0116262 
r3 0 0 0 1 

Frame 37
r0 0.999628 0.0112342 -0.0248599 0.121408 
r1 -0.0124294 0.998748 -0.0484566 0.0105592 
r2 0.0242844 0.0487475 0.998516 -0.0122609 
r3 0 0 0 1 

Frame 38
r0 0.999615 0.00973511 -0.0259837 0.126839 
r1 -0.01103 0.99868 -0.050166 0.0106099 
r2 0.0254611 0.0504333 0.998403 -0.0126974 
r3 0 0 0 1 

Frame 39
r0 0.999605 0.00846422 -0.0267907 0.132209 
r1 -0.00985059 0.998596 -0.0520509 0.0105812 
r2 0.0263125 0.0522943 0.998285 -0.0131394 
r3 0 0 0 1 

Frame 40
r0 0.999608 0.0044272 -0.0276601 0.142036 
r1 -0.00598849 0.998378 -0.0566204 0.0130257 
r2 0.0273646 0.0567638 0.998013 -0.0138465 
r3 0 0 0 1 

Frame 41
r0 0.999718 0.00294209 -0.0235505 0.147088 
r1 -0.00436488 0.998153 -0.0605934 0.0159956 
r2 0.0233288 0.0606791 0.997885 -0.0127219 
r3 0 0 0 1 

Frame 42
r0 0.999729 0.00230283 -0.0231587 0.150016 
r1 -0.00376636 0.997985 -0.0633411 0.0180557 
r2 0.0229662 0.0634111 0.997723 -0.011059 
r3 0 0 0 1 

Frame 43
r0 0.999623 0.00101978 -0.0274531 0.152181 
r1 -0.00288951 0.997671 -0.0681505 0.0204256 
r2 0.0273197 0.0682041 0.997297 -0.0104669 
r3 0 0 0 1 

Frame 44
r0 0.999395 0.00106107 -0.0347736 0.157407 
r1 -0.00349612 0.997538 -0.0700425 0.0223972 
r2 0.0346136 0.0701216 0.996938 -0.0135661 
r3 0 0 0 1 

Frame 45
r0 0.999346 0.00306296 -0.0360363 0.164063 
r1 -0.00560945 0.997476 -0.0707791 0.0266293 
r2 0.0357286 0.070935 0.996841 -0.0142951 
r3 0 0 0 1 

Frame 46
r0 0.999405 0.00270253 -0.0343789 0.165571 
r1 -0.00521216 0.99731 -0.0731138 0.0291723 
r2 0.0340888 0.0732494 0.996731 -0.012182 
r3 0 0 0 1 

Frame 47
r0 0.999169 0.00437006 -0.0405342 0.167321 
r1 -0.00744721 0.997074 -0.0760794 0.0303788 
r2 0.0400832 0.0763181 0.996277 -0.0128005 
r3 0 0 0 1 

Frame 48
r0 0.998659 0.00991938 -0.0508174 0.176158 
r1 -0.0138761 0.996848 -0.0781112 0.0302056 
r2 0.0498824 0.0787115 0.995649 -0.0160348 
r3 0 0 0 1 

Frame 49
r0 0.998837 0.0133372 -0.0463386 0.18075 
r1 -0.0173444 0.996042 -0.0871824 0.0363005 
r2 0.0449924 0.0878847 0.995114 -0.0156561 
r3 0 0 0 1 

Frame 50
r0 0.998969 0.0132738 -0.0434216 0.18275 
r1 -0.0171857 0.995703 -0.0909925 0.0395663 
r2 0.0420272 0.0916449 0.994905 -0.0151666 
r3 0 0 0 1 

Frame 51
r0 0.998843 0.0135794 -0.0461405 0.185645 
r1 -0.0178406 0.995484 -0.0932327 0.0419427 
r2 0.0446661 0.093948 0.994575 -0.0149131 
r3 0 0 0 1 

Frame 52
r0 0.998418 0.0197869 -0.0526329 0.190245 
r1 -0.0245366 0.995532 -0.0911859 0.0406537 
r2 0.0505935 0.0923331 0.994442 -0.0165048 
r3 0 0 0 1 

Frame 53
r0 0.998306 0.0224672 -0.0536765 0.191842 
r1 -0.0275504 0.995008 -0.0959193 0.0419242 
r2 0.0512535 0.0972356 0.993941 -0.018076 
r3 0 0 0 1 

Frame 54
r0 0.998176 0.0183854 -0.0574946 0.19461 
r1 -0.0240602 0.994734 -0.0996232 0.0406092 
r2 0.0553603 0.100825 0.993363 -0.0202512 
r3 0 0 0 1 

Frame 55
r0 0.998011 0.0142105 -0.0614218 0.197988 
r1 -0.0208621 0.993818 -0.109048 0.0435978 
r2 0.0594924 0.110112 0.992137 -0.0226375 
r3 0 0 0 1 

Frame 56
r0 0.997758 0.0142917 -0.0653841 0.198153 
r1 -0.021872 0.992922 -0.116733 0.0479722 
r2 0.0632531 0.117901 0.991009 -0.0233061 
r3 0 0 0 1 

Frame 57
r0 0.997097 0.0124834 -0.0751065 0.200333 
r1 -0.0211917 0.992989 -0.116292 0.0487469 
r2 0.0731282 0.117546 0.990371 -0.0273488 
r3 0 0 0 1 

Frame 58
r0 0.996197 0.00200131 -0.0871044 0.20986 
r1 -0.0122251 0.993057 -0.116997 0.0495613 
r2 0.0862654 0.117617 0.989305 -0.0304766 
r3 0 0 0 1 

Frame 59
r0 0.995947 -0.0127158 -0.0890395 0.226123 
r1 0.00199285 0.992833 -0.119495 0.0492278 
r2 0.0899208 0.118834 0.988834 -0.0320878 
r3 0 0 0 1 

Frame 60
r0 0.996056 -0.0124305 -0.0878521 0.225206 
r1 0.00204921 0.993097 -0.117278 0.0479894 
r2 0.0887034 0.116636 0.989206 -0.0338319 
r3 0 0 0 1 

Frame 61
r0 0.996057 -0.0185935 -0.0867453 0.232012 
r1 0.00761488 0.9921 -0.125215 0.0499242 
r2 0.0883883 0.124061 0.98833 -0.036229 
r3 0 0 0 1 

Frame 62
r0 0.99618 -0.0248282 -0.0837203 0.23793 
r1 0.0134462 0.990907 -0.133872 0.0557333 
r2 0.0862829 0.132235 0.987456 -0.0379783 
r3 0 0 0 1 

Frame 63
r0 0.996267 -0.030841 -0.0806252 0.24305 
r1 0.0194985 0.99026 -0.137861 0.0619803 
r2 0.0840916 0.135774 0.987165 -0.0391763 
r3 0 0 0 1 

Frame 64
r0 0.996028 -0.0316271 -0.0832291 0.252583 
r1 0.021143 0.992062 -0.123958 0.0640603 
r2 0.0864889 0.121706 0.988791 -0.0392531 
r3 0 0 0 1 

Frame 65
r0 0.995927 -0.0318646 -0.0843466 0.253435 
r1 0.0211107 0.991877 -0.12544 0.0650694 
r2 0.0876585 0.123148 0.988509 -0.0392393 
r3 0 0 0 1 

Frame 66
r0 0.995811 -0.0298855 -0.0864154 0.258718 
r1 0.0186441 0.991589 -0.128075 0.0698322 
r2 0.0895162 0.125927 0.987992 -0.0410094 
r3 0 0 0 1 

Frame 67
r0 0.995605 -0.0317098 -0.0881177 0.264242 
r1 0.0203477 0.991698 -0.126968 0.0725947 
r2 0.0914123 0.124617 0.987985 -0.0416588 
r3 0 0 0 1 

Frame 68
r0 0.995413 -0.037232 -0.0881271 0.274334 
r1 0.0255231 0.991127 -0.130446 0.0779181 
r2 0.0922019 0.127599 0.987531 -0.0436841 
r3 0 0 0 1 

Frame 69
r0 0.995365 -0.0371902 -0.0886851 0.275019 
r1 0.0253484 0.991046 -0.131093 0.0786984 
r2 0.0927663 0.128237 0.987396 -0.0434534 
r3 0 0 0 1 

Frame 70
r0 0.995404 -0.0360228 -0.0887361 0.27904 
r1 0.0241026 0.990968 -0.131916 0.0809779 
r2 0.0926866 0.129171 0.987281 -0.0446602 
r3 0 0 0 1 

Frame 71
r0 0.995366 -0.036776 -0.0888464 0.283149 
r1 0.0244244 0.990366 -0.136306 0.0851114 
r2 0.0930033 0.133504 0.986675 -0.0463573 
r3 0 0 0 1 

Frame 72
r0 0.994806 -0.0409369 -0.0931994 0.288984 
r1 0.0279648 0.990252 -0.136453 0.0939799 
r2 0.0978768 0.133138 0.986252 -0.0477109 
r3 0 0 0 1 

Frame 73
r0 0.994621 -0.0421282 -0.0946215 0.290308 
r1 0.0290284 0.990313 -0.135788 0.0937842 
r2 0.0994254 0.132311 0.986209 -0.0478722 
r3 0 0 0 1 

Frame 74
r0 0.993539 -0.0452216 -0.104097 0.302898 
r1 0.0312021 0.990683 -0.132567 0.0925273 
r2 0.109122 0.128462 0.985693 -0.0494625 
r3 0 0 0 1 

Frame 75
r0 0.993709 -0.0454057 -0.102379 0.301336 
r1 0.0318171 0.990918 -0.130651 0.0909098 
r2 0.107382 0.126572 0.986128 -0.0509673 
r3 0 0 0 1 

Frame 76
r0 0.994308 -0.0477157 -0.0952609 0.309039 
r1 0.0336426 0.988974 -0.144214 0.103403 
r2 0.101092 0.140188 0.984951 -0.0538923 
r3 0 0 0 1 

Frame 77
r0 0.994079 -0.0477327 -0.0976095 0.311015 
r1 0.0334145 0.989102 -0.143387 0.103015 
r2 0.10339 0.139276 0.984841 -0.0538591 
r3 0 0 0 1 

Frame 78
r0 0.993622 -0.0550867 -0.0983948 0.317259 
r1 0.0413888 0.989817 -0.136195 0.101703 
r2 0.104895 0.131254 0.985784 -0.0561951 
r3 0 0 0 1 

Frame 79
r0 0.993861 -0.0533838 -0.0969093 0.321451 
r1 0.0400514 0.990083 -0.134651 0.10181 
r2 0.103137 0.129943 0.986143 -0.0587798 
r3 0 0 0 1 

Frame 80
r0 0.993472 -0.0513244 -0.101876 0.332777 
r1 0.0368984 0.98964 -0.138746 0.101827 
r2 0.107942 0.134082 0.985074 -0.0627983 
r3 0 0 0 1 

Frame 81
r0 0.993708 -0.0513656 -0.099528 0.331065 
r1 0.0373686 0.989768 -0.137708 0.100961 
r2 0.105583 0.133122 0.98546 -0.0646011 
r3 0 0 0 1 

Frame 82
r0 0.994111 -0.0492612 -0.0965214 0.337252 
r1 0.0350254 0.988959 -0.143991 0.103336 
r2 0.102549 0.139762 0.984861 -0.0666977 
r3 0 0 0 1 

Frame 83
r0 0.994485 -0.0503333 -0.0920157 0.341637 
r1 0.0362047 0.98814 -0.149228 0.106963 
r2 0.0984356 0.145074 0.984512 -0.0681244 
r3 0 0 0 1 

Frame 84
r0 0.994139 -0.0557164 -0.0926487 0.352433 
r1 0.0412596 0.987639 -0.151216 0.109207 
r2 0.0999287 0.146507 0.98415 -0.0700674 
r3 0 0 0 1 

Frame 85
r0 0.994145 -0.0577107 -0.0913555 0.357362 
r1 0.0433297 0.987395 -0.152234 0.110891 
r2 0.0989894 0.147384 0.984113 -0.0720059 
r3 0 0 0 1 

Frame 86
r0 0.994014 -0.0584418 -0.0923091 0.358292 
r1 0.0439763 0.98746 -0.151617 0.110443 
r2 0.100012 0.14665 0.98412 -0.0728098 
r3 0 0 0 1 

Frame 87
r0 0.992901 -0.0731266 -0.0938135 0.369461 
r1 0.0582247 0.986546 -0.152762 0.113044 
r2 0.103722 0.146215 0.9838 -0.075801 
r3 0 0 0 1 

Frame 88
r0 0.993079 -0.0732638 -0.0917949 0.367872 
r1 0.058798 0.986719 -0.151422 0.111888 
r2 0.10167 0.144977 0.984198 -0.0764823 
r3 0 0 0 1 

Frame 89
r0 0.992894 -0.0728604 -0.0940892 0.372986 
r1 0.0579267 0.986574 -0.152697 0.113575 
r2 0.103951 0.146161 0.983784 -0.0777554 
r3 0 0 0 1 

Frame 90
r0 0.992577 -0.0690522 -0.100112 0.382875 
r1 0.0531052 0.986641 -0.154013 0.116698 
r2 0.10941 0.147553 0.982984 -0.0804219 
r3 0 0 0 1 

Frame 91
r0 0.992711 -0.0695166 -0.0984454 0.381488 
r1 0.0538879 0.986701 -0.153355 0.116092 
r2 0.107797 0.146932 0.983255 -0.0805695 
r3 0 0 0 1 

Frame 92
r0 0.992465 -0.0702221 -0.10041 0.386872 
r1 0.0542608 0.986629 -0.153682 0.11735 
r2 0.109859 0.147076 0.983006 -0.0821004 
r3 0 0 0 1 

Frame 93
r0 0.991931 -0.0734855 -0.103313 0.396037 
r1 0.0565908 0.985836 -0.157875 0.122203 
r2 0.113451 0.150755 0.98204 -0.0835532 
r3 0 0 0 1 

Frame 94
r0 0.991902 -0.0735402 -0.103546 0.39667 
r1 0.0564828 0.985667 -0.158968 0.123077 
r2 0.113752 0.151832 0.981839 -0.083649 
r3 0 0 0 1 

Frame 95
r0 0.991398 -0.0776391 -0.105366 0.399302 
r1 0.0602544 0.985412 -0.159165 0.125437 
r2 0.116187 0.151447 0.981613 -0.0856599 
r3 0 0 0 1 

Frame 96
r0 0.990614 -0.081141 -0.110003 0.40409 
r1 0.0632828 0.985555 -0.157088 0.126933 
r2 0.12116 0.148652 0.981439 -0.0859958 
r3 0 0 0 1 

Frame 97
r0 0.989969 -0.0843666 -0.113332 0.409629 
r1 0.0663276 0.985772 -0.15445 0.127726 
r2 0.124749 0.145383 0.981479 -0.0872404 
r3 0 0 0 1 

Frame 98
r0 0.989013 -0.090661 -0.116762 0.415032 
r1 0.0723683 0.985673 -0.152353 0.127481 
r2 0.128901 0.142229 0.981405 -0.0871161 
r3 0 0 0 1 

Frame 99
r0 0.988 -0.092828 -0.123448 0.424423 
r1 0.0733678 0.985378 -0.153777 0.12754 
r2 0.135918 0.142874 0.980364 -0.0876404 
r3 0 0 0 1 

Frame 100
r0 0.988235 -0.0916868 -0.122416 0.428373 
r1 0.0720815 0.985132 -0.155948 0.128982 
r2 0.134895 0.145289 0.98015 -0.0896955 
r3 0 0 0 1 

Frame 101
r0 0.98764 -0.0955743 -0.124233 0.433768 
r1 0.07544 0.984597 -0.157728 0.130632 
r2 0.137394 0.146406 0.979637 -0.090226 
r3 0 0 0 1 

Frame 102
r0 0.986827 -0.0988643 -0.128053 0.442947 
r1 0.0781187 0.98435 -0.157963 0.129666 
r2 0.141666 0.145879 0.979107 -0.0913726 
r3 0 0 0 1 

Frame 103
r0 0.987556 -0.094419 -0.125774 0.450965 
r1 0.0732076 0.983787 -0.16372 0.133815 
r2 0.139193 0.152475 0.978456 -0.091997 
r3 0 0 0 1 

Frame 104
r0 0.988445 -0.0922425 -0.120278 0.453783 
r1 0.0715438 0.983478 -0.166292 0.136264 
r2 0.13363 0.155766 0.978713 -0.0927193 
r3 0 0 0 1 

Frame 105
r0 0.988431 -0.0858254 -0.125053 0.46799 
r1 0.0636975 0.98316 -0.171284 0.14264 
r2 0.137647 0.161337 0.977253 -0.0947073 
r3 0 0 0 1 

Frame 106
r0 0.988699 -0.0861247 -0.122703 0.466599 
r1 0.0642961 0.983015 -0.171895 0.142916 
r2 0.135423 0.162063 0.977444 -0.095625 
r3 0 0 0 1 

Frame 107
r0 0.989116 -0.0807946 -0.122972 0.473805 
r1 0.0589698 0.983371 -0.17177 0.145201 
r2 0.134805 0.162649 0.977432 -0.0958332 
r3 0 0 0 1 

Frame 108
r0 0.989415 -0.0749375 -0.124267 0.479285 
r1 0.0526978 0.98343 -0.173462 0.148083 
r2 0.135206 0.165078 0.976969 -0.0968654 
r3 0 0 0 1 

Frame 109
r0 0.98905 -0.0702107 -0.129807 0.487765 
r1 0.0467416 0.983329 -0.175725 0.151775 
r2 0.139981 0.167733 0.975844 -0.0984374 
r3 0 0 0 1 

Frame 110
r0 0.989058 -0.0674661 -0.131192 0.496249 
r1 0.0434195 0.983037 -0.178192 0.157509 
r2 0.140989 0.170546 0.975211 -0.0988313 
r3 0 0 0 1 

Frame 111
r0 0.989294 -0.0647573 -0.130777 0.503734 
r1 0.041077 0.983486 -0.17626 0.160808 
r2 0.140031 0.169001 0.975618 -0.100035 
r3 0 0 0 1 

Frame 112
r0 0.989478 -0.0578609 -0.132613 0.510257 
r1 0.0339502 0.983816 -0.175936 0.164003 
r2 0.140647 0.169582 0.975428 -0.101285 
r3 0 0 0 1 

Frame 113
r0 0.989135 -0.0538686 -0.136784 0.519595 
r1 0.0291759 0.983871 -0.176487 0.167763 
r2 0.144085 0.170578 0.974752 -0.103369 
r3 0 0 0 1 

Frame 114
r0 0.989044 -0.0511592 -0.138475 0.531766 
r1 0.0261951 0.983965 -0.176427 0.169596 
r2 0.14528 0.170866 0.974525 -0.104721 
r3 0 0 0 1 

Frame 115
r0 0.989463 -0.043244 -0.138179 0.542149 
r1 0.01723 0.982742 -0.184176 0.176349 
r2 0.143759 0.179855 0.973132 -0.105068 
r3 0 0 0 1 

Frame 116
r0 0.990257 -0.0355713 -0.134633 0.548193 
r1 0.00886852 0.980971 -0.193953 0.187511 
r2 0.13897 0.190869 0.971728 -0.104963 
r3 0 0 0 1 

Frame 117
r0 0.990309 -0.0342137 -0.134604 0.557544 
r1 0.0074827 0.980917 -0.194283 0.196399 
r2 0.138682 0.191393 0.971667 -0.104864 
r3 0 0 0 1 

Frame 118
r0 0.990235 -0.0325621 -0.135555 0.567662 
r1 0.00707871 0.98283 -0.18438 0.196881 
r2 0.139231 0.18162 0.973462 -0.105676 
r3 0 0 0 1 

Frame 119
r0 0.990342 -0.0224057 -0.136821 0.574285 
r1 -0.00321156 0.982883 -0.184201 0.200818 
r2 0.138606 0.182862 0.973319 -0.105873 
r3 0 0 0 1 

Frame 120
r0 0.990257 -0.0189147 -0.137961 0.58324 
r1 -0.00715402 0.982513 -0.186057 0.206871 
r2 0.139068 0.185232 0.972805 -0.10619 
r3 0 0 0 1 

Frame 121
r0 0.990258 -0.0191349 -0.137926 0.593774 
r1 -0.00574827 0.984052 -0.177791 0.204955 
r2 0.139128 0.176852 0.974355 -0.107582 
r3 0 0 0 1 

Frame 122
r0 0.989877 -0.0120953 -0.141413 0.601885 
r1 -0.0135002 0.98382 -0.178649 0.205054 
r2 0.141285 0.17875 0.973698 -0.107459 
r3 0 0 0 1 

Frame 123
r0 0.989476 -0.00911623 -0.144407 0.609666 
r1 -0.0184672 0.981895 -0.188524 0.211323 
r2 0.143511 0.189207 0.971393 -0.107102 
r3 0 0 0 1 

Frame 124
r0 0.989621 -0.0156803 -0.142848 0.621256 
r1 -0.0124045 0.980998 -0.19362 0.217589 
r2 0.143169 0.193382 0.970621 -0.105312 
r3 0 0 0 1 

Frame 125
r0 0.989676 -0.0191276 -0.142039 0.634359 
r1 -0.00850108 0.981475 -0.191402 0.218706 
r2 0.143069 0.190634 0.97118 -0.103718 
r3 0 0 0 1 

Frame 126
r0 0.989698 -0.0154708 -0.142334 0.643815 
r1 -0.0123105 0.981267 -0.192257 0.219149 
r2 0.142642 0.192029 0.970968 -0.102389 
r3 0 0 0 1 

Frame 127
r0 0.989585 -0.0120035 -0.14345 0.652483 
r1 -0.0166868 0.980234 -0.197135 0.221252 
r2 0.142981 0.197476 0.969824 -0.101589 
r3 0 0 0 1 

Frame 128
r0 0.989405 -0.0113177 -0.144741 0.66405 
r1 -0.0184989 0.979003 -0.203004 0.225441 
r2 0.143999 0.203531 0.968421 -0.099421 
r3 0 0 0 1 

Frame 129
r0 0.990273 -0.0137922 -0.138456 0.674342 
r1 -0.0147967 0.978995 -0.203347 0.227822 
r2 0.138353 0.203418 0.969268 -0.0974356 
r3 0 0 0 1 

Frame 130
r0 0.990508 -0.0166903 -0.136436 0.685225 
r1 -0.0113779 0.979238 -0.202393 0.228363 
r2 0.136982 0.202024 0.969754 -0.0960992 
r3 0 0 0 1 

Frame 131
r0 0.990898 -0.0186755 -0.133315 0.703419 
r1 -0.00954041 0.978098 -0.207928 0.232586 
r2 0.134279 0.207307 0.969016 -0.0951085 
r3 0 0 0 1 

Frame 132
r0 0.990961 -0.0180573 -0.132932 0.703358 
r1 -0.0101229 0.97801 -0.208314 0.233175 
r2 0.13377 0.207777 0.968986 -0.0954285 
r3 0 0 0 1 

Frame 133
r0 0.991316 -0.0197275 -0.130014 0.71007 
r1 -0.00796899 0.977854 -0.209134 0.233431 
r2 0.13126 0.208354 0.969205 -0.0956443 
r3 0 0 0 1 

Frame 134
r0 0.991254 -0.013247 -0.1313 0.717537 
r1 -0.0151646 0.976924 -0.213049 0.235397 
r2 0.131093 0.213177 0.968179 -0.0954662 
r3 0 0 0 1 

Frame 135
r0 0.991448 -0.0105058 -0.130078 0.72388 
r1 -0.0183648 0.975603 -0.218772 0.24124 
r2 0.129203 0.21929 0.967067 -0.0946097 
r3 0 0 0 1 

Frame 136
r0 0.991591 -0.0159278 -0.128427 0.730291 
r1 -0.0123099 0.976288 -0.216124 0.242336 
r2 0.128824 0.215888 0.967883 -0.0940875 
r3 0 0 0 1 

Frame 137
r0 0.991352 -0.0204507 -0.12963 0.75086 
r1 -0.00780494 0.976846 -0.2138 0.240365 
r2 0.131001 0.212963 0.968238 -0.0929456 
r3 0 0 0 1 

Frame 138
r0 0.991333 -0.0210432 -0.129676 0.752431 
r1 -0.00759109 0.976263 -0.216455 0.242139 
r2 0.131153 0.215564 0.967642 -0.0924012 
r3 0 0 0 1 

Frame 139
r0 0.992033 -0.0196431 -0.124435 0.758396 
r1 -0.0082286 0.975555 -0.2196 0.243412 
r2 0.125707 0.218875 0.967622 -0.0940607 
r3 0 0 0 1 

Frame 140
r0 0.992269 -0.0273491 -0.121057 0.761693 
r1 -0.000215262 0.975037 -0.222043 0.245261 
r2 0.124108 0.220352 0.967493 -0.0943073 
r3 0 0 0 1 

Frame 141
r0 0.991758 -0.0367895 -0.122726 0.77144 
r1 0.00893793 0.97542 -0.220173 0.244146 
r2 0.127809 0.217261 0.96771 -0.0940778 
r3 0 0 0 1 

Frame 142
r0 0.992096 -0.0340645 -0.120772 0.780477 
r1 0.006459 0.975035 -0.221957 0.24517 
r2 0.125318 0.219422 0.967548 -0.0928216 
r3 0 0 0 1 

Frame 143
r0 0.992403 -0.0314088 -0.118952 0.78445 
r1 0.00406981 0.974715 -0.223417 0.244882 
r2 0.122961 0.221235 0.967437 -0.0925545 
r3 0 0 0 1 

Frame 144
r0 0.99258 -0.0332913 -0.116947 0.791599 
r1 0.00582316 0.9737 -0.227761 0.24662 
r2 0.121453 0.22539 0.966669 -0.0917349 
r3 0 0 0 1 

Frame 145
r0 0.993169 -0.0339129 -0.111647 0.797638 
r1 0.0070729 0.97257 -0.232501 0.25073 
r2 0.116469 0.230124 0.966167 -0.0900539 
r3 0 0 0 1 

Frame 146
r0 0.993516 -0.0413982 -0.105888 0.803349 
r1 0.0160055 0.973004 -0.230233 0.251485 
r2 0.112561 0.227045 0.967358 -0.0893491 
r3 0 0 0 1 

Frame 147
r0 0.993383 -0.0464294 -0.105045 0.810735 
r1 0.0213508 0.973355 -0.228309 0.250443 
r2 0.112847 0.224555 0.967905 -0.0883833 
r3 0 0 0 1 

Frame 148
r0 0.993313 -0.0430704 -0.107121 0.819014 
r1 0.0174071 0.973074 -0.229836 0.25101 
r2 0.114136 0.226435 0.967316 -0.0878566 
r3 0 0 0 1 

Frame 149
r0 0.993891 -0.0446106 -0.100945 0.823061 
r1 0.0197479 0.971789 -0.235025 0.254405 
r2 0.108582 0.231596 0.966733 -0.0867832 
r3 0 0 0 1 

Frame 150
r0 0.993637 -0.053854 -0.0989265 0.829643 
r1 0.0291246 0.971266 -0.236208 0.256476 
r2 0.108805 0.231824 0.966654 -0.0858405 
r3 0 0 0 1 

Frame 151
r0 0.99362 -0.0593327 -0.0959036 0.841425 
r1 0.0349548 0.97056 -0.238309 0.259718 
r2 0.10722 0.233436 0.966443 -0.0822964 
r3 0 0 0 1 

Frame 152
r0 0.994204 -0.0634759 -0.0867767 0.848244 
r1 0.0411885 0.970406 -0.237939 0.260931 
r2 0.099312 0.232986 0.967396 -0.0810742 
r3 0 0 0 1 

Frame 153
r0 0.994177 -0.0698716 -0.0820388 0.855779 
r1 0.0486403 0.970302 -0.236956 0.261062 
r2 0.0961589 0.231586 0.96805 -0.0800457 
r3 0 0 0 1 

Frame 154
r0 0.994088 -0.0734022 -0.0800056 0.863605 
r1 0.0523815 0.969661 -0.238776 0.261677 
r2 0.0951052 0.233174 0.967774 -0.0789489 
r3 0 0 0 1 

Frame 155
r0 0.994379 -0.0746036 -0.0751349 0.870858 
r1 0.0542595 0.968396 -0.243445 0.264679 
r2 0.0909222 0.238 0.967 -0.0772844 
r3 0 0 0 1 

Frame 156
r0 0.994598 -0.0784505 -0.0679787 0.876973 
r1 0.0596039 0.967749 -0.244762 0.265923 
r2 0.084988 0.239388 0.967197 -0.0753632 
r3 0 0 0 1 

Frame 157
r0 0.994665 -0.0791983 -0.0660935 0.881164 
r1 0.0604771 0.966785 -0.248335 0.267688 
r2 0.0835659 0.243013 0.966417 -0.0748925 
r3 0 0 0 1 

Frame 158
r0 0.993438 -0.0944639 -0.0644737 0.896781 
r1 0.075546 0.965245 -0.250188 0.275269 
r2 0.0858667 0.243676 0.966048 -0.0720822 
r3 0 0 0 1 

Frame 159
r0 0.993713 -0.0928033 -0.0626249 0.896275 
r1 0.07437 0.965289 -0.250373 0.275072 
r2 0.0836865 0.244141 0.966122 -0.0712926 
r3 0 0 0 1 

Frame 160
r0 0.994279 -0.0912391 -0.0555314 0.902202 
r1 0.0750738 0.966794 -0.24428 0.273434 
r2 0.0759753 0.238714 0.968113 -0.0716398 
r3 0 0 0 1 

Frame 161
r0 0.994962 -0.0863587 -0.0509131 0.906684 
r1 0.0713998 0.966941 -0.244802 0.274054 
r2 0.0703707 0.239933 0.968235 -0.0712384 
r3 0 0 0 1 

Frame 162
r0 0.995509 -0.082958 -0.0456054 0.905021 
r1 0.0690764 0.965965 -0.249278 0.275131 
r2 0.0647328 0.245008 0.967358 -0.0704205 
r3 0 0 0 1 

Frame 163
r0 0.995164 -0.0804599 -0.0563539 0.916763 
r1 0.0630639 0.963145 -0.261485 0.283955 
r2 0.075316 0.256666 0.963561 -0.0671105 
r3 0 0 0 1 

Frame 164
r0 0.995203 -0.0878059 -0.0431427 0.925439 
r1 0.0737191 0.962968 -0.259343 0.289541 
r2 0.0643169 0.254919 0.964821 -0.0630201 
r3 0 0 0 1 

Frame 165
r0 0.994669 -0.097002 -0.0349844 0.933297 
r1 0.0852504 0.964421 -0.250249 0.28781 
r2 0.0580143 0.245933 0.967549 -0.0632963 
r3 0 0 0 1 

Frame 166
r0 0.994444 -0.0996661 -0.0338777 0.937045 
r1 0.0881686 0.964431 -0.249197 0.287723 
r2 0.0575093 0.244826 0.96786 -0.0632547 
r3 0 0 0 1 

Frame 167
r0 0.994153 -0.102102 -0.0351413 0.941819 
r1 0.0901905 0.964115 -0.249696 0.288186 
r2 0.0593747 0.245067 0.967686 -0.0640666 
r3 0 0 0 1 

Frame 168
r0 0.9937 -0.107394 -0.0320645 0.944262 
r1 0.095976 0.963115 -0.251393 0.290894 
r2 0.0578799 0.246732 0.967354 -0.0639743 
r3 0 0 0 1 

Frame 169
r0 0.992464 -0.118397 -0.0315876 0.942576 
r1 0.107007 0.962988 -0.247392 0.287715 
r2 0.059709 0.242148 0.9684 -0.0663798 
r3 0 0 0 1 

Frame 170
r0 0.991285 -0.123105 -0.0468896 0.951473 
r1 0.107453 0.961536 -0.252789 0.28898 
r2 0.0762055 0.245547 0.966385 -0.0681126 
r3 0 0 0 1 

Frame 171
r0 0.991459 -0.122033 -0.0460077 0.959583 
r1 0.106244 0.960354 -0.257744 0.292646 
r2 0.075637 0.250654 0.965117 -0.066946 
r3 0 0 0 1 

Frame 172
r0 0.99167 -0.122899 -0.0385601 0.958386 
r1 0.108937 0.959974 -0.258036 0.290152 
r2 0.068729 0.251686 0.965365 -0.0687083 
r3 0 0 0 1 

Frame 173
r0 0.990778 -0.12583 -0.0502589 0.966489 
r1 0.107813 0.956783 -0.270079 0.295849 
r2 0.082071 0.26217 0.961525 -0.0686473 
r3 0 0 0 1 

Frame 174
r0 0.98932 -0.136895 -0.0500595 0.97447 
r1 0.118115 0.954163 -0.274996 0.302827 
r2 0.0854104 0.266146 0.960141 -0.0653774 
r3 0 0 0 1 

Frame 175
r0 0.9874 -0.152093 -0.0436776 0.980876 
r1 0.135176 0.954209 -0.266859 0.300699 
r2 0.082265 0.257593 0.962745 -0.0650104 
r3 0 0 0 1 

Frame 176
r0 0.987077 -0.153769 -0.0450946 0.985009 
r1 0.136141 0.953145 -0.270149 0.300784 
r2 0.0845222 0.260519 0.961762 -0.0655922 
r3 0 0 0 1 

Frame 177
r0 0.987631 -0.147007 -0.0545334 0.996247 
r1 0.126183 0.951637 -0.280115 0.30609 
r2 0.0930748 0.269769 0.958416 -0.0629614 
r3 0 0 0 1 

Frame 178
r0 0.9875 -0.150084 -0.0481446 1.01267 
r1 0.129973 0.948182 -0.289929 0.314214 
r2 0.0891636 0.280048 0.955836 -0.0584344 
r3 0 0 0 1 

Frame 179
r0 0.987665 -0.149718 -0.0458573 1.01133 
r1 0.130323 0.948327 -0.289296 0.313527 
r2 0.0868006 0.279752 0.956141 -0.0583841 
r3 0 0 0 1 

Frame 180
r0 0.9874 -0.152909 -0.0407423 1.02175 
r1 0.134875 0.947871 -0.288704 0.316525 
r2 0.0827639 0.279571 0.956551 -0.0559093 
r3 0 0 0 1 

Frame 181
r0 0.986486 -0.158718 -0.0406657 1.0316 
r1 0.14081 0.948168 -0.284868 0.313883 
r2 0.0837717 0.275292 0.957704 -0.0564739 
r3 0 0 0 1 

Frame 182
r0 0.986225 -0.159571 -0.0435692 1.03822 
r1 0.14058 0.947377 -0.287602 0.310709 
r2 0.0871694 0.277515 0.956758 -0.0586477 
r3 0 0 0 1 

Frame 183
r0 0.986142 -0.158328 -0.0495603 1.04366 
r1 0.136093 0.942856 -0.304139 0.316083 
r2 0.0948821 0.29318 0.951337 -0.0569293 
r3 0 0 0 1 

Frame 184
r0 0.986018 -0.159827 -0.0471528 1.04897 
r1 0.137047 0.938756 -0.316157 0.322639 
r2 0.0947956 0.305275 0.947534 -0.0526366 
r3 0 0 0 1 

Frame 185
r0 0.985638 -0.164455 -0.0383627 1.05688 
r1 0.143854 0.936662 -0.319328 0.327375 
r2 0.0884479 0.309224 0.946867 -0.0496685 
r3 0 0 0 1 

Frame 186
r0 0.984361 -0.173093 -0.0327532 1.07061 
r1 0.154311 0.936904 -0.313686 0.327572 
r2 0.0849836 0.303726 0.948962 -0.0483951 
r3 0 0 0 1 

Frame 187
r0 0.984102 -0.17415 -0.0348518 1.08221 
r1 0.155195 0.938636 -0.308019 0.321453 
r2 0.0863547 0.297714 0.950741 -0.0511196 
r3 0 0 0 1 

Frame 188
r0 0.985077 -0.167234 -0.0406874 1.08882 
r1 0.145706 0.936134 -0.320037 0.321585 
r2 0.0916098 0.309333 0.946531 -0.0523477 
r3 0 0 0 1 

Frame 189
r0 0.984173 -0.172455 -0.040778 1.09127 
r1 0.149551 0.931721 -0.330954 0.322122 
r2 0.0950681 0.319617 0.942766 -0.0526454 
r3 0 0 0 1 

Frame 190
r0 0.981623 -0.186009 -0.0426319 1.09935 
r1 0.160357 0.925124 -0.344138 0.325428 
r2 0.103453 0.330977 0.937951 -0.0494289 
r3 0 0 0 1 

Frame 191
r0 0.981299 -0.188345 -0.039723 1.10613 
r1 0.162377 0.920796 -0.354639 0.329803 
r2 0.103371 0.341557 0.934159 -0.0468046 
r3 0 0 0 1 

Frame 192
r0 0.980642 -0.192868 -0.0338242 1.11227 
r1 0.168253 0.918325 -0.358288 0.330462 
r2 0.100164 0.345662 0.932998 -0.046058 
r3 0 0 0 1 

Frame 193
r0 0.980377 -0.1941 -0.0344394 1.12054 
r1 0.16892 0.917216 -0.360807 0.33023 
r2 0.101621 0.347909 0.932005 -0.0457169 
r3 0 0 0 1 

Frame 194
r0 0.9806 -0.192442 -0.0372755 1.12807 
r1 0.166221 0.917152 -0.36222 0.326399 
r2 0.103893 0.348997 0.931347 -0.0480252 
r3 0 0 0 1 

Frame 195
r0 0.980819 -0.191165 -0.0380884 1.1313 
r1 0.163273 0.912462 -0.375174 0.329342 
r2 0.106474 0.361758 0.926172 -0.0488459 
r3 0 0 0 1 

Frame 196
r0 0.980746 -0.191128 -0.0400835 1.13421 
r1 0.161498 0.909191 -0.383784 0.330581 
r2 0.109795 0.369922 0.922552 -0.0487115 
r3 0 0 0 1 

Frame 197
r0 0.980359 -0.192447 -0.0431441 1.13881 
r1 0.160534 0.905733 -0.39227 0.332695 
r2 0.114568 0.377639 0.918838 -0.0488837 
r3 0 0 0 1 

Frame 198
r0 0.979419 -0.196174 -0.0474877 1.14487 
r1 0.161591 0.903081 -0.397911 0.332097 
r2 0.120945 0.382048 0.916194 -0.0488198 
r3 0 0 0 1 

Frame 199
r0 0.979647 -0.195579 -0.0451671 1.14444 
r1 0.160789 0.899304 -0.406693 0.335382 
r2 0.12016 0.391153 0.912448 -0.0485349 
r3 0 0 0 1 

Frame 200
r0 0.980678 -0.190935 -0.0425855 1.14654 
r1 0.156951 0.89787 -0.411333 0.338625 
r2 0.116774 0.396702 0.91049 -0.0460592 
r3 0 0 0 1 

Frame 201
r0 0.981498 -0.188173 -0.035391 1.15005 
r1 0.157235 0.897588 -0.411841 0.341118 
r2 0.109264 0.398656 0.910568 -0.0444494 
r3 0 0 0 1 

Frame 202
r0 0.980878 -0.191893 -0.0325076 1.15846 
r1 0.162349 0.89883 -0.40712 0.340993 
r2 0.107342 0.394057 0.912796 -0.0445364 
r3 0 0 0 1 

Frame 203
r0 0.981645 -0.187345 -0.0357075 1.16646 
r1 0.156817 0.899439 -0.407943 0.342425 
r2 0.108543 0.394856 0.912309 -0.0448636 
r3 0 0 0 1 

Frame 204
r0 0.983973 -0.174298 -0.0376515 1.17052 
r1 0.143549 0.899518 -0.412626 0.344647 
r2 0.105788 0.400608 0.910122 -0.0423992 
r3 0 0 0 1 

Frame 205
r0 0.9859 -0.164358 -0.0314241 1.17335 
r1 0.136763 0.899649 -0.414643 0.346481 
r2 0.0964204 0.404499 0.909442 -0.0414305 
r3 0 0 0 1 

Frame 206
r0 0.987026 -0.158547 -0.0253663 1.17427 
r1 0.133834 0.899667 -0.415558 0.348694 
r2 0.0887065 0.406771 0.909213 -0.0414244 
r3 0 0 0 1 

Frame 207
r0 0.988297 -0.151917 -0.0138239 1.17402 
r1 0.13226 0.898507 -0.41856 0.35655 
r2 0.0760071 0.411833 0.908084 -0.038201 
r3 0 0 0 1 

Frame 208
r0 0.987719 -0.155596 -0.0141735 1.182 
r1 0.136978 0.906013 -0.400472 0.352568 
r2 0.0751531 0.393613 0.916199 -0.0427048 
r3 0 0 0 1 

Frame 209
r0 0.986655 -0.160578 -0.0269739 1.188 
r1 0.137355 0.909766 -0.39174 0.350074 
r2 0.0874448 0.382807 0.91968 -0.044488 
r3 0 0 0 1 

Frame 210
r0 0.987582 -0.154369 -0.0291726 1.19092 
r1 0.130257 0.908405 -0.397283 0.354443 
r2 0.0878287 0.38855 0.917232 -0.0382325 
r3 0 0 0 1 

Frame 211
r0 0.987803 -0.153452 -0.0264198 1.20058 
r1 0.131164 0.91146 -0.389919 0.350931 
r2 0.0839142 0.381697 0.920471 -0.0382037 
r3 0 0 0 1 

Frame 212
r0 0.987578 -0.155298 -0.0239429 1.20871 
r1 0.133496 0.909596 -0.393465 0.351816 
r2 0.0828825 0.385381 0.919028 -0.0370419 
r3 0 0 0 1 

Frame 213
r0 0.987985 -0.153659 -0.016598 1.21455 
r1 0.134708 0.908795 -0.394899 0.352327 
r2 0.0757638 0.387918 0.918575 -0.0371279 
r3 0 0 0 1 

Frame 214
r0 0.986678 -0.161547 -0.0192171 1.22572 
r1 0.141369 0.909842 -0.390131 0.345621 
r2 0.0805092 0.382217 0.920558 -0.0405652 
r3 0 0 0 1 

Frame 215
r0 0.984469 -0.174541 -0.0189125 1.22958 
r1 0.152545 0.903745 -0.399968 0.344119 
r2 0.0869027 0.39087 0.916334 -0.0431187 
r3 0 0 0 1 

Frame 216
r0 0.98169 -0.188799 -0.0253186 1.23313 
r1 0.162035 0.897526 -0.410111 0.343787 
r2 0.100152 0.398499 0.911684 -0.0458414 
r3 0 0 0 1 

Frame 217
r0 0.980768 -0.19381 -0.0230792 1.23948 
r1 0.163616 0.880869 -0.444184 0.355249 
r2 0.106417 0.431865 0.895638 -0.0401175 
r3 0 0 0 1 

Frame 218
r0 0.980858 -0.192987 -0.0259649 1.24143 
r1 0.161657 0.881355 -0.443938 0.355231 
r2 0.108558 0.431242 0.895681 -0.0397296 
r3 0 0 0 1 

Frame 219
r0 0.980454 -0.195589 -0.0213101 1.24837 
r1 0.165551 0.878668 -0.447812 0.354959 
r2 0.106312 0.435531 0.893874 -0.0374265 
r3 0 0 0 1 

Frame 220
r0 0.979707 -0.199912 -0.01447 1.25523 
r1 0.171774 0.874628 -0.453343 0.354988 
r2 0.103284 0.441657 0.891219 -0.03754 
r3 0 0 0 1 

Frame 221
r0 0.979402 -0.201787 -0.00725923 1.25609 
r1 0.175966 0.870604 -0.45944 0.358938 
r2 0.0990289 0.4487 0.888179 -0.0402376 
r3 0 0 0 1 

Frame 222
r0 0.980012 -0.198547 -0.012476 1.26265 
r1 0.170475 0.870466 -0.461766 0.362394 
r2 0.102542 0.45041 0.886914 -0.0390212 
r3 0 0 0 1 

Frame 223
r0 0.982092 -0.188173 -0.00929533 1.26686 
r1 0.162346 0.870272 -0.465049 0.363938 
r2 0.0955993 0.455212 0.885236 -0.0371967 
r3 0 0 0 1 

Frame 224
r0 0.982706 -0.185142 -0.00341302 1.27123 
r1 0.162301 0.870049 -0.465481 0.365509 
r2 0.0891495 0.456877 0.885051 -0.0401967 
r3 0 0 0 1 

Frame 225
r0 0.982447 -0.186489 -0.00452532 1.27709 
r1 0.163031 0.870152 -0.465034 0.366362 
r2 0.0906614 0.456133 0.885282 -0.0420673 
r3 0 0 0 1 

Frame 226
r0 0.982442 -0.186549 -0.00280039 1.28284 
r1 0.163632 0.868767 -0.467406 0.367576 
r2 0.089627 0.458741 0.884039 -0.040783 
r3 0 0 0 1 

Frame 227
r0 0.983399 -0.181349 0.00619214 1.28889 
r1 0.162484 0.864884 -0.474948 0.371262 
r2 0.0807756 0.468069 0.879992 -0.0403548 
r3 0 0 0 1 

Frame 228
r0 0.983083 -0.182767 0.0119947 1.2951 
r1 0.166537 0.864684 -0.473906 0.370782 
r2 0.0762425 0.467886 0.880494 -0.0428861 
r3 0 0 0 1 

Frame 229
r0 0.982703 -0.183955 0.0213651 1.30214 
r1 0.171502 0.860452 -0.479802 0.371868 
r2 0.0698781 0.475166 0.877117 -0.0425307 
r3 0 0 0 1 

Frame 230
r0 0.982367 -0.183943 0.03347 1.311 
r1 0.176977 0.857149 -0.48371 0.372547 
r2 0.0602861 0.481104 0.874588 -0.0427547 
r3 0 0 0 1 

Frame 231
r0 0.982384 -0.181564 0.0442422 1.31787 
r1 0.179813 0.853901 -0.488385 0.374499 
r2 0.0508946 0.487737 0.871506 -0.0447962 
r3 0 0 0 1 

Frame 232
r0 0.983974 -0.170525 0.05214 1.32104 
r1 0.173925 0.853282 -0.491588 0.379005 
r2 0.039338 0.492778 0.869265 -0.0463057 
r3 0 0 0 1 

Frame 233
r0 0.984071 -0.167548 0.0594352 1.32518 
r1 0.17501 0.854234 -0.489546 0.379858 
r2 0.0312512 0.49215 0.869949 -0.0478368 
r3 0 0 0 1 

Frame 234
r0 0.982535 -0.173832 0.0663809 1.33089 
r1 0.183886 0.852525 -0.489272 0.380398 
r2 0.0284596 0.492933 0.869602 -0.0489348 
r3 0 0 0 1 

Frame 235
r0 0.982362 -0.172355 0.0725167 1.33631 
r1 0.185554 0.850575 -0.492028 0.382383 
r2 0.0231226 0.496806 0.867554 -0.0514841 
r3 0 0 0 1 

Frame 236
r0 0.982436 -0.170278 0.0763231 1.34035 
r1 0.185622 0.849961 -0.493063 0.385174 
r2 0.019086 0.49857 0.866639 -0.0542802 
r3 0 0 0 1 

Frame 237
r0 0.981303 -0.173422 0.0834888 1.34426 
r1 0.191955 0.850001 -0.490562 0.386157 
r2 0.0141087 0.497416 0.867397 -0.0554293 
r3 0 0 0 1 

Frame 238
r0 0.980217 -0.176049 0.0904518 1.34957 
r1 0.197695 0.848748 -0.490452 0.388993 
r2 0.00957305 0.498632 0.866761 -0.0559768 
r3 0 0 0 1 

Frame 239
r0 0.979573 -0.175637 0.0979227 1.35353 
r1 0.201071 0.848872 -0.488862 0.391146 
r2 0.00273843 0.498565 0.866848 -0.056976 
r3 0 0 0 1 

Frame 240
r0 0.978304 -0.17912 0.104105 1.35617 
r1 0.207172 0.8487 -0.486609 0.393975 
r2 -0.00119247 0.497619 0.867395 -0.0600448 
r3 0 0 0 1 

Frame 241
r0 0.977188 -0.183831 0.106349 1.3588 
r1 0.212371 0.849604 -0.482775 0.396355 
r2 -0.00160539 0.494348 0.869263 -0.0616798 
r3 0 0 0 1 

Frame 242
r0 0.975775 -0.188832 0.110484 1.36234 
r1 0.218741 0.851379 -0.476766 0.396658 
r2 -0.00403493 0.489384 0.872059 -0.0625425 
r3 0 0 0 1 

Frame 243
r0 0.973812 -0.194543 0.117658 1.36677 
r1 0.227233 0.849777 -0.475651 0.399415 
r2 -0.0074485 0.48993 0.87173 -0.061871 
r3 0 0 0 1 

Frame 244
r0 0.971625 -0.199415 0.127193 1.37176 
r1 0.23612 0.849238 -0.472273 0.400349 
r2 -0.0138388 0.488905 0.872227 -0.0621609 
r3 0 0 0 1 

Frame 245
r0 0.967702 -0.209639 0.140015 1.37599 
r1 0.251244 0.847641 -0.467313 0.401247 
r2 -0.0207155 0.487398 0.872934 -0.0622235 
r3 0 0 0 1 

Frame 246
r0 0.964274 -0.218658 0.14955 1.38201 
r1 0.263763 0.844932 -0.465315 0.403943 
r2 -0.0246144 0.488137 0.87242 -0.0619217 
r3 0 0 0 1 

Frame 247
r0 0.962766 -0.219415 0.157919 1.38841 
r1 0.268421 0.845291 -0.461988 0.405967 
r2 -0.0321203 0.487175 0.872713 -0.0623781 
r3 0 0 0 1 

Frame 248
r0 0.960036 -0.222003 0.170429 1.39363 
r1 0.276662 0.844802 -0.458004 0.408338 
r2 -0.0423008 0.486851 0.87246 -0.0611076 
r3 0 0 0 1 

Frame 249
r0 0.955162 -0.230452 0.185893 1.39942 
r1 0.291402 0.842878 -0.452374 0.409912 
r2 -0.0524344 0.48626 0.87224 -0.0599993 
r3 0 0 0 1 

Frame 250
r0 0.951691 -0.234481 0.198247 1.40534 
r1 0.300746 0.842034 -0.447806 0.412256 
r2 -0.0619289 0.485795 0.871876 -0.059586 
r3 0 0 0 1 

Frame 251
r0 0.945814 -0.238922 0.219894 1.41443 
r1 0.314591 0.841984 -0.438287 0.416716 
r2 -0.0804304 0.483715 0.871522 -0.0592652 
r3 0 0 0 1 

Frame 252
r0 0.945278 -0.238918 0.222187 1.41228 
r1 0.315534 0.842667 -0.436292 0.415403 
r2 -0.0829915 0.482525 0.871941 -0.0600544 
r3 0 0 0 1 

Frame 253
r0 0.94126 -0.242617 0.234873 1.41633 
r1 0.32448 0.842415 -0.430174 0.417594 
r2 -0.0934931 0.481118 0.871656 -0.0595506 
r3 0 0 0 1 

Frame 254
r0 0.93957 -0.241725 0.242441 1.41855 
r1 0.327101 0.842873 -0.427282 0.420427 
r2 -0.101062 0.480764 0.871006 -0.0592844 
r3 0 0 0 1 

Frame 255
r0 0.934967 -0.251802 0.249863 1.42332 
r1 0.33896 0.841864 -0.419967 0.423873 
r2 -0.104602 0.477349 0.872465 -0.059128 
r3 0 0 0 1 

Frame 256
r0 0.934677 -0.251598 0.251153 1.42186 
r1 0.33939 0.841782 -0.419784 0.423324 
r2 -0.105799 0.477601 0.872183 -0.0594742 
r3 0 0 0 1 

Frame 257
r0 0.932384 -0.253839 0.257345 1.42391 
r1 0.343972 0.841886 -0.415826 0.42321 
r2 -0.111102 0.476229 0.872274 -0.0579858 
r3 0 0 0 1 

Frame 258
r0 0.931874 -0.254145 0.258886 1.42692 
r1 0.345001 0.841496 -0.415763 0.424923 
r2 -0.112188 0.476755 0.871848 -0.057583 
r3 0 0 0 1 

Frame 259
r0 0.931332 -0.256207 0.258804 1.42834 
r1 0.347013 0.839924 -0.417264 0.426645 
r2 -0.11047 0.478419 0.871155 -0.0563276 
r3 0 0 0 1 

Frame 260
r0 0.93093 -0.259593 0.256867 1.42859 
r1 0.349043 0.83934 -0.416745 0.427254 
r2 -0.107414 0.477618 0.871977 -0.0570203 
r3 0 0 0 1 

Frame 261
r0 0.930798 -0.259417 0.257523 1.4308 
r1 0.349215 0.839244 -0.416796 0.428916 
r2 -0.108001 0.477884 0.871759 -0.0570396 
r3 0 0 0 1 

Frame 262
r0 0.929352 -0.259068 0.263039 1.43165 
r1 0.351257 0.839832 -0.413885 0.428688 
r2 -0.113684 0.477038 0.871499 -0.0565115 
r3 0 0 0 1 

Frame 263
r0 0.928063 -0.258656 0.267948 1.43162 
r1 0.353114 0.839801 -0.412365 0.427556 
r2 -0.118362 0.477316 0.870724 -0.0555866 
r3 0 0 0 1 

Frame 264
r0 0.927369 -0.259297 0.269725 1.43118 
r1 0.354717 0.838618 -0.413395 0.427645 
r2 -0.119004 0.479046 0.869685 -0.054781 
r3 0 0 0 1 

Frame 265
r0 0.926702 -0.261595 0.2698 1.43196 
r1 0.356878 0.837538 -0.413726 0.42725 
r2 -0.117739 0.479686 0.869505 -0.0561271 
r3 0 0 0 1 

Frame 266
r0 0.926019 -0.262687 0.271081 1.43297 
r1 0.358913 0.835163 -0.416753 0.428153 
r2 -0.116921 0.483216 0.867659 -0.0551124 
r3 0 0 0 1 

Frame 267
r0 0.925572 -0.26337 0.271944 1.43272 
r1 0.360393 0.832922 -0.41995 0.429074 
r2 -0.115906 0.4867 0.865846 -0.0547657 
r3 0 0 0 1 

Frame 268
