Frame 1
r0 1 0 0 0 
r1 0 1 0 0 
r2 0 0 1 0 
r3 0 0 0 1 

Frame 2
r0 0.999994 -0.00120272 -0.00327092 0.000458315 
r1 0.00120506 0.999999 0.000714429 -0.00106338 
r2 0.00327006 -0.000718366 0.999995 0.00025653 
r3 0 0 0 1 

Frame 3
r0 0.999993 7.38204e-05 -0.00369394 -0.000903814 
r1 -8.2165e-05 0.999997 -0.00226755 0.0026663 
r2 0.00369376 0.00226784 0.99999 -0.000190251 
r3 0 0 0 1 

Frame 4
r0 0.999997 -0.0011652 -0.00212282 0.00134383 
r1 0.00116145 0.999998 -0.00165019 0.00190003 
r2 0.00212474 0.00164771 0.999996 0.000206054 
r3 0 0 0 1 

Frame 5
r0 0.999997 -0.00116533 -0.00212621 0.00134649 
r1 0.0011622 0.999998 -0.001654 0.00190335 
r2 0.00212813 0.00165152 0.999996 0.000207276 
r3 0 0 0 1 

Frame 6
r0 0.999968 -0.00148612 -0.007795 0.00331478 
r1 0.00145265 0.99999 -0.00426306 0.000803609 
r2 0.00780126 0.0042516 0.999961 0.00141999 
r3 0 0 0 1 

Frame 7
r0 0.999961 0.00106204 -0.00871703 -0.000208711 
r1 -0.00109529 0.999992 -0.00380648 -0.0030901 
r2 0.00871279 0.00381621 0.999955 -0.000188729 
r3 0 0 0 1 

Frame 8
r0 0.999948 0.00277737 -0.00978189 6.98571e-05 
r1 -0.00282973 0.999982 -0.00533582 -0.00303924 
r2 0.00976674 0.0053637 0.999938 -0.000517623 
r3 0 0 0 1 

Frame 9
r0 0.999776 0.00132538 -0.0211323 0.000981312 
r1 -0.001357 0.999998 -0.00148128 -0.00835374 
r2 0.0211303 0.00150951 0.999776 -0.00160978 
r3 0 0 0 1 

Frame 10
r0 0.999776 0.00132534 -0.0211352 0.000983212 
r1 -0.00135722 0.999998 -0.00149314 -0.00834189 
r2 0.0211332 0.00152148 0.999775 -0.00161672 
r3 0 0 0 1 

Frame 11
r0 0.999671 0.00409836 -0.0253073 -0.000904884 
r1 -0.00415241 0.999989 -0.00208505 -0.00833516 
r2 0.0252985 0.00218945 0.999677 -0.00042354 
r3 0 0 0 1 

Frame 12
r0 0.999653 0.00217509 -0.0262424 -0.00170161 
r1 -0.0022698 0.999991 -0.00357843 -0.0072413 
r2 0.0262344 0.00363676 0.999649 -0.000897937 
r3 0 0 0 1 

Frame 13
r0 0.999532 -0.00172737 -0.0305262 0.000880531 
r1 0.00158396 0.999988 -0.00472111 -0.00870456 
r2 0.030534 0.00467055 0.999523 0.000295623 
r3 0 0 0 1 

Frame 14
r0 0.99922 -0.00163948 -0.0394588 0.00126705 
r1 0.00146518 0.999989 -0.00444653 -0.0125326 
r2 0.0394656 0.00438525 0.999211 -0.00161342 
r3 0 0 0 1 

Frame 15
r0 0.998972 0.00593024 -0.0449338 -0.00294466 
r1 -0.00618336 0.999966 -0.0054966 -0.0131252 
r2 0.0448996 0.00576879 0.998975 -0.00425027 
r3 0 0 0 1 

Frame 16
r0 0.998989 0.0156496 -0.0421507 -0.00895871 
r1 -0.0157265 0.999875 -0.00149229 -0.0137056 
r2 0.0421221 0.00215366 0.99911 -0.00701871 
r3 0 0 0 1 

Frame 17
r0 0.99888 0.0140945 -0.0451578 -0.00745444 
r1 -0.014197 0.999897 -0.00194873 -0.0107161 
r2 0.0451261 0.00258762 0.998978 -0.00615409 
r3 0 0 0 1 

Frame 18
r0 0.997713 0.0125182 -0.066422 -0.00297497 
r1 -0.0130529 0.999886 -0.0076241 -0.014063 
r2 0.0663186 0.00847368 0.997762 -0.00832911 
r3 0 0 0 1 

Frame 19
r0 0.996489 0.0244594 -0.080074 -0.0107823 
r1 -0.0257858 0.999546 -0.0155718 -0.0121324 
r2 0.0796571 0.017582 0.996667 -0.00900262 
r3 0 0 0 1 

Frame 20
r0 0.996355 0.029429 -0.0800631 -0.0168202 
r1 -0.0311061 0.99932 -0.0197811 -0.0129068 
r2 0.0794264 0.0221994 0.996593 -0.0108026 
r3 0 0 0 1 

Frame 21
r0 0.995822 0.0242594 -0.0880335 -0.0146678 
r1 -0.026083 0.999467 -0.0196254 -0.0178688 
r2 0.08751 0.0218395 0.995924 -0.012049 
r3 0 0 0 1 

Frame 22
r0 0.994228 0.0184047 -0.105699 -0.0134157 
r1 -0.0210225 0.999498 -0.0237057 -0.0199234 
r2 0.105209 0.0257909 0.994116 -0.0133698 
r3 0 0 0 1 

Frame 23
r0 0.992741 0.0152636 -0.119302 -0.0171367 
r1 -0.0183573 0.999522 -0.0248752 -0.0244471 
r2 0.118865 0.0268847 0.992546 -0.0155456 
r3 0 0 0 1 

Frame 24
r0 0.991499 0.00948513 -0.129767 -0.0188997 
r1 -0.0132703 0.99951 -0.0283348 -0.0228294 
r2 0.129434 0.0298161 0.99114 -0.0174261 
r3 0 0 0 1 

Frame 25
r0 0.989858 0.00525331 -0.141963 -0.0183164 
r1 -0.00934538 0.99956 -0.028174 -0.0259659 
r2 0.141753 0.0292149 0.989471 -0.0186917 
r3 0 0 0 1 

Frame 26
r0 0.987753 0.00438356 -0.155962 -0.0204613 
r1 -0.00891874 0.999557 -0.0283908 -0.0273407 
r2 0.155769 0.029434 0.987355 -0.020845 
r3 0 0 0 1 

Frame 27
r0 0.984818 0.0062447 -0.173479 -0.0203259 
r1 -0.0113099 0.999538 -0.0282244 -0.0295863 
r2 0.173223 0.0297579 0.984433 -0.0201026 
r3 0 0 0 1 

Frame 28
r0 0.981782 0.00526217 -0.18994 -0.0231625 
r1 -0.0108502 0.999538 -0.0283928 -0.0304446 
r2 0.189702 0.0299364 0.981385 -0.0227977 
r3 0 0 0 1 

Frame 29
r0 0.978968 0.0105087 -0.203744 -0.0257598 
r1 -0.0167057 0.999448 -0.0287195 -0.0298673 
r2 0.20333 0.0315192 0.978603 -0.021953 
r3 0 0 0 1 

Frame 30
r0 0.976549 0.0102352 -0.215053 -0.0285578 
r1 -0.0166499 0.999468 -0.0280378 -0.0322402 
r2 0.214651 0.0309608 0.9762 -0.0224802 
r3 0 0 0 1 

Frame 31
r0 0.973211 0.010021 -0.229693 -0.029669 
r1 -0.017409 0.999394 -0.0301602 -0.031857 
r2 0.229252 0.0333509 0.972795 -0.0220909 
r3 0 0 0 1 

Frame 32
r0 0.969675 0.0141292 -0.24399 -0.0314794 
r1 -0.0227252 0.999215 -0.0324523 -0.0334252 
r2 0.243339 0.0370129 0.969235 -0.0222553 
r3 0 0 0 1 

Frame 33
r0 0.961805 0.017014 -0.273208 -0.0312118 
r1 -0.0268425 0.999118 -0.0322768 -0.0374811 
r2 0.272418 0.0383776 0.961413 -0.0237549 
r3 0 0 0 1 

Frame 34
r0 0.963136 0.0144854 -0.268623 -0.0364952 
r1 -0.0246943 0.999094 -0.0346642 -0.0356689 
r2 0.267878 0.0400198 0.962621 -0.0254567 
r3 0 0 0 1 

Frame 35
r0 0.959827 0.0161585 -0.280127 -0.0373071 
r1 -0.0270772 0.999015 -0.0351512 -0.0383577 
r2 0.279283 0.0413241 0.959319 -0.0254286 
r3 0 0 0 1 

Frame 36
r0 0.956173 0.0175181 -0.292279 -0.0415546 
r1 -0.029014 0.998964 -0.0350432 -0.0406621 
r2 0.291363 0.0419876 0.955691 -0.0279079 
r3 0 0 0 1 

Frame 37
r0 0.950886 0.0197525 -0.30891 -0.041419 
r1 -0.0323599 0.998837 -0.0357418 -0.0416151 
r2 0.307844 0.0439826 0.95042 -0.0279811 
r3 0 0 0 1 

Frame 38
r0 0.941531 0.0262391 -0.335904 -0.0419954 
r1 -0.039815 0.998642 -0.0335915 -0.0459017 
r2 0.334567 0.0450014 0.941297 -0.0299833 
r3 0 0 0 1 

Frame 39
r0 0.943487 0.0236734 -0.330563 -0.0481072 
r1 -0.0377175 0.998635 -0.0361348 -0.0439632 
r2 0.329256 0.0465607 0.943092 -0.0317503 
r3 0 0 0 1 

Frame 40
r0 0.938393 0.0248408 -0.344676 -0.0480583 
r1 -0.0403334 0.998469 -0.0378497 -0.0439121 
r2 0.343208 0.0494198 0.937958 -0.0321791 
r3 0 0 0 1 

Frame 41
r0 0.934258 0.0262179 -0.355632 -0.0494782 
r1 -0.0436824 0.998197 -0.041166 -0.0436667 
r2 0.353912 0.0539946 0.933719 -0.0336376 
r3 0 0 0 1 

Frame 42
r0 0.930537 0.0241963 -0.365397 -0.0507318 
r1 -0.0437485 0.998014 -0.0453246 -0.0458151 
r2 0.363575 0.0581618 0.929748 -0.0354309 
r3 0 0 0 1 

Frame 43
r0 0.926036 0.0222736 -0.376778 -0.050482 
r1 -0.0442201 0.997785 -0.0496982 -0.0482107 
r2 0.374836 0.0626834 0.92497 -0.0371227 
r3 0 0 0 1 

Frame 44
r0 0.921985 0.020324 -0.386691 -0.0509847 
r1 -0.0452802 0.997429 -0.0555375 -0.0509066 
r2 0.384568 0.0687143 0.920535 -0.0390587 
r3 0 0 0 1 

Frame 45
r0 0.918022 0.0181259 -0.396114 -0.0526083 
r1 -0.0448448 0.997292 -0.0582953 -0.054996 
r2 0.393985 0.0712801 0.916349 -0.0420228 
r3 0 0 0 1 

Frame 46
r0 0.914175 0.0132398 -0.405102 -0.0544976 
r1 -0.0408787 0.997382 -0.0596519 -0.0574713 
r2 0.403252 0.0710924 0.912323 -0.0455886 
r3 0 0 0 1 

Frame 47
r0 0.908908 0.0118233 -0.416829 -0.0527479 
r1 -0.0412648 0.997242 -0.0616924 -0.058514 
r2 0.41495 0.0732731 0.906889 -0.0453052 
r3 0 0 0 1 

Frame 48
r0 0.905952 0.00985956 -0.423266 -0.0569687 
r1 -0.0401538 0.997223 -0.0627153 -0.0609985 
r2 0.421472 0.0738128 0.903832 -0.0486345 
r3 0 0 0 1 

Frame 49
r0 0.900114 0.0103714 -0.435531 -0.0555056 
r1 -0.0427866 0.996988 -0.0646856 -0.062268 
r2 0.433548 0.0768593 0.897847 -0.0491827 
r3 0 0 0 1 

Frame 50
r0 0.896649 0.0109416 -0.442607 -0.0577889 
r1 -0.0452169 0.99673 -0.0669623 -0.0626913 
r2 0.440427 0.080055 0.894212 -0.0515531 
r3 0 0 0 1 

Frame 51
r0 0.892265 0.0126271 -0.451336 -0.0597684 
r1 -0.0496287 0.996295 -0.0702396 -0.0622262 
r2 0.448777 0.0850716 0.889585 -0.0520831 
r3 0 0 0 1 

Frame 52
r0 0.887266 0.0135682 -0.461059 -0.0637703 
r1 -0.0517552 0.996183 -0.0702821 -0.0643237 
r2 0.458346 0.0862211 0.884582 -0.0553252 
r3 0 0 0 1 

Frame 53
r0 0.880538 0.0145291 -0.473753 -0.0650952 
r1 -0.0541937 0.996061 -0.0701796 -0.0645745 
r2 0.470867 0.0874702 0.877857 -0.0566516 
r3 0 0 0 1 

Frame 54
r0 0.87632 0.0145345 -0.48151 -0.0694441 
r1 -0.0555954 0.995917 -0.0711185 -0.0630372 
r2 0.47851 0.0890923 0.873551 -0.0589994 
r3 0 0 0 1 

Frame 55
r0 0.860491 0.0196522 -0.509087 -0.0691502 
r1 -0.0624006 0.995797 -0.0670328 -0.0635002 
r2 0.50563 0.0894484 0.858101 -0.0622739 
r3 0 0 0 1 

Frame 56
r0 0.8599 0.0173487 -0.510168 -0.07136 
r1 -0.0607277 0.995801 -0.0684948 -0.062816 
r2 0.506837 0.08988 0.857344 -0.0593301 
r3 0 0 0 1 

Frame 57
r0 0.851703 0.0195925 -0.523658 -0.0738847 
r1 -0.0641411 0.995684 -0.0670691 -0.0622068 
r2 0.520084 0.090711 0.849285 -0.0612691 
r3 0 0 0 1 

Frame 58
r0 0.844597 0.0196246 -0.535043 -0.0759903 
r1 -0.0656765 0.995578 -0.0671578 -0.0615699 
r2 0.531359 0.091861 0.842151 -0.0626188 
r3 0 0 0 1 

Frame 59
r0 0.836414 0.0188016 -0.547776 -0.0765726 
r1 -0.0671478 0.995398 -0.0683641 -0.0603565 
r2 0.54397 0.0939626 0.833827 -0.0624766 
r3 0 0 0 1 

Frame 60
r0 0.827791 0.0181429 -0.560743 -0.077352 
r1 -0.0684787 0.995272 -0.0688887 -0.0598353 
r2 0.556841 0.0954244 0.825119 -0.06367 
r3 0 0 0 1 

Frame 61
r0 0.818604 0.0176411 -0.574088 -0.0782359 
r1 -0.0710477 0.994962 -0.0707342 -0.056364 
r2 0.569948 0.0986909 0.815733 -0.0645993 
r3 0 0 0 1 

Frame 62
r0 0.808372 0.0189813 -0.588366 -0.0794169 
r1 -0.0732402 0.994957 -0.0685282 -0.0562832 
r2 0.584098 0.0984883 0.805686 -0.0650477 
r3 0 0 0 1 

Frame 63
r0 0.79832 0.0228257 -0.601801 -0.081611 
r1 -0.0761154 0.995093 -0.0632281 -0.0579113 
r2 0.597404 0.0962825 0.79614 -0.0675756 
r3 0 0 0 1 

Frame 64
r0 0.788109 0.0275443 -0.61492 -0.0833437 
r1 -0.0808007 0.994983 -0.058989 -0.0577741 
r2 0.61021 0.0961756 0.78638 -0.0689281 
r3 0 0 0 1 

Frame 65
r0 0.777772 0.0337018 -0.627642 -0.0854864 
r1 -0.0890587 0.994396 -0.0569664 -0.0546147 
r2 0.622205 0.100204 0.776415 -0.0697499 
r3 0 0 0 1 

Frame 66
r0 0.768464 0.0396593 -0.638663 -0.0891817 
r1 -0.0931885 0.994373 -0.05038 -0.0565932 
r2 0.633071 0.0982313 0.767836 -0.0742915 
r3 0 0 0 1 

Frame 67
r0 0.761428 0.0449848 -0.646687 -0.0920114 
r1 -0.0973084 0.994218 -0.0454139 -0.0565777 
r2 0.640905 0.0975075 0.761402 -0.0774526 
r3 0 0 0 1 

Frame 68
r0 0.754758 0.0511518 -0.654006 -0.0934074 
r1 -0.105899 0.99338 -0.0445179 -0.0535121 
r2 0.647399 0.102859 0.755178 -0.0770739 
r3 0 0 0 1 

Frame 69
r0 0.745187 0.0518158 -0.66484 -0.0941539 
r1 -0.107711 0.993238 -0.0433181 -0.0503917 
r2 0.6581 0.103891 0.745729 -0.0766297 
r3 0 0 0 1 

Frame 70
r0 0.735714 0.0568362 -0.674904 -0.0964432 
r1 -0.114115 0.992629 -0.0408037 -0.0497593 
r2 0.66761 0.107036 0.736777 -0.0797458 
r3 0 0 0 1 

Frame 71
r0 0.732729 0.0614608 -0.67774 -0.103241 
r1 -0.119473 0.992063 -0.0392008 -0.0487446 
r2 0.669952 0.109695 0.734256 -0.0870302 
r3 0 0 0 1 

Frame 72
r0 0.723624 0.066526 -0.686981 -0.10639 
r1 -0.123781 0.991715 -0.0343478 -0.0455998 
r2 0.679004 0.10989 0.725864 -0.0943401 
r3 0 0 0 1 

Frame 73
r0 0.71707 0.06715 -0.693759 -0.101199 
r1 -0.124729 0.991644 -0.0329368 -0.0477849 
r2 0.685751 0.11015 0.719453 -0.0871198 
r3 0 0 0 1 

Frame 74
r0 0.706553 0.0699475 -0.704195 -0.100891 
r1 -0.128087 0.991308 -0.0300491 -0.0462445 
r2 0.695972 0.111429 0.70937 -0.0869055 
r3 0 0 0 1 

Frame 75
r0 0.698321 0.0755012 -0.711792 -0.103884 
r1 -0.134861 0.99049 -0.0272452 -0.0441839 
r2 0.702965 0.115019 0.701862 -0.089846 
r3 0 0 0 1 

Frame 76
r0 0.689893 0.0816713 -0.71929 -0.106021 
r1 -0.141063 0.989736 -0.0229188 -0.0415043 
r2 0.710035 0.117277 0.694332 -0.0919286 
r3 0 0 0 1 

Frame 77
r0 0.678776 0.0856146 -0.729338 -0.105353 
r1 -0.145427 0.989182 -0.0192283 -0.0373631 
r2 0.719802 0.119117 0.683884 -0.0897123 
r3 0 0 0 1 

Frame 78
r0 0.667955 0.0884004 -0.738933 -0.107323 
r1 -0.147851 0.988891 -0.0153454 -0.0361809 
r2 0.729367 0.119502 0.673605 -0.0922625 
r3 0 0 0 1 

Frame 79
r0 0.659127 0.0979641 -0.745624 -0.110983 
r1 -0.155426 0.987818 -0.007611 -0.0383794 
r2 0.735795 0.120906 0.666324 -0.0983708 
r3 0 0 0 1 

Frame 80
r0 0.655071 0.10785 -0.74783 -0.116873 
r1 -0.164509 0.986374 -0.00185081 -0.0350719 
r2 0.737441 0.124237 0.663888 -0.103401 
r3 0 0 0 1 

Frame 81
r0 0.646853 0.110634 -0.754547 -0.116806 
r1 -0.16484 0.986315 0.00330387 -0.0312118 
r2 0.744587 0.122242 0.656237 -0.102886 
r3 0 0 0 1 

Frame 82
r0 0.637663 0.112334 -0.762081 -0.117413 
r1 -0.163172 0.986558 0.00889047 -0.0296071 
r2 0.752835 0.118681 0.647421 -0.104358 
r3 0 0 0 1 

Frame 83
r0 0.631975 0.121255 -0.765444 -0.121733 
r1 -0.167667 0.985685 0.0177119 -0.0307331 
r2 0.756634 0.117146 0.643259 -0.108196 
r3 0 0 0 1 

Frame 84
r0 0.624321 0.128242 -0.77057 -0.122025 
r1 -0.17186 0.984813 0.0246549 -0.0278699 
r2 0.762028 0.117038 0.636879 -0.107384 
r3 0 0 0 1 

Frame 85
r0 0.610515 0.133101 -0.780741 -0.119622 
r1 -0.17537 0.984026 0.0306228 -0.0241163 
r2 0.772345 0.118223 0.624104 -0.104115 
r3 0 0 0 1 

Frame 86
r0 0.598704 0.138319 -0.788936 -0.122384 
r1 -0.182736 0.982588 0.0335968 -0.0192806 
r2 0.779846 0.124053 0.613556 -0.107527 
r3 0 0 0 1 

Frame 87
r0 0.591021 0.144659 -0.793579 -0.12806 
r1 -0.189784 0.981109 0.0374999 -0.017611 
r2 0.784012 0.128446 0.607311 -0.114193 
r3 0 0 0 1 

Frame 88
r0 0.583923 0.147991 -0.798206 -0.131188 
r1 -0.19348 0.98028 0.0402096 -0.0149726 
r2 0.788416 0.130958 0.601041 -0.117361 
r3 0 0 0 1 

Frame 89
r0 0.573025 0.148696 -0.805935 -0.129861 
r1 -0.196048 0.979721 0.0413683 -0.0109741 
r2 0.795743 0.134297 0.590557 -0.117554 
r3 0 0 0 1 

Frame 90
r0 0.562735 0.152359 -0.812475 -0.131744 
r1 -0.199697 0.978813 0.0452374 -0.0102212 
r2 0.802153 0.136792 0.581238 -0.121366 
r3 0 0 0 1 

Frame 91
r0 0.554837 0.155997 -0.817203 -0.134122 
r1 -0.202175 0.978101 0.0494459 -0.00856012 
r2 0.80702 0.137783 0.574225 -0.125938 
r3 0 0 0 1 

Frame 92
r0 0.547732 0.159564 -0.821297 -0.136337 
r1 -0.20252 0.977739 0.0548945 -0.00800032 
r2 0.811772 0.136262 0.567854 -0.128915 
r3 0 0 0 1 

Frame 93
r0 0.539189 0.160686 -0.826713 -0.135686 
r1 -0.201432 0.977744 0.0586659 -0.0041772 
r2 0.817741 0.134895 0.559557 -0.129021 
r3 0 0 0 1 

Frame 94
r0 0.527117 0.160745 -0.834451 -0.133483 
r1 -0.202609 0.977402 0.0602963 0.000464033 
r2 0.825286 0.137284 0.547774 -0.128345 
r3 0 0 0 1 

Frame 95
r0 0.515697 0.160499 -0.841604 -0.134431 
r1 -0.203872 0.97707 0.06141 0.00416374 
r2 0.832162 0.13991 0.536593 -0.13087 
r3 0 0 0 1 

Frame 96
r0 0.506544 0.162021 -0.846854 -0.136362 
r1 -0.207676 0.976196 0.0625451 0.00608291 
r2 0.836829 0.14419 0.528135 -0.134811 
r3 0 0 0 1 

Frame 97
r0 0.4995 0.163348 -0.850775 -0.137863 
r1 -0.210485 0.975518 0.0637202 0.00725276 
r2 0.840355 0.147247 0.521653 -0.138403 
r3 0 0 0 1 

Frame 98
r0 0.489832 0.162043 -0.856625 -0.136061 
r1 -0.213434 0.974964 0.0623836 0.0107353 
r2 0.845287 0.152275 0.512154 -0.140197 
r3 0 0 0 1 

Frame 99
r0 0.480132 0.162658 -0.861984 -0.136154 
r1 -0.215542 0.974407 0.0638136 0.0113803 
r2 0.850303 0.155154 0.502904 -0.144952 
r3 0 0 0 1 

Frame 100
r0 0.468976 0.164853 -0.867689 -0.13588 
r1 -0.215561 0.974081 0.0685586 0.0097574 
r2 0.856502 0.154888 0.492357 -0.146667 
r3 0 0 0 1 

Frame 101
r0 0.451526 0.169077 -0.876092 -0.140382 
r1 -0.219717 0.972716 0.0744848 0.0152254 
r2 0.864782 0.15886 0.476355 -0.15761 
r3 0 0 0 1 

Frame 102
r0 0.440141 0.169233 -0.881837 -0.132864 
r1 -0.221035 0.972279 0.0762666 0.0121106 
r2 0.870299 0.161349 0.465346 -0.14761 
r3 0 0 0 1 

Frame 103
r0 0.426576 0.173124 -0.887728 -0.134234 
r1 -0.222823 0.971373 0.0823639 0.0114609 
r2 0.876575 0.162672 0.45294 -0.152273 
r3 0 0 0 1 

Frame 104
r0 0.411626 0.178122 -0.893777 -0.141116 
r1 -0.226747 0.969891 0.0888633 0.0175808 
r2 0.882695 0.166083 0.439621 -0.163869 
r3 0 0 0 1 

Frame 105
r0 0.404372 0.178159 -0.897075 -0.136234 
r1 -0.227847 0.969543 0.0898449 0.0157733 
r2 0.885759 0.168065 0.432649 -0.158176 
r3 0 0 0 1 

Frame 106
r0 0.3947 0.176907 -0.901618 -0.13659 
r1 -0.225457 0.969936 0.0916136 0.0193285 
r2 0.89072 0.167116 0.422719 -0.16188 
r3 0 0 0 1 

Frame 107
r0 0.383751 0.177449 -0.906227 -0.13681 
r1 -0.22871 0.969051 0.0929006 0.0215918 
r2 0.894666 0.171613 0.412459 -0.164354 
r3 0 0 0 1 

Frame 108
r0 0.370951 0.180465 -0.910949 -0.135635 
r1 -0.233135 0.967619 0.0967553 0.0197452 
r2 0.898912 0.176483 0.401012 -0.166389 
r3 0 0 0 1 

Frame 109
r0 0.364602 0.187771 -0.912035 -0.139292 
r1 -0.233702 0.96656 0.105571 0.0179261 
r2 0.901359 0.174653 0.396292 -0.176448 
r3 0 0 0 1 

Frame 110
r0 0.357375 0.188162 -0.914811 -0.139926 
r1 -0.236956 0.965713 0.106064 0.0234603 
r2 0.903402 0.178865 0.389708 -0.175024 
r3 0 0 0 1 

Frame 111
r0 0.344274 0.181943 -0.921071 -0.13436 
r1 -0.235331 0.966448 0.102945 0.0279807 
r2 0.908897 0.181316 0.37554 -0.167963 
r3 0 0 0 1 

Frame 112
r0 0.326699 0.178671 -0.928086 -0.133558 
r1 -0.236176 0.966249 0.10288 0.0273306 
r2 0.915144 0.185581 0.357871 -0.17199 
r3 0 0 0 1 

Frame 113
r0 0.313425 0.173878 -0.933558 -0.136958 
r1 -0.238193 0.96606 0.0999628 0.0301532 
r2 0.919254 0.191037 0.344204 -0.181236 
r3 0 0 0 1 

Frame 114
r0 0.304505 0.172198 -0.936816 -0.138656 
r1 -0.240761 0.965501 0.0992132 0.0281323 
r2 0.921581 0.195338 0.335458 -0.188766 
r3 0 0 0 1 

Frame 115
r0 0.29443 0.167769 -0.940832 -0.13769 
r1 -0.239753 0.965954 0.0972191 0.0262075 
r2 0.92511 0.196943 0.324629 -0.191193 
r3 0 0 0 1 

Frame 116
r0 0.283372 0.16228 -0.94518 -0.136903 
r1 -0.238794 0.966477 0.0943439 0.0260056 
r2 0.928805 0.198969 0.312623 -0.193884 
r3 0 0 0 1 

Frame 117
r0 0.272875 0.158998 -0.948819 -0.136948 
r1 -0.237117 0.966939 0.0938409 0.0243128 
r2 0.93237 0.199374 0.301555 -0.199315 
r3 0 0 0 1 

Frame 118
r0 0.263808 0.157732 -0.951591 -0.137373 
r1 -0.235292 0.967261 0.0950995 0.0232913 
r2 0.935437 0.198814 0.292284 -0.203712 
r3 0 0 0 1 

Frame 119
r0 0.256012 0.15951 -0.953422 -0.13747 
r1 -0.233201 0.967353 0.0992219 0.0239147 
r2 0.938123 0.196937 0.284852 -0.205505 
r3 0 0 0 1 

Frame 120
r0 0.247283 0.162598 -0.955203 -0.138914 
r1 -0.233298 0.966808 0.104178 0.0224593 
r2 0.940438 0.197086 0.277009 -0.207828 
r3 0 0 0 1 

Frame 121
r0 0.23842 0.164587 -0.957114 -0.140516 
r1 -0.229849 0.967098 0.109048 0.0240617 
r2 0.94357 0.193992 0.268406 -0.211338 
r3 0 0 0 1 

Frame 122
r0 0.22748 0.166921 -0.95937 -0.141875 
r1 -0.233092 0.965892 0.112786 0.0249147 
r2 0.945474 0.197965 0.25863 -0.213279 
r3 0 0 0 1 

Frame 123
r0 0.217371 0.169115 -0.961327 -0.143629 
r1 -0.233401 0.965311 0.11704 0.025909 
r2 0.947773 0.198934 0.249302 -0.21711 
r3 0 0 0 1 

Frame 124
r0 0.207342 0.170264 -0.963338 -0.144834 
r1 -0.231711 0.965263 0.120732 0.0287454 
r2 0.950431 0.198183 0.239592 -0.221139 
r3 0 0 0 1 

Frame 125
r0 0.196874 0.1718 -0.965259 -0.14527 
r1 -0.229383 0.965274 0.125018 0.0306727 
r2 0.953218 0.196801 0.229446 -0.220571 
r3 0 0 0 1 

Frame 126
r0 0.189616 0.178402 -0.965515 -0.148813 
r1 -0.231287 0.963798 0.132662 0.0294652 
r2 0.954229 0.198156 0.224013 -0.22529 
r3 0 0 0 1 

Frame 127
r0 0.177625 0.179031 -0.967676 -0.151057 
r1 -0.228738 0.963893 0.136344 0.0334611 
r2 0.957146 0.197127 0.212162 -0.227258 
r3 0 0 0 1 

Frame 128
r0 0.165276 0.179987 -0.969685 -0.152506 
r1 -0.230075 0.963115 0.139553 0.0365025 
r2 0.959036 0.200036 0.20059 -0.228734 
r3 0 0 0 1 

Frame 129
r0 0.155986 0.180279 -0.971168 -0.153551 
r1 -0.231409 0.96251 0.141504 0.0393583 
r2 0.96027 0.202665 0.191856 -0.233224 
r3 0 0 0 1 

Frame 130
r0 0.145553 0.177548 -0.973289 -0.15421 
r1 -0.230598 0.962758 0.141141 0.0422455 
r2 0.962101 0.203895 0.181075 -0.235488 
r3 0 0 0 1 

Frame 131
r0 0.136774 0.176181 -0.974809 -0.15466 
r1 -0.230275 0.962755 0.141693 0.0429268 
r2 0.963466 0.205095 0.17225 -0.240175 
r3 0 0 0 1 

Frame 132
r0 0.127413 0.175482 -0.976203 -0.155554 
r1 -0.226366 0.963394 0.143634 0.0433598 
r2 0.965673 0.202678 0.162472 -0.245614 
r3 0 0 0 1 

Frame 133
r0 0.115888 0.175003 -0.977724 -0.155599 
r1 -0.224503 0.963497 0.145847 0.044088 
r2 0.967558 0.2026 0.150946 -0.248281 
r3 0 0 0 1 

Frame 134
r0 0.104005 0.173876 -0.97926 -0.156063 
r1 -0.225528 0.963075 0.14705 0.0470024 
r2 0.968669 0.205556 0.139378 -0.252009 
r3 0 0 0 1 

Frame 135
r0 0.0929705 0.170882 -0.980895 -0.156225 
r1 -0.224587 0.963373 0.146542 0.0509493 
r2 0.970009 0.206672 0.127943 -0.25585 
r3 0 0 0 1 

Frame 136
r0 0.0828429 0.168216 -0.982263 -0.155815 
r1 -0.223329 0.963716 0.146205 0.0533137 
r2 0.971216 0.207256 0.117405 -0.257938 
r3 0 0 0 1 

Frame 137
r0 0.0731408 0.166249 -0.983368 -0.155895 
r1 -0.224069 0.96354 0.146231 0.0561857 
r2 0.971825 0.209647 0.107725 -0.258422 
r3 0 0 0 1 

Frame 138
r0 0.0650279 0.164451 -0.98424 -0.156498 
r1 -0.229141 0.962432 0.145668 0.058079 
r2 0.971219 0.216057 0.100267 -0.258375 
r3 0 0 0 1 

Frame 139
r0 0.0565561 0.163249 -0.984962 -0.158161 
r1 -0.231448 0.961811 0.146122 0.0584123 
r2 0.971202 0.219704 0.0921799 -0.260192 
r3 0 0 0 1 

Frame 140
r0 0.0487023 0.162233 -0.98555 -0.158509 
r1 -0.233995 0.961114 0.146647 0.059809 
r2 0.971017 0.223472 0.0847702 -0.26406 
r3 0 0 0 1 

Frame 141
r0 0.0444501 0.163898 -0.985475 -0.159103 
r1 -0.235307 0.960414 0.149116 0.0613965 
r2 0.970904 0.225261 0.0812568 -0.267703 
r3 0 0 0 1 

Frame 142
r0 0.0412484 0.16573 -0.985308 -0.160079 
r1 -0.234229 0.960271 0.151713 0.0631435 
r2 0.971306 0.22453 0.0784282 -0.268498 
r3 0 0 0 1 

Frame 143
r0 0.0271317 0.169528 -0.985152 -0.164738 
r1 -0.235532 0.958852 0.158515 0.0677541 
r2 0.971488 0.227734 0.0659445 -0.271148 
r3 0 0 0 1 

Frame 144
r0 0.0264531 0.171592 -0.984813 -0.164202 
r1 -0.23597 0.958389 0.16065 0.0651214 
r2 0.9714 0.228137 0.0658431 -0.271488 
r3 0 0 0 1 

Frame 145
r0 0.0191677 0.172857 -0.98476 -0.165846 
r1 -0.234158 0.958324 0.163659 0.0677349 
r2 0.97201 0.227452 0.0588447 -0.274024 
r3 0 0 0 1 

Frame 146
r0 0.0136047 0.173665 -0.984711 -0.166717 
r1 -0.237356 0.957215 0.165537 0.0695929 
r2 0.971327 0.231475 0.0542432 -0.276826 
r3 0 0 0 1 

Frame 147
r0 0.00997587 0.174389 -0.984626 -0.167447 
r1 -0.239608 0.956405 0.166964 0.0720714 
r2 0.970818 0.234259 0.0513262 -0.278776 
r3 0 0 0 1 

Frame 148
r0 0.00687859 0.174346 -0.98466 -0.1681 
r1 -0.241455 0.955837 0.167555 0.0749682 
r2 0.970388 0.236599 0.0486714 -0.279629 
r3 0 0 0 1 

Frame 149
r0 0.00447216 0.174138 -0.984711 -0.168191 
r1 -0.241904 0.955663 0.167902 0.076576 
r2 0.97029 0.237455 0.0463986 -0.279531 
r3 0 0 0 1 

Frame 150
r0 0.00158155 0.174029 -0.984739 -0.169783 
r1 -0.240864 0.955815 0.16853 0.0761539 
r2 0.970558 0.236922 0.043429 -0.278192 
r3 0 0 0 1 

Frame 151
r0 -0.00110275 0.173766 -0.984786 -0.170069 
r1 -0.240447 0.95585 0.168929 0.0760517 
r2 0.970662 0.236975 0.0407274 -0.27836 
r3 0 0 0 1 

Frame 152
r0 -0.00622006 0.17319 -0.984869 -0.17098 
r1 -0.241593 0.955452 0.169543 0.0755977 
r2 0.970358 0.238992 0.0358985 -0.278317 
r3 0 0 0 1 

Frame 153
r0 -0.00719385 0.171303 -0.985192 -0.170624 
r1 -0.241222 0.955825 0.167959 0.0768846 
r2 0.970443 0.238859 0.0344462 -0.281398 
r3 0 0 0 1 

Frame 154
r0 -0.00678432 0.168452 -0.985687 -0.170401 
r1 -0.241338 0.956296 0.16509 0.0788888 
r2 0.970417 0.239003 0.034166 -0.28037 
r3 0 0 0 1 

Frame 155
r0 -0.00639558 0.16685 -0.985961 -0.170994 
r1 -0.240175 0.956864 0.163484 0.0787145 
r2 0.970709 0.237849 0.0339535 -0.279116 
r3 0 0 0 1 

Frame 156
r0 -0.00765358 0.164908 -0.986279 -0.171548 
r1 -0.23961 0.957272 0.161917 0.0779759 
r2 0.970839 0.237562 0.0321871 -0.279389 
r3 0 0 0 1 

Frame 157
r0 -0.00790946 0.164075 -0.986416 -0.171707 
r1 -0.240394 0.957206 0.161144 0.0764847 
r2 0.970643 0.238403 0.0318719 -0.280259 
r3 0 0 0 1 

Frame 158
r0 -0.00730531 0.162434 -0.986692 -0.17185 
r1 -0.240386 0.957499 0.159407 0.0772515 
r2 0.97065 0.238352 0.0320519 -0.279562 
r3 0 0 0 1 

Frame 159
r0 -0.00744192 0.160554 -0.986999 -0.172137 
r1 -0.241005 0.957643 0.157596 0.0771575 
r2 0.970495 0.239045 0.0315677 -0.279394 
r3 0 0 0 1 

Frame 160
r0 -0.00696136 0.159528 -0.987169 -0.171957 
r1 -0.242538 0.957446 0.156435 0.076505 
r2 0.970117 0.240515 0.0320265 -0.280539 
r3 0 0 0 1 

Frame 161
r0 -0.00681983 0.16034 -0.987038 -0.172696 
r1 -0.24288 0.957238 0.157177 0.0743182 
r2 0.970033 0.240804 0.032415 -0.281987 
r3 0 0 0 1 

Frame 162
r0 -0.00699808 0.159275 -0.987209 -0.173191 
r1 -0.241333 0.957783 0.156239 0.0743395 
r2 0.970417 0.239339 0.0317358 -0.282877 
r3 0 0 0 1 

Frame 163
r0 -0.00572923 0.156623 -0.987642 -0.173071 
r1 -0.24051 0.95845 0.153388 0.0764497 
r2 0.97063 0.238416 0.032178 -0.283958 
r3 0 0 0 1 

Frame 163
r0 -0.00572923 0.156623 -0.987642 -0.173071 
r1 -0.24051 0.95845 0.153388 0.0764497 
r2 0.97063 0.238416 0.032178 -0.283958 
r3 0 0 0 1 

Frame 163
r0 -0.00572923 0.156623 -0.987642 -0.173071 
r1 -0.24051 0.95845 0.153388 0.0764497 
r2 0.97063 0.238416 0.032178 -0.283958 
r3 0 0 0 1 

Frame 163
r0 -0.00572923 0.156623 -0.987642 -0.173071 
r1 -0.24051 0.95845 0.153388 0.0764497 
r2 0.97063 0.238416 0.032178 -0.283958 
r3 0 0 0 1 

Frame 163
r0 -0.00572923 0.156623 -0.987642 -0.173071 
r1 -0.24051 0.95845 0.153388 0.0764497 
r2 0.97063 0.238416 0.032178 -0.283958 
r3 0 0 0 1 

Frame 163
r0 -0.00572923 0.156623 -0.987642 -0.173071 
r1 -0.24051 0.95845 0.153388 0.0764497 
r2 0.97063 0.238416 0.032178 -0.283958 
r3 0 0 0 1 

Frame 163
r0 -0.00572923 0.156623 -0.987642 -0.173071 
r1 -0.24051 0.95845 0.153388 0.0764497 
r2 0.97063 0.238416 0.032178 -0.283958 
r3 0 0 0 1 

Frame 163
r0 -0.00572923 0.156623 -0.987642 -0.173071 
r1 -0.24051 0.95845 0.153388 0.0764497 
r2 0.97063 0.238416 0.032178 -0.283958 
r3 0 0 0 1 

Frame 163
r0 -0.00572923 0.156623 -0.987642 -0.173071 
r1 -0.24051 0.95845 0.153388 0.0764497 
r2 0.97063 0.238416 0.032178 -0.283958 
r3 0 0 0 1 

Frame 163
r0 -0.00572923 0.156623 -0.987642 -0.173071 
r1 -0.24051 0.95845 0.153388 0.0764497 
r2 0.97063 0.238416 0.032178 -0.283958 
r3 0 0 0 1 

Frame 163
r0 -0.00572923 0.156623 -0.987642 -0.173071 
r1 -0.24051 0.95845 0.153388 0.0764497 
r2 0.97063 0.238416 0.032178 -0.283958 
r3 0 0 0 1 

Frame 163
r0 -0.00572923 0.156623 -0.987642 -0.173071 
r1 -0.24051 0.95845 0.153388 0.0764497 
r2 0.97063 0.238416 0.032178 -0.283958 
r3 0 0 0 1 

Frame 163
r0 -0.00572923 0.156623 -0.987642 -0.173071 
r1 -0.24051 0.95845 0.153388 0.0764497 
r2 0.97063 0.238416 0.032178 -0.283958 
r3 0 0 0 1 

Frame 163
r0 -0.00572923 0.156623 -0.987642 -0.173071 
r1 -0.24051 0.95845 0.153388 0.0764497 
r2 0.97063 0.238416 0.032178 -0.283958 
r3 0 0 0 1 

Frame 163
r0 -0.00572923 0.156623 -0.987642 -0.173071 
r1 -0.24051 0.95845 0.153388 0.0764497 
r2 0.97063 0.238416 0.032178 -0.283958 
r3 0 0 0 1 

Frame 163
r0 -0.00572923 0.156623 -0.987642 -0.173071 
r1 -0.24051 0.95845 0.153388 0.0764497 
r2 0.97063 0.238416 0.032178 -0.283958 
r3 0 0 0 1 

Frame 163
r0 -0.00572923 0.156623 -0.987642 -0.173071 
r1 -0.24051 0.95845 0.153388 0.0764497 
r2 0.97063 0.238416 0.032178 -0.283958 
r3 0 0 0 1 

Frame 163
r0 -0.00572923 0.156623 -0.987642 -0.173071 
r1 -0.24051 0.95845 0.153388 0.0764497 
r2 0.97063 0.238416 0.032178 -0.283958 
r3 0 0 0 1 

Frame 163
r0 -0.00572923 0.156623 -0.987642 -0.173071 
r1 -0.24051 0.95845 0.153388 0.0764497 
r2 0.97063 0.238416 0.032178 -0.283958 
r3 0 0 0 1 

Frame 163
r0 -0.00572923 0.156623 -0.987642 -0.173071 
r1 -0.24051 0.95845 0.153388 0.0764497 
r2 0.97063 0.238416 0.032178 -0.283958 
r3 0 0 0 1 

Frame 163
r0 -0.00572923 0.156623 -0.987642 -0.173071 
r1 -0.24051 0.95845 0.153388 0.0764497 
r2 0.97063 0.238416 0.032178 -0.283958 
r3 0 0 0 1 

Frame 163
r0 -0.00572923 0.156623 -0.987642 -0.173071 
r1 -0.24051 0.95845 0.153388 0.0764497 
r2 0.97063 0.238416 0.032178 -0.283958 
r3 0 0 0 1 

Frame 163
r0 -0.00572923 0.156623 -0.987642 -0.173071 
r1 -0.24051 0.95845 0.153388 0.0764497 
r2 0.97063 0.238416 0.032178 -0.283958 
r3 0 0 0 1 

Frame 163
r0 -0.00572923 0.156623 -0.987642 -0.173071 
r1 -0.24051 0.95845 0.153388 0.0764497 
r2 0.97063 0.238416 0.032178 -0.283958 
r3 0 0 0 1 

Frame 163
r0 -0.00572923 0.156623 -0.987642 -0.173071 
r1 -0.24051 0.95845 0.153388 0.0764497 
r2 0.97063 0.238416 0.032178 -0.283958 
r3 0 0 0 1 

Frame 163
r0 -0.00572923 0.156623 -0.987642 -0.173071 
r1 -0.24051 0.95845 0.153388 0.0764497 
r2 0.97063 0.238416 0.032178 -0.283958 
r3 0 0 0 1 

Frame 163
r0 -0.00572923 0.156623 -0.987642 -0.173071 
r1 -0.24051 0.95845 0.153388 0.0764497 
r2 0.97063 0.238416 0.032178 -0.283958 
r3 0 0 0 1 

Frame 163
r0 -0.00572923 0.156623 -0.987642 -0.173071 
r1 -0.24051 0.95845 0.153388 0.0764497 
r2 0.97063 0.238416 0.032178 -0.283958 
r3 0 0 0 1 

Frame 163
r0 -0.00572923 0.156623 -0.987642 -0.173071 
r1 -0.24051 0.95845 0.153388 0.0764497 
r2 0.97063 0.238416 0.032178 -0.283958 
r3 0 0 0 1 

Frame 163
r0 -0.00572923 0.156623 -0.987642 -0.173071 
r1 -0.24051 0.95845 0.153388 0.0764497 
r2 0.97063 0.238416 0.032178 -0.283958 
r3 0 0 0 1 

Frame 163
r0 -0.00572923 0.156623 -0.987642 -0.173071 
r1 -0.24051 0.95845 0.153388 0.0764497 
r2 0.97063 0.238416 0.032178 -0.283958 
r3 0 0 0 1 

Frame 163
r0 -0.00572923 0.156623 -0.987642 -0.173071 
r1 -0.24051 0.95845 0.153388 0.0764497 
r2 0.97063 0.238416 0.032178 -0.283958 
r3 0 0 0 1 

Frame 163
r0 -0.00572923 0.156623 -0.987642 -0.173071 
r1 -0.24051 0.95845 0.153388 0.0764497 
r2 0.97063 0.238416 0.032178 -0.283958 
r3 0 0 0 1 

Frame 163
r0 -0.00572923 0.156623 -0.987642 -0.173071 
r1 -0.24051 0.95845 0.153388 0.0764497 
r2 0.97063 0.238416 0.032178 -0.283958 
r3 0 0 0 1 

Frame 163
r0 -0.00572923 0.156623 -0.987642 -0.173071 
r1 -0.24051 0.95845 0.153388 0.0764497 
r2 0.97063 0.238416 0.032178 -0.283958 
r3 0 0 0 1 

Frame 163
r0 -0.00572923 0.156623 -0.987642 -0.173071 
r1 -0.24051 0.95845 0.153388 0.0764497 
r2 0.97063 0.238416 0.032178 -0.283958 
r3 0 0 0 1 

Frame 163
r0 -0.00572923 0.156623 -0.987642 -0.173071 
r1 -0.24051 0.95845 0.153388 0.0764497 
r2 0.97063 0.238416 0.032178 -0.283958 
r3 0 0 0 1 

Frame 163
r0 -0.00572923 0.156623 -0.987642 -0.173071 
r1 -0.24051 0.95845 0.153388 0.0764497 
r2 0.97063 0.238416 0.032178 -0.283958 
r3 0 0 0 1 

Frame 163
r0 -0.00572923 0.156623 -0.987642 -0.173071 
r1 -0.24051 0.95845 0.153388 0.0764497 
r2 0.97063 0.238416 0.032178 -0.283958 
r3 0 0 0 1 

Frame 163
r0 -0.00572923 0.156623 -0.987642 -0.173071 
r1 -0.24051 0.95845 0.153388 0.0764497 
r2 0.97063 0.238416 0.032178 -0.283958 
r3 0 0 0 1 

Frame 163
r0 -0.00572923 0.156623 -0.987642 -0.173071 
r1 -0.24051 0.95845 0.153388 0.0764497 
r2 0.97063 0.238416 0.032178 -0.283958 
r3 0 0 0 1 

Frame 163
r0 -0.00572923 0.156623 -0.987642 -0.173071 
r1 -0.24051 0.95845 0.153388 0.0764497 
r2 0.97063 0.238416 0.032178 -0.283958 
r3 0 0 0 1 

Frame 163
r0 -0.00572923 0.156623 -0.987642 -0.173071 
r1 -0.24051 0.95845 0.153388 0.0764497 
r2 0.97063 0.238416 0.032178 -0.283958 
r3 0 0 0 1 

Frame 163
r0 -0.00572923 0.156623 -0.987642 -0.173071 
r1 -0.24051 0.95845 0.153388 0.0764497 
r2 0.97063 0.238416 0.032178 -0.283958 
r3 0 0 0 1 

Frame 163
r0 -0.00572923 0.156623 -0.987642 -0.173071 
r1 -0.24051 0.95845 0.153388 0.0764497 
r2 0.97063 0.238416 0.032178 -0.283958 
r3 0 0 0 1 

Frame 163
r0 -0.00572923 0.156623 -0.987642 -0.173071 
r1 -0.24051 0.95845 0.153388 0.0764497 
r2 0.97063 0.238416 0.032178 -0.283958 
r3 0 0 0 1 

Frame 163
r0 -0.00572923 0.156623 -0.987642 -0.173071 
r1 -0.24051 0.95845 0.153388 0.0764497 
r2 0.97063 0.238416 0.032178 -0.283958 
r3 0 0 0 1 

Frame 163
r0 -0.00572923 0.156623 -0.987642 -0.173071 
r1 -0.24051 0.95845 0.153388 0.0764497 
r2 0.97063 0.238416 0.032178 -0.283958 
r3 0 0 0 1 

Frame 163
r0 -0.00572923 0.156623 -0.987642 -0.173071 
r1 -0.24051 0.95845 0.153388 0.0764497 
r2 0.97063 0.238416 0.032178 -0.283958 
r3 0 0 0 1 

Frame 163
r0 -0.00572923 0.156623 -0.987642 -0.173071 
r1 -0.24051 0.95845 0.153388 0.0764497 
r2 0.97063 0.238416 0.032178 -0.283958 
r3 0 0 0 1 

Frame 163
r0 -0.00572923 0.156623 -0.987642 -0.173071 
r1 -0.24051 0.95845 0.153388 0.0764497 
r2 0.97063 0.238416 0.032178 -0.283958 
r3 0 0 0 1 

Frame 163
r0 -0.00572923 0.156623 -0.987642 -0.173071 
r1 -0.24051 0.95845 0.153388 0.0764497 
r2 0.97063 0.238416 0.032178 -0.283958 
r3 0 0 0 1 

Frame 163
r0 -0.00572923 0.156623 -0.987642 -0.173071 
r1 -0.24051 0.95845 0.153388 0.0764497 
r2 0.97063 0.238416 0.032178 -0.283958 
r3 0 0 0 1 

Frame 163
r0 -0.00572923 0.156623 -0.987642 -0.173071 
r1 -0.24051 0.95845 0.153388 0.0764497 
r2 0.97063 0.238416 0.032178 -0.283958 
r3 0 0 0 1 

Frame 163
r0 -0.00572923 0.156623 -0.987642 -0.173071 
r1 -0.24051 0.95845 0.153388 0.0764497 
r2 0.97063 0.238416 0.032178 -0.283958 
r3 0 0 0 1 

Frame 163
r0 -0.00572923 0.156623 -0.987642 -0.173071 
r1 -0.24051 0.95845 0.153388 0.0764497 
r2 0.97063 0.238416 0.032178 -0.283958 
r3 0 0 0 1 

Frame 163
r0 -0.00572923 0.156623 -0.987642 -0.173071 
r1 -0.24051 0.95845 0.153388 0.0764497 
r2 0.97063 0.238416 0.032178 -0.283958 
r3 0 0 0 1 

Frame 163
r0 -0.00572923 0.156623 -0.987642 -0.173071 
r1 -0.24051 0.95845 0.153388 0.0764497 
r2 0.97063 0.238416 0.032178 -0.283958 
r3 0 0 0 1 

Frame 163
r0 -0.00572923 0.156623 -0.987642 -0.173071 
r1 -0.24051 0.95845 0.153388 0.0764497 
r2 0.97063 0.238416 0.032178 -0.283958 
r3 0 0 0 1 

Frame 163
r0 -0.00572923 0.156623 -0.987642 -0.173071 
r1 -0.24051 0.95845 0.153388 0.0764497 
r2 0.97063 0.238416 0.032178 -0.283958 
r3 0 0 0 1 

Frame 163
r0 -0.00572923 0.156623 -0.987642 -0.173071 
r1 -0.24051 0.95845 0.153388 0.0764497 
r2 0.97063 0.238416 0.032178 -0.283958 
r3 0 0 0 1 

Frame 163
r0 -0.00572923 0.156623 -0.987642 -0.173071 
r1 -0.24051 0.95845 0.153388 0.0764497 
r2 0.97063 0.238416 0.032178 -0.283958 
r3 0 0 0 1 

Frame 163
r0 -0.00572923 0.156623 -0.987642 -0.173071 
r1 -0.24051 0.95845 0.153388 0.0764497 
r2 0.97063 0.238416 0.032178 -0.283958 
r3 0 0 0 1 

