Frame 1
r0 1 0 0 0 
r1 0 1 0 0 
r2 0 0 1 0 
r3 0 0 0 1 

Frame 2
r0 0.999984 0.00566073 7.72333e-05 0.00106169 
r1 -0.00566033 0.999974 -0.00456492 0.000670962 
r2 -0.000103072 0.00456441 0.99999 -7.56864e-05 
r3 0 0 0 1 

Frame 3
r0 0.999988 0.00401574 -0.00285723 0.000274703 
r1 -0.00404003 0.999955 -0.00856013 -0.00414773 
r2 0.00282272 0.00857157 0.999959 -0.0022767 
r3 0 0 0 1 

Frame 4
r0 0.999924 -0.00492451 -0.0113548 0.00536899 
r1 0.00482061 0.999946 -0.00917704 -0.0120772 
r2 0.0113994 0.0091216 0.999893 -0.00553308 
r3 0 0 0 1 

Frame 5
r0 0.999991 -0.00195818 -0.00375742 0.0078409 
r1 0.00190019 0.999881 -0.0153231 -0.01991 
r2 0.00378697 0.0153158 0.999876 -0.0091416 
r3 0 0 0 1 

Frame 6
r0 0.999991 -0.00194766 -0.00381801 0.00790745 
r1 0.00188902 0.999881 -0.0153256 -0.0199079 
r2 0.00384741 0.0153183 0.999875 -0.00913658 
r3 0 0 0 1 

Frame 7
r0 0.999993 -0.00358467 -0.00128258 0.010977 
r1 0.00356333 0.999861 -0.0162884 -0.0348027 
r2 0.00134083 0.016284 0.999867 -0.0127237 
r3 0 0 0 1 

Frame 8
r0 0.999992 -0.00237526 0.00317585 0.0108561 
r1 0.00241744 0.999908 -0.0133475 -0.0497728 
r2 -0.0031439 0.0133551 0.999906 -0.018639 
r3 0 0 0 1 

Frame 9
r0 0.999952 0.0043146 0.00885391 0.0117876 
r1 -0.00420177 0.99991 -0.0127161 -0.0542763 
r2 -0.00890788 0.0126782 0.99988 -0.0224196 
r3 0 0 0 1 

Frame 10
r0 0.999686 0.0197096 0.0154644 0.00743977 
r1 -0.0193723 0.999578 -0.0216684 -0.052226 
r2 -0.0158851 0.0213622 0.999645 -0.023257 
r3 0 0 0 1 

Frame 11
r0 0.999501 0.0201532 -0.0243252 0.0128293 
r1 -0.0209594 0.999224 -0.0333447 -0.0680295 
r2 0.0236342 0.0338377 0.999148 -0.0249202 
r3 0 0 0 1 

Frame 12
r0 0.999503 0.0201576 -0.0242385 0.0127419 
r1 -0.020966 0.999216 -0.0335765 -0.0678166 
r2 0.0235427 0.0340681 0.999142 -0.0249013 
r3 0 0 0 1 

Frame 13
r0 0.999381 0.00858352 -0.034101 0.0174542 
r1 -0.0100439 0.99903 -0.0428729 -0.0818694 
r2 0.0337001 0.0431885 0.998498 -0.028976 
r3 0 0 0 1 

Frame 14
r0 0.999492 -0.0010056 -0.0318722 0.01675 
r1 -0.000219188 0.999263 -0.0383965 -0.0995287 
r2 0.0318873 0.0383838 0.998754 -0.0323484 
r3 0 0 0 1 

Frame 15
r0 0.999092 0.00853985 -0.0417372 0.0286581 
r1 -0.0102163 0.999142 -0.0401234 -0.102383 
r2 0.0413588 0.0405134 0.998323 -0.0335827 
r3 0 0 0 1 

Frame 16
r0 0.999572 0.0147474 -0.0252718 0.0281725 
r1 -0.016117 0.998363 -0.0548688 -0.0998254 
r2 0.0244213 0.0552526 0.998174 -0.0369337 
r3 0 0 0 1 

Frame 17
r0 0.999757 0.0104837 -0.0193842 0.0263184 
r1 -0.0117567 0.997699 -0.0667742 -0.107611 
r2 0.0186396 0.0669859 0.99758 -0.0390814 
r3 0 0 0 1 

Frame 18
r0 0.999545 0.00855809 -0.028927 0.0318505 
r1 -0.010749 0.997016 -0.0764451 -0.116859 
r2 0.0281864 0.0767213 0.996654 -0.0441497 
r3 0 0 0 1 

Frame 19
r0 0.999389 0.00608981 -0.0344104 0.0413192 
r1 -0.00893179 0.996505 -0.0830542 -0.121399 
r2 0.0337843 0.0833109 0.995951 -0.0489808 
r3 0 0 0 1 

Frame 20
r0 0.999672 0.0123447 -0.022443 0.043562 
r1 -0.0142509 0.996119 -0.0868528 -0.124916 
r2 0.0212837 0.087144 0.995969 -0.0530002 
r3 0 0 0 1 

Frame 21
r0 0.99987 0.0153541 -0.00482454 0.0353432 
r1 -0.0157051 0.996346 -0.0839546 -0.130191 
r2 0.00351785 0.0840194 0.996458 -0.0556974 
r3 0 0 0 1 

Frame 22
r0 0.999969 0.00744315 -0.0025627 0.0327503 
r1 -0.00762637 0.996682 -0.0810386 -0.132101 
r2 0.00195101 0.0810556 0.996708 -0.0558466 
r3 0 0 0 1 

Frame 23
r0 0.999947 0.00412662 -0.00939179 0.0378285 
r1 -0.00483134 0.997074 -0.0762931 -0.134846 
r2 0.00904947 0.0763345 0.997041 -0.0578803 
r3 0 0 0 1 

Frame 24
r0 0.999956 0.00679712 -0.00644252 0.0411796 
r1 -0.00724219 0.997394 -0.0717867 -0.132486 
r2 0.00593779 0.0718302 0.997399 -0.0591643 
r3 0 0 0 1 

Frame 25
r0 0.999946 0.00839191 -0.00613065 0.0464107 
r1 -0.00882113 0.997241 -0.0736982 -0.128893 
r2 0.00549527 0.0737483 0.997262 -0.0581756 
r3 0 0 0 1 

Frame 26
r0 0.999931 0.00689603 -0.00953108 0.0494965 
r1 -0.00763676 0.996765 -0.0800083 -0.131184 
r2 0.00894851 0.0800756 0.996749 -0.058831 
r3 0 0 0 1 

Frame 27
r0 0.999978 0.00197045 -0.00627838 0.047127 
r1 -0.00242689 0.997289 -0.0735361 -0.142559 
r2 0.00611646 0.0735498 0.997273 -0.062681 
r3 0 0 0 1 

Frame 28
r0 0.999993 0.0036074 -0.000864808 0.0445277 
r1 -0.00365692 0.997781 -0.0664824 -0.144705 
r2 0.00062306 0.0664851 0.997787 -0.0647091 
r3 0 0 0 1 

Frame 29
r0 0.999983 0.00517856 -0.00247932 0.0465196 
r1 -0.00533281 0.997746 -0.0668819 -0.140122 
r2 0.00212738 0.0668941 0.997758 -0.0635661 
r3 0 0 0 1 

Frame 30
r0 0.999877 -0.00657459 -0.0142295 0.0493705 
r1 0.00559516 0.997683 -0.0678083 -0.142734 
r2 0.0146424 0.0677203 0.997597 -0.0651651 
r3 0 0 0 1 

Frame 31
r0 0.999867 -0.00634886 -0.0150021 0.0506083 
r1 0.00532889 0.997733 -0.0670907 -0.14342 
r2 0.015394 0.0670019 0.997634 -0.0649374 
r3 0 0 0 1 

Frame 32
r0 0.999905 -0.00445074 -0.0130485 0.0528622 
r1 0.00356898 0.997758 -0.0668266 -0.142077 
r2 0.0133167 0.0667737 0.997679 -0.0648209 
r3 0 0 0 1 

Frame 33
r0 0.999891 -0.00250025 -0.0145812 0.0565593 
r1 0.00143977 0.997382 -0.0722963 -0.140479 
r2 0.0147238 0.0722673 0.997276 -0.0650867 
r3 0 0 0 1 

Frame 34
r0 0.999915 -0.00678274 -0.0111486 0.0520827 
r1 0.00595626 0.997347 -0.0725547 -0.147055 
r2 0.0116112 0.0724821 0.997302 -0.0670024 
r3 0 0 0 1 

Frame 35
r0 0.999906 -0.00699422 -0.0117675 0.0487504 
r1 0.00615907 0.997557 -0.0695844 -0.152285 
r2 0.0122255 0.0695054 0.997507 -0.0682447 
r3 0 0 0 1 

Frame 36
r0 0.999825 -0.00460953 -0.0181429 0.0510817 
r1 0.00328548 0.997375 -0.072333 -0.148972 
r2 0.0184287 0.0722607 0.997216 -0.0677954 
r3 0 0 0 1 

Frame 37
r0 0.999772 -0.0080903 -0.0197939 0.0508724 
r1 0.00660786 0.997248 -0.0738413 -0.152106 
r2 0.0203368 0.0736936 0.997074 -0.0684321 
r3 0 0 0 1 

Frame 38
r0 0.999718 -0.00736174 -0.0225584 0.0472836 
r1 0.00577688 0.997562 -0.0695429 -0.157572 
r2 0.0230154 0.069393 0.997324 -0.0696046 
r3 0 0 0 1 

Frame 39
r0 0.999661 -0.00354198 -0.0257837 0.0455089 
r1 0.00170842 0.99749 -0.0707893 -0.153927 
r2 0.0259698 0.0707213 0.997158 -0.0698805 
r3 0 0 0 1 

Frame 40
r0 0.999441 -0.00367997 -0.0332268 0.0445689 
r1 0.00111716 0.997045 -0.076816 -0.152823 
r2 0.0334112 0.076736 0.996491 -0.0689954 
r3 0 0 0 1 

Frame 41
r0 0.999235 -0.00680706 -0.0385043 0.0400253 
r1 0.00379553 0.996965 -0.0777584 -0.157186 
r2 0.0389167 0.0775528 0.996228 -0.0703299 
r3 0 0 0 1 

Frame 42
r0 0.998877 -0.00868571 -0.0465851 0.0368777 
r1 0.00512475 0.997093 -0.0760166 -0.15861 
r2 0.04711 0.0756925 0.996018 -0.0719878 
r3 0 0 0 1 

Frame 43
r0 0.998507 -0.00529695 -0.0543634 0.0362021 
r1 0.00121188 0.99719 -0.0749028 -0.158135 
r2 0.0546074 0.0747251 0.995708 -0.0719166 
r3 0 0 0 1 

Frame 44
r0 0.998281 -0.00533321 -0.0583618 0.0288321 
r1 0.00109997 0.997381 -0.0723212 -0.159513 
r2 0.0585947 0.0721327 0.995673 -0.0724387 
r3 0 0 0 1 

Frame 45
r0 0.997525 -0.00818464 -0.0698347 0.0257046 
r1 0.00348133 0.997733 -0.0672061 -0.161441 
r2 0.0702264 0.0667966 0.995292 -0.0724215 
r3 0 0 0 1 

Frame 46
r0 0.996534 -0.0032187 -0.0831212 0.0261805 
r1 -0.00233895 0.997772 -0.0666762 -0.157521 
r2 0.0831505 0.0666396 0.994306 -0.0717199 
r3 0 0 0 1 

Frame 47
r0 0.995651 -0.00242561 -0.0931299 0.0244182 
r1 -0.00452127 0.997226 -0.0743041 -0.152953 
r2 0.0930517 0.074402 0.992877 -0.0706794 
r3 0 0 0 1 

Frame 48
r0 0.994411 -0.00778907 -0.105292 0.020713 
r1 -0.000400563 0.996989 -0.0775391 -0.158091 
r2 0.105579 0.0771479 0.991414 -0.0709971 
r3 0 0 0 1 

Frame 49
r0 0.992585 -0.0153478 -0.120576 0.0186646 
r1 0.00648576 0.997271 -0.0735407 -0.165944 
r2 0.121375 0.0722134 0.989977 -0.0732265 
r3 0 0 0 1 

Frame 50
r0 0.990228 -0.0112459 -0.139004 0.0192733 
r1 0.0013417 0.997465 -0.0711394 -0.161138 
r2 0.139452 0.0702577 0.987733 -0.0748208 
r3 0 0 0 1 

Frame 51
r0 0.990498 -0.0113907 -0.137057 0.0163526 
r1 0.00183703 0.99757 -0.0696379 -0.16221 
r2 0.137518 0.0687245 0.988112 -0.0745305 
r3 0 0 0 1 

Frame 52
r0 0.989473 -0.0132951 -0.144106 0.014995 
r1 0.00297293 0.997428 -0.0716086 -0.160037 
r2 0.144687 0.0704263 0.986968 -0.0749065 
r3 0 0 0 1 

Frame 53
r0 0.988127 -0.0132038 -0.15307 0.0146486 
r1 0.00186697 0.997259 -0.0739725 -0.160325 
r2 0.153627 0.0728086 0.985442 -0.0741216 
r3 0 0 0 1 

Frame 54
r0 0.986319 -0.00835511 -0.164636 0.013171 
r1 -0.00448756 0.996984 -0.0774798 -0.160279 
r2 0.164786 0.0771586 0.983307 -0.0749338 
r3 0 0 0 1 

Frame 55
r0 0.985248 -0.00602156 -0.171024 0.00879505 
r1 -0.00723246 0.997023 -0.0767702 -0.164184 
r2 0.170978 0.0768747 0.982271 -0.0767619 
r3 0 0 0 1 

Frame 56
r0 0.983864 -0.00438097 -0.178865 0.00534537 
r1 -0.00936526 0.997069 -0.0759364 -0.165813 
r2 0.178673 0.0763862 0.980939 -0.0774563 
r3 0 0 0 1 

Frame 57
r0 0.981666 -0.00360354 -0.190577 0.00362491 
r1 -0.0110383 0.997069 -0.0757127 -0.166475 
r2 0.190291 0.076428 0.978748 -0.0788456 
r3 0 0 0 1 

Frame 58
r0 0.980224 -0.00554778 -0.197814 0.00238102 
r1 -0.00972667 0.997048 -0.0761607 -0.166696 
r2 0.197653 0.0765787 0.977276 -0.0801101 
r3 0 0 0 1 

Frame 59
r0 0.979327 -0.00573397 -0.202203 -8.70819e-05 
r1 -0.00951304 0.997187 -0.074352 -0.16798 
r2 0.20206 0.0747384 0.976517 -0.0807939 
r3 0 0 0 1 

Frame 60
r0 0.977403 -0.00619787 -0.211295 -0.00122436 
r1 -0.00907402 0.997419 -0.0712313 -0.169425 
r2 0.211191 0.071539 0.974823 -0.0812626 
r3 0 0 0 1 

Frame 61
r0 0.975507 -0.00777726 -0.219832 -0.00255897 
r1 -0.00789061 0.997495 -0.0703033 -0.167414 
r2 0.219828 0.0703159 0.973001 -0.08232 
r3 0 0 0 1 

Frame 62
r0 0.973978 -0.0075739 -0.226517 -0.00217446 
r1 -0.00996403 0.997044 -0.0761815 -0.160563 
r2 0.226424 0.0764561 0.971024 -0.0824599 
r3 0 0 0 1 

Frame 63
r0 0.972852 -0.00783363 -0.231294 -0.00364876 
r1 -0.0106564 0.996851 -0.0785829 -0.16124 
r2 0.231182 0.0789144 0.969705 -0.0839291 
r3 0 0 0 1 

Frame 64
r0 0.971155 -0.00979739 -0.238247 -0.00501712 
r1 -0.00921573 0.996867 -0.0785598 -0.163692 
r2 0.23827 0.0784893 0.968022 -0.0848719 
r3 0 0 0 1 

Frame 65
r0 0.96957 -0.0101837 -0.2446 -0.00734734 
r1 -0.00972153 0.996745 -0.0800337 -0.164332 
r2 0.244619 0.0799762 0.966315 -0.0872869 
r3 0 0 0 1 

Frame 66
r0 0.968425 -0.0130963 -0.248959 -0.00841466 
r1 -0.00781012 0.996536 -0.0828017 -0.164684 
r2 0.249181 0.0821317 0.964968 -0.0887316 
r3 0 0 0 1 

Frame 67
r0 0.966897 -0.0179591 -0.254534 -0.00864517 
r1 -0.00321355 0.996584 -0.0825232 -0.165337 
r2 0.255146 0.0806094 0.963536 -0.0884358 
r3 0 0 0 1 

Frame 68
r0 0.964293 -0.0213495 -0.263973 -0.00944929 
r1 -0.000817388 0.9965 -0.0835805 -0.164565 
r2 0.264834 0.080812 0.960903 -0.0887399 
r3 0 0 0 1 

Frame 69
r0 0.961588 -0.0217153 -0.273638 -0.0168689 
r1 -0.00122374 0.996517 -0.0833821 -0.165306 
r2 0.274495 0.0805141 0.958212 -0.0948572 
r3 0 0 0 1 

Frame 70
r0 0.960769 -0.0221728 -0.27646 -0.0150516 
r1 -0.00113868 0.996476 -0.0838766 -0.165061 
r2 0.277345 0.0809008 0.957358 -0.0931166 
r3 0 0 0 1 

Frame 71
r0 0.95824 -0.0245364 -0.28491 -0.0139744 
r1 -0.000213176 0.996251 -0.0865139 -0.163307 
r2 0.285965 0.0829618 0.954642 -0.0920183 
r3 0 0 0 1 

Frame 72
r0 0.95591 -0.027141 -0.292402 -0.0166434 
r1 0.0017742 0.996235 -0.0866712 -0.166059 
r2 0.293654 0.0823311 0.95236 -0.0947419 
r3 0 0 0 1 

Frame 73
r0 0.953955 -0.0239776 -0.298991 -0.0224625 
r1 -0.00197682 0.996275 -0.0862038 -0.167801 
r2 0.299944 0.0828255 0.950355 -0.0996245 
r3 0 0 0 1 

Frame 74
r0 0.953514 -0.0249948 -0.300312 -0.021114 
r1 -0.000994861 0.996288 -0.0860793 -0.168466 
r2 0.301348 0.0823766 0.949949 -0.099184 
r3 0 0 0 1 

Frame 75
r0 0.952457 -0.0246077 -0.303678 -0.0227917 
r1 -0.00216048 0.996162 -0.0874971 -0.167752 
r2 0.304666 0.0839934 0.948749 -0.10097 
r3 0 0 0 1 

Frame 76
r0 0.950601 -0.0259281 -0.30933 -0.0216272 
r1 -0.000357062 0.996413 -0.0846171 -0.17077 
r2 0.310415 0.0805475 0.947183 -0.101539 
r3 0 0 0 1 

Frame 77
r0 0.947671 -0.0239624 -0.31835 -0.0275155 
r1 -0.00316199 0.996426 -0.0844142 -0.168374 
r2 0.319235 0.0810034 0.944207 -0.105824 
r3 0 0 0 1 

Frame 78
r0 0.947002 -0.0243192 -0.320305 -0.0250831 
r1 -0.00248691 0.996546 -0.0830147 -0.170101 
r2 0.321217 0.0794117 0.94367 -0.103982 
r3 0 0 0 1 

Frame 79
r0 0.945184 -0.0210507 -0.32586 -0.0277594 
r1 -0.00547522 0.996758 -0.0802726 -0.170167 
r2 0.326493 0.0776565 0.942004 -0.10516 
r3 0 0 0 1 

Frame 80
r0 0.942797 -0.0169441 -0.332937 -0.027263 
r1 -0.00855689 0.997148 -0.0749787 -0.170923 
r2 0.333258 0.0735386 0.939963 -0.105431 
r3 0 0 0 1 

Frame 81
r0 0.940339 -0.0179193 -0.339767 -0.0301226 
r1 -0.00804619 0.997162 -0.0748589 -0.166459 
r2 0.340144 0.0731266 0.937526 -0.10553 
r3 0 0 0 1 

Frame 82
r0 0.937311 -0.0185918 -0.347997 -0.032592 
r1 -0.00848103 0.997063 -0.0761114 -0.166959 
r2 0.34839 0.0742915 0.934401 -0.10701 
r3 0 0 0 1 

Frame 83
r0 0.934412 -0.0160519 -0.355832 -0.0358981 
r1 -0.0122395 0.996947 -0.0771135 -0.167189 
r2 0.355984 0.076411 0.931363 -0.109029 
r3 0 0 0 1 

Frame 84
r0 0.93202 -0.0180159 -0.36196 -0.039008 
r1 -0.0112557 0.996843 -0.0785989 -0.165886 
r2 0.362233 0.0773298 0.928874 -0.110696 
r3 0 0 0 1 

Frame 85
r0 0.929245 -0.0223663 -0.368788 -0.0405316 
r1 -0.00800289 0.996713 -0.0806142 -0.166331 
r2 0.369379 0.0778617 0.926011 -0.111637 
r3 0 0 0 1 

Frame 86
r0 0.92657 -0.0229792 -0.375419 -0.0432434 
r1 -0.00844872 0.996609 -0.0818541 -0.167965 
r2 0.376027 0.0790153 0.923234 -0.113801 
r3 0 0 0 1 

Frame 87
r0 0.924883 -0.0263536 -0.379337 -0.0473727 
r1 -0.00529703 0.996606 -0.0821521 -0.169022 
r2 0.380214 0.0779905 0.921604 -0.115993 
r3 0 0 0 1 

Frame 88
r0 0.923068 -0.0247762 -0.383838 -0.0490289 
r1 -0.00748133 0.996578 -0.082319 -0.169646 
r2 0.384564 0.0788576 0.919724 -0.117291 
r3 0 0 0 1 

Frame 89
r0 0.920196 -0.0246176 -0.390683 -0.0478969 
r1 -0.00782374 0.996665 -0.0812295 -0.17183 
r2 0.39138 0.0778037 0.916934 -0.117841 
r3 0 0 0 1 

Frame 90
r0 0.917619 -0.0226338 -0.396816 -0.0495445 
r1 -0.0107135 0.996606 -0.0816191 -0.172325 
r2 0.397316 0.0791465 0.914262 -0.118937 
r3 0 0 0 1 

Frame 91
r0 0.914977 -0.0235062 -0.402822 -0.0510655 
r1 -0.00998692 0.996676 -0.080845 -0.170237 
r2 0.403384 0.0779943 0.911701 -0.119436 
r3 0 0 0 1 

Frame 92
r0 0.911186 -0.0232433 -0.41134 -0.0587655 
r1 -0.011015 0.996676 -0.0807184 -0.168265 
r2 0.411848 0.0780803 0.907901 -0.124455 
r3 0 0 0 1 

Frame 93
r0 0.90947 -0.0230972 -0.415127 -0.054596 
r1 -0.0107278 0.99682 -0.0789648 -0.169908 
r2 0.415631 0.0762695 0.90633 -0.122273 
r3 0 0 0 1 

Frame 94
r0 0.906116 -0.0197003 -0.422571 -0.0601037 
r1 -0.0140155 0.996969 -0.0765323 -0.168874 
r2 0.422798 0.0752697 0.903093 -0.126099 
r3 0 0 0 1 

Frame 95
r0 0.904548 -0.0201612 -0.425895 -0.0574813 
r1 -0.0136446 0.997001 -0.076176 -0.169126 
r2 0.426153 0.074716 0.90156 -0.123976 
r3 0 0 0 1 

Frame 96
r0 0.902133 -0.0170331 -0.431121 -0.0595282 
r1 -0.0182764 0.996815 -0.0776269 -0.171107 
r2 0.43107 0.0779092 0.898949 -0.125428 
r3 0 0 0 1 

Frame 97
r0 0.898768 -0.0177769 -0.438065 -0.0586508 
r1 -0.0178013 0.996874 -0.0769762 -0.170859 
r2 0.438064 0.0769819 0.895642 -0.125331 
r3 0 0 0 1 

Frame 98
r0 0.894834 -0.0140086 -0.44618 -0.0667232 
r1 -0.0224784 0.996826 -0.0763785 -0.16943 
r2 0.445833 0.0783755 0.891678 -0.130384 
r3 0 0 0 1 

Frame 99
r0 0.893815 -0.0130231 -0.448247 -0.0653574 
r1 -0.0234621 0.996851 -0.0757454 -0.170013 
r2 0.447822 0.0782191 0.890695 -0.129365 
r3 0 0 0 1 

Frame 100
r0 0.89207 -0.015053 -0.451646 -0.0672292 
r1 -0.0228367 0.996666 -0.0783239 -0.166595 
r2 0.451319 0.0801845 0.888753 -0.129623 
r3 0 0 0 1 

Frame 101
r0 0.88876 -0.0128389 -0.458193 -0.0668263 
r1 -0.0239007 0.99695 -0.0742957 -0.17192 
r2 0.457749 0.0769822 0.885742 -0.130873 
r3 0 0 0 1 

Frame 102
r0 0.886354 -0.00721022 -0.462952 -0.0695975 
r1 -0.029169 0.997023 -0.0713741 -0.171257 
r2 0.462088 0.0767666 0.883505 -0.132129 
r3 0 0 0 1 

Frame 103
r0 0.883737 -0.0122191 -0.467825 -0.0755458 
r1 -0.0243751 0.9971 -0.0720886 -0.168088 
r2 0.467349 0.0751106 0.880876 -0.135581 
r3 0 0 0 1 

Frame 104
r0 0.881272 -0.0141024 -0.472399 -0.0701351 
r1 -0.022498 0.99717 -0.0717387 -0.167988 
r2 0.472074 0.0738494 0.878461 -0.132367 
r3 0 0 0 1 

Frame 105
r0 0.878348 -0.0114544 -0.477884 -0.0717138 
r1 -0.0238954 0.997411 -0.0678266 -0.171539 
r2 0.477423 0.0709945 0.8758 -0.133459 
r3 0 0 0 1 

Frame 106
r0 0.876822 -0.00956753 -0.480719 -0.0734558 
r1 -0.0254554 0.997477 -0.0662822 -0.169748 
r2 0.48014 0.0703546 0.874366 -0.133969 
r3 0 0 0 1 

Frame 107
r0 0.874872 -0.0143956 -0.484141 -0.0745908 
r1 -0.0213555 0.99744 -0.0682487 -0.167353 
r2 0.483884 0.0700479 0.872324 -0.134014 
r3 0 0 0 1 

Frame 108
r0 0.871763 -0.0123701 -0.489773 -0.0741302 
r1 -0.0216149 0.997737 -0.0636727 -0.174022 
r2 0.489452 0.0660939 0.869522 -0.135155 
r3 0 0 0 1 

Frame 109
r0 0.872103 -0.00654916 -0.489278 -0.0836013 
r1 -0.0281586 0.997582 -0.0635436 -0.170784 
r2 0.488511 0.0691939 0.86981 -0.139697 
r3 0 0 0 1 

Frame 110
r0 0.871378 -0.00396058 -0.490595 -0.0824818 
r1 -0.0283826 0.997886 -0.0584681 -0.17152 
r2 0.48979 0.0648722 0.869424 -0.139714 
r3 0 0 0 1 

Frame 111
r0 0.868795 -0.00499538 -0.495147 -0.0802922 
r1 -0.0255397 0.998166 -0.0548826 -0.173125 
r2 0.494513 0.0603277 0.867074 -0.138435 
r3 0 0 0 1 

Frame 112
r0 0.866557 -0.00351039 -0.499066 -0.0768019 
r1 -0.0229468 0.998638 -0.0468681 -0.179268 
r2 0.498551 0.0520659 0.865296 -0.13803 
r3 0 0 0 1 

Frame 113
r0 0.865164 -0.00250897 -0.501484 -0.0790472 
r1 -0.0254298 0.998481 -0.0488674 -0.175378 
r2 0.500845 0.0550309 0.863786 -0.137925 
r3 0 0 0 1 

Frame 114
r0 0.862425 -0.00311666 -0.506175 -0.0759428 
r1 -0.0240746 0.998597 -0.0471672 -0.17697 
r2 0.505611 0.0528641 0.86114 -0.138034 
r3 0 0 0 1 

Frame 115
r0 0.858185 -0.00515334 -0.513315 -0.0750238 
r1 -0.0225974 0.998601 -0.0478047 -0.178792 
r2 0.512843 0.0526249 0.856868 -0.138157 
r3 0 0 0 1 

Frame 116
r0 0.856695 0.00083959 -0.515822 -0.0790002 
r1 -0.0299247 0.998396 -0.0480748 -0.178597 
r2 0.514954 0.0566213 0.855346 -0.142634 
r3 0 0 0 1 

Frame 117
r0 0.855433 0.0058098 -0.517881 -0.0811974 
r1 -0.0339173 0.998419 -0.0448237 -0.174531 
r2 0.516802 0.0559088 0.854278 -0.141964 
r3 0 0 0 1 

Frame 118
r0 0.852562 0.0106386 -0.522517 -0.0784541 
r1 -0.033716 0.99883 -0.0346759 -0.178151 
r2 0.521537 0.0471806 0.851923 -0.141304 
r3 0 0 0 1 

Frame 119
r0 0.849856 0.0076713 -0.526959 -0.0795341 
r1 -0.0282277 0.999121 -0.0309795 -0.176674 
r2 0.526258 0.041203 0.849326 -0.14104 
r3 0 0 0 1 

Frame 120
r0 0.84826 0.00528456 -0.529553 -0.0817211 
r1 -0.0250581 0.999231 -0.0301673 -0.174039 
r2 0.528986 0.0388593 0.84774 -0.141208 
r3 0 0 0 1 

Frame 121
r0 0.847078 0.00687807 -0.531425 -0.0837344 
r1 -0.0271457 0.999171 -0.0303376 -0.17217 
r2 0.530776 0.0401242 0.846562 -0.142123 
r3 0 0 0 1 

Frame 122
r0 0.846361 0.00513779 -0.532585 -0.0845557 
r1 -0.0251679 0.999222 -0.0303564 -0.171656 
r2 0.532015 0.0390965 0.845832 -0.143821 
r3 0 0 0 1 

Frame 123
r0 0.843586 0.0106516 -0.536889 -0.0835309 
r1 -0.0279533 0.999319 -0.0240957 -0.177917 
r2 0.536267 0.0353346 0.843308 -0.144824 
r3 0 0 0 1 

Frame 124
r0 0.84096 0.0188447 -0.540769 -0.0839104 
r1 -0.0330921 0.999314 -0.0166379 -0.179888 
r2 0.540085 0.031887 0.841006 -0.146679 
r3 0 0 0 1 

Frame 125
r0 0.837881 0.0204954 -0.545469 -0.0835019 
r1 -0.0314877 0.999446 -0.0108144 -0.179435 
r2 0.544945 0.0262367 0.838062 -0.147505 
r3 0 0 0 1 

Frame 126
r0 0.834503 0.0199068 -0.550644 -0.0842457 
r1 -0.0297051 0.999519 -0.00888358 -0.174899 
r2 0.550202 0.0237703 0.834693 -0.148104 
r3 0 0 0 1 

Frame 127
r0 0.832678 0.0161264 -0.553522 -0.0847669 
r1 -0.0258474 0.999619 -0.00975977 -0.172037 
r2 0.553153 0.0224338 0.832777 -0.147563 
r3 0 0 0 1 

Frame 128
r0 0.832625 0.014784 -0.55364 -0.0863841 
r1 -0.0231141 0.9997 -0.00806629 -0.172229 
r2 0.553355 0.0195131 0.832717 -0.149092 
r3 0 0 0 1 

Frame 129
r0 0.831917 0.025524 -0.554313 -0.0877031 
r1 -0.0289825 0.999577 0.00252966 -0.178403 
r2 0.554143 0.0139609 0.832305 -0.152298 
r3 0 0 0 1 

Frame 130
r0 0.83208 0.0317847 -0.553743 -0.0901253 
r1 -0.0313184 0.999456 0.0103079 -0.178641 
r2 0.55377 0.00876534 0.832624 -0.154431 
r3 0 0 0 1 

Frame 131
r0 0.830734 0.0311333 -0.555799 -0.0880725 
r1 -0.0271968 0.999512 0.015338 -0.178154 
r2 0.556005 0.00237418 0.831175 -0.152485 
r3 0 0 0 1 

Frame 132
r0 0.830267 0.0310894 -0.556499 -0.0885813 
r1 -0.024302 0.999513 0.0195815 -0.177405 
r2 0.556836 -0.00273383 0.830618 -0.153592 
r3 0 0 0 1 

Frame 133
r0 0.830253 0.037884 -0.556098 -0.0903103 
r1 -0.0280011 0.999263 0.0262688 -0.177534 
r2 0.556683 -0.00623841 0.830702 -0.154722 
r3 0 0 0 1 

Frame 134
r0 0.829755 0.0437397 -0.556411 -0.0898461 
r1 -0.0300352 0.998979 0.0337397 -0.175963 
r2 0.557319 -0.0112837 0.830222 -0.15463 
r3 0 0 0 1 

Frame 135
r0 0.826877 0.0526548 -0.559912 -0.0871278 
r1 -0.0315425 0.998382 0.0473072 -0.180621 
r2 0.561497 -0.0214563 0.827201 -0.154147 
r3 0 0 0 1 

Frame 136
r0 0.823384 0.0589883 -0.56441 -0.0865824 
r1 -0.0303663 0.997738 0.0599773 -0.183401 
r2 0.566671 -0.0322453 0.823313 -0.153963 
r3 0 0 0 1 

Frame 137
r0 0.821248 0.0675984 -0.566553 -0.0889811 
r1 -0.032421 0.996881 0.0719472 -0.182301 
r2 0.569649 -0.0407183 0.820879 -0.154668 
r3 0 0 0 1 

Frame 138
r0 0.820746 0.0754768 -0.566285 -0.0920565 
r1 -0.036395 0.996129 0.0800191 -0.176766 
r2 0.570133 -0.0450654 0.820316 -0.153934 
r3 0 0 0 1 

Frame 139
r0 0.821562 0.0796344 -0.56453 -0.0954376 
r1 -0.0360512 0.995472 0.0879591 -0.175899 
r2 0.568978 -0.0519119 0.820713 -0.154787 
r3 0 0 0 1 

Frame 140
r0 0.823241 0.0877111 -0.560875 -0.0982877 
r1 -0.0386599 0.99436 0.0987564 -0.177462 
r2 0.566374 -0.059617 0.821989 -0.155765 
r3 0 0 0 1 

Frame 141
r0 0.826046 0.100898 -0.554498 -0.101023 
r1 -0.0485389 0.992926 0.108365 -0.175243 
r2 0.561509 -0.0626001 0.825099 -0.155696 
r3 0 0 0 1 

Frame 142
r0 0.826085 0.112356 -0.552232 -0.0981798 
r1 -0.0558722 0.991425 0.118135 -0.173339 
r2 0.56077 -0.0667348 0.825278 -0.153208 
r3 0 0 0 1 

Frame 143
r0 0.823081 0.113916 -0.556382 -0.0947016 
r1 -0.0530606 0.990817 0.124369 -0.169007 
r2 0.56544 -0.0728434 0.821567 -0.151592 
r3 0 0 0 1 

Frame 144
r0 0.820183 0.112718 -0.560888 -0.0970178 
r1 -0.0500712 0.99078 0.125892 -0.166308 
r2 0.569906 -0.0751704 0.818264 -0.151824 
r3 0 0 0 1 

Frame 145
r0 0.818892 0.107277 -0.563832 -0.0996639 
r1 -0.0426564 0.991035 0.126605 -0.165326 
r2 0.572359 -0.0796248 0.816128 -0.150887 
r3 0 0 0 1 

Frame 146
r0 0.817552 0.11255 -0.56475 -0.101592 
r1 -0.0444641 0.990124 0.132956 -0.169671 
r2 0.574136 -0.0835877 0.814481 -0.15322 
r3 0 0 0 1 

Frame 147
r0 0.815563 0.11596 -0.566931 -0.101537 
r1 -0.0450945 0.989473 0.137515 -0.167721 
r2 0.576909 -0.0865868 0.812206 -0.15422 
r3 0 0 0 1 

Frame 148
r0 0.813275 0.116629 -0.570072 -0.102992 
r1 -0.0432578 0.989114 0.140647 -0.16541 
r2 0.58027 -0.0897246 0.809467 -0.154561 
r3 0 0 0 1 

Frame 149
r0 0.808815 0.113409 -0.577024 -0.106775 
r1 -0.0363575 0.988995 0.143416 -0.160176 
r2 0.586939 -0.0950176 0.804036 -0.158121 
r3 0 0 0 1 

Frame 150
r0 0.80575 0.115324 -0.580919 -0.101274 
r1 -0.0407639 0.989331 0.139862 -0.159527 
r2 0.590851 -0.0890131 0.801855 -0.158479 
r3 0 0 0 1 

Frame 151
r0 0.799939 0.109771 -0.589956 -0.100412 
r1 -0.0280501 0.988892 0.145966 -0.16215 
r2 0.599425 -0.100216 0.794132 -0.154834 
r3 0 0 0 1 

Frame 152
r0 0.795403 0.105509 -0.596827 -0.102592 
r1 -0.0214491 0.989014 0.146255 -0.160046 
r2 0.605702 -0.10353 0.788928 -0.155523 
r3 0 0 0 1 

Frame 153
r0 0.792365 0.104754 -0.600987 -0.112536 
r1 -0.0186082 0.988839 0.147824 -0.159893 
r2 0.609764 -0.105947 0.78547 -0.161393 
r3 0 0 0 1 

Frame 154
r0 0.790682 0.101486 -0.603757 -0.113546 
r1 -0.013763 0.988862 0.148194 -0.156179 
r2 0.612072 -0.108865 0.783272 -0.160551 
r3 0 0 0 1 

Frame 155
r0 0.79049 0.105816 -0.603266 -0.112404 
r1 -0.0215498 0.989158 0.145266 -0.156188 
r2 0.612097 -0.101831 0.784199 -0.164524 
r3 0 0 0 1 

Frame 156
r0 0.784849 0.0937918 -0.612549 -0.108658 
r1 -0.00873527 0.990056 0.140402 -0.146931 
r2 0.619626 -0.104844 0.777863 -0.157923 
r3 0 0 0 1 

Frame 157
r0 0.77986 0.0852918 -0.620116 -0.106817 
r1 -0.00751182 0.991877 0.126978 -0.142411 
r2 0.625908 -0.0943666 0.774166 -0.162684 
r3 0 0 0 1 

Frame 158
r0 0.773642 0.0767781 -0.628954 -0.107593 
r1 -0.000890493 0.992762 0.120094 -0.146769 
r2 0.633623 -0.0923495 0.768111 -0.165079 
r3 0 0 0 1 

Frame 159
r0 0.768887 0.0783478 -0.634567 -0.109465 
r1 -0.00318505 0.992921 0.118733 -0.150693 
r2 0.639377 -0.0892715 0.763694 -0.166106 
r3 0 0 0 1 

Frame 160
r0 0.764756 0.0758134 -0.639843 -0.108161 
r1 -0.00363559 0.993545 0.113377 -0.148051 
r2 0.644309 -0.0843798 0.760097 -0.165171 
r3 0 0 0 1 

Frame 161
r0 0.760222 0.0705281 -0.645824 -0.107928 
r1 0.000637233 0.994008 0.109302 -0.151766 
r2 0.649663 -0.0835055 0.755622 -0.168965 
r3 0 0 0 1 

Frame 162
r0 0.754019 0.0690915 -0.653209 -0.110705 
r1 0.00909204 0.99326 0.115555 -0.160445 
r2 0.65679 -0.0930693 0.748308 -0.166607 
r3 0 0 0 1 

Frame 163
r0 0.751762 0.0809992 -0.65444 -0.114575 
r1 -0.000590939 0.99251 0.122163 -0.163243 
r2 0.659434 -0.0914506 0.746179 -0.167177 
r3 0 0 0 1 

Frame 164
r0 0.750723 0.0816172 -0.655556 -0.112332 
r1 -0.00378316 0.992854 0.119279 -0.161311 
r2 0.660606 -0.0870652 0.745667 -0.168884 
r3 0 0 0 1 

Frame 165
r0 0.746841 0.0775421 -0.660466 -0.112675 
r1 -0.000936329 0.9933 0.11556 -0.16156 
r2 0.665002 -0.0856863 0.74191 -0.172392 
r3 0 0 0 1 

Frame 166
r0 0.740151 0.0776528 -0.667943 -0.111097 
r1 0.00296357 0.992923 0.118718 -0.16367 
r2 0.672435 -0.0898487 0.734683 -0.167476 
r3 0 0 0 1 

Frame 167
r0 0.736729 0.0776136 -0.67172 -0.112647 
r1 0.0038265 0.992896 0.118921 -0.162926 
r2 0.676178 -0.0901826 0.731198 -0.16808 
r3 0 0 0 1 

Frame 168
r0 0.735471 0.0824279 -0.672524 -0.11499 
r1 -0.00609373 0.993337 0.115084 -0.162211 
r2 0.677529 -0.0805429 0.731072 -0.174112 
r3 0 0 0 1 

Frame 169
r0 0.727161 0.0794342 -0.681855 -0.109714 
r1 -0.000955462 0.993398 0.114709 -0.162355 
r2 0.686466 -0.0827607 0.722437 -0.167182 
r3 0 0 0 1 

Frame 170
r0 0.722013 0.0815529 -0.687056 -0.12138 
r1 -0.00658502 0.993794 0.111042 -0.164171 
r2 0.691848 -0.0756497 0.718069 -0.181897 
r3 0 0 0 1 

Frame 171
r0 0.716014 0.0770396 -0.693822 -0.114447 
r1 0.00171794 0.993694 0.112109 -0.163349 
r2 0.698084 -0.0814638 0.711367 -0.172605 
r3 0 0 0 1 

Frame 172
r0 0.71008 0.0773842 -0.699856 -0.113513 
r1 0.00318655 0.993579 0.113095 -0.16257 
r2 0.704114 -0.0825364 0.705274 -0.168862 
r3 0 0 0 1 

Frame 173
r0 0.709745 0.0789273 -0.700024 -0.117197 
r1 -0.00531769 0.994275 0.106713 -0.160566 
r2 0.704439 -0.0720163 0.706102 -0.179163 
r3 0 0 0 1 

Frame 174
r0 0.704273 0.0763498 -0.705812 -0.118195 
r1 -0.00229362 0.99444 0.105283 -0.163969 
r2 0.709925 -0.0725291 0.700532 -0.180686 
r3 0 0 0 1 

Frame 175
r0 0.695673 0.0772127 -0.714197 -0.115272 
r1 0.00289208 0.993897 0.110269 -0.165342 
r2 0.718352 -0.0787764 0.691205 -0.173439 
r3 0 0 0 1 

Frame 176
r0 0.690121 0.0775407 -0.719528 -0.114954 
r1 0.00406133 0.993813 0.110995 -0.162319 
r2 0.723683 -0.0795218 0.685536 -0.172441 
r3 0 0 0 1 

Frame 177
r0 0.683598 0.0741846 -0.726079 -0.115976 
r1 0.00805335 0.993994 0.10914 -0.16095 
r2 0.729815 -0.0804552 0.678895 -0.171365 
r3 0 0 0 1 

Frame 178
r0 0.676224 0.0695076 -0.73341 -0.113953 
r1 0.014859 0.99405 0.10791 -0.160698 
r2 0.736547 -0.0838688 0.671167 -0.168443 
r3 0 0 0 1 

Frame 179
r0 0.668235 0.062776 -0.741296 -0.112915 
r1 0.020424 0.99451 0.10263 -0.156889 
r2 0.743669 -0.0837213 0.663285 -0.169099 
r3 0 0 0 1 

Frame 180
r0 0.66507 0.0669233 -0.743777 -0.120207 
r1 0.0114152 0.994949 0.0997304 -0.159287 
r2 0.746694 -0.074818 0.660946 -0.181287 
r3 0 0 0 1 

Frame 181
r0 0.653845 0.0642728 -0.753894 -0.118346 
r1 0.017591 0.994825 0.10007 -0.159774 
r2 0.756424 -0.0786918 0.64933 -0.174326 
r3 0 0 0 1 

Frame 182
r0 0.647862 0.0617079 -0.759254 -0.119032 
r1 0.0188261 0.995112 0.0969412 -0.156671 
r2 0.761525 -0.0770984 0.643533 -0.174313 
r3 0 0 0 1 

Frame 183
r0 0.647058 0.06339 -0.759801 -0.124254 
r1 0.0139263 0.995389 0.0949049 -0.158446 
r2 0.762313 -0.0719902 0.643192 -0.184871 
r3 0 0 0 1 

Frame 184
r0 0.636293 0.057147 -0.769328 -0.121161 
r1 0.0225268 0.995451 0.0925752 -0.154476 
r2 0.771119 -0.0762354 0.632111 -0.17904 
r3 0 0 0 1 

Frame 185
r0 0.630211 0.0560229 -0.7744 -0.120498 
r1 0.0232631 0.995583 0.0909558 -0.151116 
r2 0.776075 -0.0753363 0.626124 -0.177493 
r3 0 0 0 1 

Frame 186
r0 0.632932 0.0619783 -0.771722 -0.129238 
r1 0.0150893 0.995614 0.092335 -0.155948 
r2 0.77406 -0.0700866 0.629221 -0.191109 
r3 0 0 0 1 

Frame 187
r0 0.622008 0.0551723 -0.781065 -0.128178 
r1 0.0200192 0.996068 0.086302 -0.150478 
r2 0.782755 -0.0693168 0.618457 -0.186979 
r3 0 0 0 1 

Frame 188
r0 0.614358 0.0546154 -0.787135 -0.128793 
r1 0.021931 0.996034 0.086227 -0.152512 
r2 0.788722 -0.0702369 0.610724 -0.187372 
r3 0 0 0 1 

Frame 189
r0 0.609154 0.0572343 -0.790984 -0.129105 
r1 0.0202998 0.995941 0.0876978 -0.15284 
r2 0.792792 -0.0694783 0.605519 -0.187701 
r3 0 0 0 1 

Frame 190
r0 0.612567 0.062503 -0.787943 -0.135855 
r1 0.0129504 0.995941 0.0890703 -0.155657 
r2 0.790312 -0.0647658 0.609272 -0.199087 
r3 0 0 0 1 

Frame 191
r0 0.603135 0.0604961 -0.795342 -0.136907 
r1 0.015496 0.996043 0.0875132 -0.154006 
r2 0.797489 -0.0651069 0.599811 -0.197849 
r3 0 0 0 1 

Frame 192
r0 0.594973 0.0597777 -0.80152 -0.136968 
r1 0.0171129 0.996062 0.0869897 -0.153906 
r2 0.803564 -0.0654728 0.591607 -0.197498 
r3 0 0 0 1 

Frame 193
r0 0.589456 0.0611581 -0.805482 -0.138875 
r1 0.0148808 0.996139 0.0865239 -0.153476 
r2 0.807663 -0.0629882 0.58627 -0.198966 
r3 0 0 0 1 

Frame 194
r0 0.577765 0.0615725 -0.813877 -0.143652 
r1 0.0157387 0.996125 0.0865329 -0.155847 
r2 0.816051 -0.062805 0.574557 -0.202841 
r3 0 0 0 1 

Frame 195
r0 0.572117 0.0608487 -0.817912 -0.145461 
r1 0.016788 0.996166 0.0858529 -0.155615 
r2 0.82 -0.062849 0.568902 -0.205659 
r3 0 0 0 1 

Frame 196
r0 0.575844 0.0624907 -0.815168 -0.147049 
r1 0.0133428 0.996223 0.0857959 -0.156954 
r2 0.817451 -0.0602817 0.572835 -0.211792 
r3 0 0 0 1 

Frame 197
r0 0.567872 0.0627174 -0.820724 -0.147002 
r1 0.0150289 0.996137 0.0865206 -0.156034 
r2 0.82298 -0.0614671 0.564735 -0.208868 
r3 0 0 0 1 

Frame 198
r0 0.563469 0.0641822 -0.823641 -0.148115 
r1 0.0129459 0.996169 0.086483 -0.156054 
r2 0.826036 -0.0593933 0.560479 -0.210549 
r3 0 0 0 1 

Frame 199
r0 0.558614 0.0609826 -0.827183 -0.149664 
r1 0.0141868 0.996445 0.0830418 -0.15403 
r2 0.829306 -0.0581234 0.555763 -0.212927 
r3 0 0 0 1 

Frame 200
r0 0.557627 0.0608678 -0.827857 -0.151573 
r1 0.0130743 0.99654 0.0820768 -0.156594 
r2 0.829989 -0.056592 0.554902 -0.219611 
r3 0 0 0 1 

Frame 201
r0 0.551555 0.0591695 -0.832037 -0.150661 
r1 0.0145819 0.996645 0.0805417 -0.155413 
r2 0.834011 -0.0565559 0.548842 -0.216257 
r3 0 0 0 1 

Frame 202
r0 0.551766 0.0583525 -0.831955 -0.152297 
r1 0.0126333 0.99685 0.0782966 -0.156317 
r2 0.833903 -0.0537116 0.54929 -0.219839 
r3 0 0 0 1 

Frame 203
r0 0.548217 0.0556056 -0.834486 -0.153249 
r1 0.0116966 0.99718 0.0741307 -0.155508 
r2 0.836254 -0.0504004 0.54602 -0.221526 
r3 0 0 0 1 

Frame 204
r0 0.543556 0.0520839 -0.837755 -0.152428 
r1 0.0152699 0.997294 0.07191 -0.156556 
r2 0.839234 -0.0518796 0.54129 -0.221153 
r3 0 0 0 1 

Frame 205
r0 0.540911 0.0525474 -0.839437 -0.152888 
r1 0.0134168 0.997381 0.0710798 -0.158685 
r2 0.840973 -0.0497103 0.538789 -0.223332 
r3 0 0 0 1 

Frame 206
r0 0.535609 0.0513162 -0.842905 -0.152027 
r1 0.0153116 0.997398 0.0704512 -0.156833 
r2 0.844327 -0.0506405 0.533429 -0.2207 
r3 0 0 0 1 

Frame 207
r0 0.533494 0.0507677 -0.844279 -0.151053 
r1 0.0152626 0.997457 0.0696227 -0.154899 
r2 0.845666 -0.0500292 0.531363 -0.218748 
r3 0 0 0 1 

Frame 208
r0 0.533663 0.0534758 -0.844005 -0.153593 
r1 0.00848009 0.99761 0.0685702 -0.155665 
r2 0.845655 -0.0437507 0.531935 -0.222718 
r3 0 0 0 1 

Frame 209
r0 0.532736 0.0521769 -0.844671 -0.155574 
r1 0.00767554 0.997759 0.0664744 -0.156289 
r2 0.846246 -0.0418966 0.531142 -0.226168 
r3 0 0 0 1 

Frame 210
r0 0.527763 0.0526274 -0.84776 -0.153093 
r1 0.00863627 0.997694 0.0673116 -0.156183 
r2 0.849348 -0.0428461 0.526092 -0.221631 
r3 0 0 0 1 

Frame 211
r0 0.528426 0.0532673 -0.847307 -0.154392 
r1 0.00510525 0.997813 0.0659129 -0.154982 
r2 0.848964 -0.0391557 0.526998 -0.224843 
r3 0 0 0 1 

Frame 212
r0 0.523867 0.0501641 -0.850322 -0.154165 
r1 0.00944022 0.997861 0.0646841 -0.154735 
r2 0.851748 -0.0419131 0.522273 -0.22157 
r3 0 0 0 1 

Frame 213
r0 0.52079 0.0527278 -0.852055 -0.154689 
r1 0.00800762 0.997745 0.0666379 -0.154619 
r2 0.853647 -0.0415273 0.519193 -0.220297 
r3 0 0 0 1 

Frame 214
r0 0.520175 0.0542893 -0.852333 -0.154813 
r1 0.00744732 0.997651 0.0680905 -0.153267 
r2 0.854027 -0.0417665 0.518549 -0.22058 
r3 0 0 0 1 

Frame 215
r0 0.517566 0.0534599 -0.853972 -0.156081 
r1 0.00871875 0.997665 0.0677395 -0.151574 
r2 0.855599 -0.0425052 0.515891 -0.219994 
r3 0 0 0 1 

Frame 216
r0 0.514398 0.053417 -0.855886 -0.157335 
r1 0.00870936 0.997681 0.0675011 -0.151641 
r2 0.857507 -0.0421767 0.51274 -0.22074 
r3 0 0 0 1 

Frame 217
r0 0.513469 0.0537613 -0.856422 -0.158125 
r1 0.00946945 0.99762 0.0683023 -0.151498 
r2 0.858056 -0.043181 0.511738 -0.221718 
r3 0 0 0 1 

Frame 218
r0 0.513738 0.0550372 -0.85618 -0.15836 
r1 0.00751457 0.997614 0.0686378 -0.149736 
r2 0.857914 -0.0416957 0.512098 -0.22151 
r3 0 0 0 1 

Frame 219
r0 0.516923 0.0546081 -0.854288 -0.160535 
r1 0.00257992 0.997859 0.0653466 -0.149787 
r2 0.856028 -0.0359832 0.515676 -0.2255 
r3 0 0 0 1 

Frame 220
r0 0.513679 0.0516408 -0.856427 -0.160198 
r1 0.007201 0.997892 0.06449 -0.150564 
r2 0.857952 -0.0392943 0.512224 -0.223495 
r3 0 0 0 1 

Frame 221
r0 0.513398 0.0528333 -0.856522 -0.159562 
r1 0.00635757 0.997842 0.065361 -0.150841 
r2 0.858127 -0.0390016 0.511954 -0.222548 
r3 0 0 0 1 

Frame 222
r0 0.512741 0.0513715 -0.857005 -0.159393 
r1 0.00808793 0.997875 0.0646546 -0.148911 
r2 0.858505 -0.0400825 0.511236 -0.220921 
r3 0 0 0 1 

Frame 223
r0 0.515278 0.0496186 -0.855586 -0.161006 
r1 0.00752406 0.998022 0.0624104 -0.148015 
r2 0.85699 -0.0385962 0.513886 -0.225356 
r3 0 0 0 1 

Frame 224
r0 0.516747 0.048419 -0.854768 -0.161808 
r1 0.00570008 0.998182 0.0599888 -0.148846 
r2 0.85612 -0.0358713 0.515532 -0.226965 
r3 0 0 0 1 

Frame 225
r0 0.51265 0.0478644 -0.857263 -0.159859 
r1 0.00604687 0.998219 0.0593506 -0.148693 
r2 0.858577 -0.0356098 0.511447 -0.223336 
r3 0 0 0 1 

Frame 226
r0 0.513984 0.0472242 -0.856499 -0.161077 
r1 0.00307806 0.998376 0.0568939 -0.146577 
r2 0.857794 -0.0318789 0.513003 -0.227156 
r3 0 0 0 1 

Frame 227
r0 0.511699 0.047715 -0.857839 -0.159833 
r1 0.00192394 0.99839 0.0566805 -0.146156 
r2 0.859163 -0.0306538 0.510784 -0.223309 
r3 0 0 0 1 

Frame 228
r0 0.510403 0.0460795 -0.8587 -0.161107 
r1 0.00281578 0.998468 0.0552534 -0.145083 
r2 0.859931 -0.0306194 0.509491 -0.223819 
r3 0 0 0 1 

Frame 229
r0 0.509127 0.0439976 -0.859566 -0.160997 
r1 0.00480074 0.998532 0.0539542 -0.143485 
r2 0.860678 -0.0315961 0.508169 -0.224758 
r3 0 0 0 1 

Frame 230
r0 0.508605 0.0454218 -0.859801 -0.160125 
r1 0.0036855 0.998483 0.0549283 -0.141665 
r2 0.860993 -0.0311056 0.507666 -0.223138 
r3 0 0 0 1 

Frame 231
r0 0.50745 0.0470313 -0.860396 -0.15994 
r1 0.000362098 0.998498 0.0547938 -0.139185 
r2 0.861681 -0.0281167 0.506671 -0.22166 
r3 0 0 0 1 

Frame 232
r0 0.504498 0.049155 -0.862012 -0.162095 
r1 -0.00308886 0.998474 0.0551288 -0.138607 
r2 0.863407 -0.0251498 0.503881 -0.222589 
r3 0 0 0 1 

Frame 233
r0 0.501308 0.0509195 -0.863769 -0.163774 
r1 -0.00597864 0.998447 0.0553889 -0.136264 
r2 0.865248 -0.0226027 0.500834 -0.22331 
r3 0 0 0 1 

Frame 234
r0 0.498811 0.0535213 -0.865057 -0.166346 
r1 -0.0100871 0.998383 0.0559538 -0.135108 
r2 0.866652 -0.0191844 0.498544 -0.224015 
r3 0 0 0 1 

Frame 235
r0 0.496567 0.0537547 -0.866333 -0.168164 
r1 -0.00779204 0.998316 0.0574778 -0.135486 
r2 0.867964 -0.0217911 0.496149 -0.223776 
r3 0 0 0 1 

Frame 236
r0 0.493204 0.0516864 -0.868377 -0.169073 
r1 -0.00572999 0.998405 0.0561713 -0.132321 
r2 0.869895 -0.0227281 0.492713 -0.222328 
r3 0 0 0 1 

Frame 237
r0 0.490646 0.0502959 -0.869906 -0.170044 
r1 -0.00419563 0.998458 0.055362 -0.132055 
r2 0.871349 -0.0235133 0.490101 -0.221542 
r3 0 0 0 1 

Frame 238
r0 0.492646 0.0482479 -0.868892 -0.172815 
r1 -0.00680317 0.998645 0.0515956 -0.130058 
r2 0.870203 -0.0195071 0.492306 -0.22665 
r3 0 0 0 1 

Frame 239
r0 0.491132 0.04609 -0.869865 -0.175263 
r1 -0.0101599 0.998835 0.0471871 -0.128108 
r2 0.871026 -0.0143373 0.491027 -0.228649 
r3 0 0 0 1 

Frame 240
r0 0.487042 0.0421213 -0.872362 -0.176582 
r1 -0.00896887 0.999025 0.0432298 -0.128315 
r2 0.873333 -0.0132306 0.486945 -0.228355 
r3 0 0 0 1 

Frame 241
r0 0.479858 0.040634 -0.876405 -0.174895 
r1 -0.00513934 0.99904 0.043506 -0.130965 
r2 0.877331 -0.0163725 0.479606 -0.222074 
r3 0 0 0 1 

Frame 242
r0 0.477498 0.0409162 -0.87768 -0.174293 
r1 -0.00427106 0.999011 0.0442489 -0.130908 
r2 0.878622 -0.0173801 0.477201 -0.219949 
r3 0 0 0 1 

Frame 243
r0 0.480656 0.0396759 -0.876011 -0.177098 
r1 -0.00534243 0.99909 0.042319 -0.130493 
r2 0.876893 -0.0156609 0.480431 -0.224237 
r3 0 0 0 1 

Frame 244
r0 0.477145 0.0354741 -0.878108 -0.175889 
r1 -0.00240702 0.999234 0.0390594 -0.129178 
r2 0.878821 -0.0165234 0.476865 -0.218487 
r3 0 0 0 1 

Frame 245
r0 0.479137 0.0370633 -0.876957 -0.178024 
r1 -0.0055512 0.999216 0.0391974 -0.131352 
r2 0.877722 -0.0139128 0.478968 -0.222961 
r3 0 0 0 1 

Frame 246
r0 0.475209 0.0343819 -0.879201 -0.176918 
r1 -0.00111941 0.999259 0.0384718 -0.132163 
r2 0.879872 -0.017298 0.474896 -0.219034 
r3 0 0 0 1 

Frame 247
r0 0.47622 0.0355512 -0.878608 -0.179987 
r1 -0.00691742 0.999303 0.0366855 -0.131082 
r2 0.879299 -0.0113927 0.476134 -0.22383 
r3 0 0 0 1 

Frame 248
r0 0.470258 0.0362315 -0.881785 -0.179208 
r1 -0.00606441 0.999266 0.0378245 -0.13466 
r2 0.882508 -0.0124398 0.470132 -0.220918 
r3 0 0 0 1 

Frame 249
r0 0.466865 0.0338671 -0.88368 -0.18069 
r1 -0.00372516 0.999333 0.0363314 -0.133211 
r2 0.884321 -0.01367 0.466679 -0.220965 
r3 0 0 0 1 

Frame 250
r0 0.465067 0.0368236 -0.884509 -0.181026 
r1 -0.00644512 0.999249 0.0382116 -0.132986 
r2 0.885252 -0.0120702 0.464955 -0.220726 
r3 0 0 0 1 

Frame 251
r0 0.467684 0.037304 -0.883109 -0.183261 
r1 -0.0100794 0.999269 0.0368729 -0.131801 
r2 0.883838 -0.00834366 0.467718 -0.226072 
r3 0 0 0 1 

Frame 252
r0 0.461524 0.0365557 -0.886374 -0.183542 
r1 -0.00801509 0.999282 0.0370388 -0.133642 
r2 0.887092 -0.00998994 0.461485 -0.223399 
r3 0 0 0 1 

Frame 253
r0 0.45815 0.0376996 -0.888075 -0.185197 
r1 -0.00713454 0.999224 0.0387373 -0.133653 
r2 0.888846 -0.0114115 0.458063 -0.224094 
r3 0 0 0 1 

Frame 254
r0 0.456886 0.0401544 -0.888618 -0.185036 
r1 -0.00748302 0.999119 0.0413002 -0.133381 
r2 0.889494 -0.0122199 0.456784 -0.224613 
r3 0 0 0 1 

Frame 255
r0 0.456756 0.0406095 -0.888665 -0.18711 
r1 -0.00909223 0.999118 0.0409837 -0.13313 
r2 0.889546 -0.0106396 0.456722 -0.226345 
r3 0 0 0 1 

Frame 256
r0 0.457534 0.0403248 -0.888277 -0.188156 
r1 -0.0126581 0.999165 0.0388389 -0.133074 
r2 0.889102 -0.00652619 0.457663 -0.229262 
r3 0 0 0 1 

Frame 257
r0 0.456216 0.037208 -0.889091 -0.189903 
r1 -0.0140026 0.999302 0.0346352 -0.132031 
r2 0.889759 -0.00335154 0.456418 -0.231293 
r3 0 0 0 1 

Frame 258
r0 0.456975 0.035356 -0.888776 -0.19026 
r1 -0.012856 0.999368 0.0331453 -0.135203 
r2 0.889386 -0.00372052 0.457141 -0.233072 
r3 0 0 0 1 

Frame 259
r0 0.45614 0.0378983 -0.889101 -0.187772 
r1 -0.0105105 0.999252 0.0372013 -0.137585 
r2 0.889846 -0.00762406 0.456197 -0.227544 
r3 0 0 0 1 

Frame 260
r0 0.457573 0.038451 -0.88834 -0.188032 
r1 -0.0137083 0.999251 0.0361907 -0.134193 
r2 0.889066 -0.00438227 0.457758 -0.226927 
r3 0 0 0 1 

Frame 261
r0 0.459619 0.036445 -0.887368 -0.189724 
r1 -0.0152429 0.999334 0.0331484 -0.133185 
r2 0.887985 -0.00170958 0.459868 -0.23089 
r3 0 0 0 1 

Frame 262
r0 0.460622 0.0358494 -0.886872 -0.189266 
