Frame 1
r0 1 0 0 0 
r1 0 1 0 0 
r2 0 0 1 0 
r3 0 0 0 1 

Frame 2
r0 1 1.01328e-06 -4.37915e-06 4.45873e-06 
r1 -1.01328e-06 1 -4.37914e-06 4.48985e-06 
r2 4.37914e-06 4.37914e-06 1 -9.19828e-07 
r3 0 0 0 1 

Frame 3
r0 0.999997 0.00196186 -0.0013223 -0.00245504 
r1 -0.00196567 0.999994 -0.00282693 0.000358488 
r2 0.00131674 0.00282952 0.999995 -0.0019345 
r3 0 0 0 1 

Frame 4
r0 0.999997 0.00244316 -0.00047908 -0.00272818 
r1 -0.00244521 0.999987 -0.0043765 0.00268027 
r2 0.000468382 0.00437766 0.99999 -0.00303656 
r3 0 0 0 1 

Frame 5
r0 0.999982 0.00471017 0.0037171 -0.00323372 
r1 -0.00469103 0.999976 -0.00512427 0.00473098 
r2 -0.00374115 0.00510674 0.99998 -0.00344097 
r3 0 0 0 1 

Frame 6
r0 0.999957 0.0051454 0.00770319 -0.00231307 
r1 -0.0051153 0.999979 -0.00388938 0.00289247 
r2 -0.00772304 0.00384981 0.999963 -0.0026351 
r3 0 0 0 1 

Frame 7
r0 0.999934 0.00569582 0.00996725 -0.000167552 
r1 -0.00563911 0.999968 -0.0057153 0.00316677 
r2 -0.00999948 0.00565872 0.999934 -0.0025549 
r3 0 0 0 1 

Frame 8
r0 0.999884 0.00971483 0.0117624 0.000968774 
r1 -0.00961146 0.999915 -0.00877091 0.00292578 
r2 -0.0118467 0.00865683 0.999892 -0.00326672 
r3 0 0 0 1 

Frame 9
r0 0.999839 0.00629562 0.0167856 0.000620026 
r1 -0.0060735 0.999893 -0.0132729 0.00304175 
r2 -0.0168671 0.0131691 0.999771 -0.00488289 
r3 0 0 0 1 

Frame 10
r0 0.999763 0.00505519 0.0211666 0.00200512 
r1 -0.00472018 0.999864 -0.0158283 0.00192146 
r2 -0.0212437 0.0157247 0.999651 -0.00637415 
r3 0 0 0 1 

Frame 11
r0 0.999658 0.00593168 0.0254623 0.00412298 
r1 -0.00548247 0.999828 -0.0176949 0.000914869 
r2 -0.0255629 0.0175492 0.999519 -0.00675982 
r3 0 0 0 1 

Frame 12
r0 0.999574 0.00698125 0.0283263 0.0064232 
r1 -0.00645086 0.999803 -0.0187569 -0.000226901 
r2 -0.0284515 0.0185661 0.999423 -0.00741119 
r3 0 0 0 1 

Frame 13
r0 0.999408 0.00686276 0.0337017 0.00691379 
r1 -0.00625262 0.999815 -0.0181727 -0.00141203 
r2 -0.0338202 0.0179512 0.999267 -0.00793577 
r3 0 0 0 1 

Frame 14
r0 0.99927 0.00598601 0.0377364 0.00879939 
r1 -0.00534093 0.999838 -0.0171703 -0.000571069 
r2 -0.037833 0.0169562 0.999141 -0.00773999 
r3 0 0 0 1 

Frame 15
r0 0.999095 0.00340715 0.042394 0.00985436 
r1 -0.0027754 0.999884 -0.0149519 -0.00183134 
r2 -0.04244 0.0148208 0.998989 -0.00755206 
r3 0 0 0 1 

Frame 16
r0 0.998876 0.000766069 0.0473954 0.0116692 
r1 -0.000149041 0.999915 -0.0130221 -0.00117007 
r2 -0.0474014 0.0130004 0.998791 -0.0076746 
r3 0 0 0 1 

Frame 17
r0 0.998218 -0.00245355 0.0596193 0.0159624 
r1 0.00293745 0.999964 -0.00803008 0.00118374 
r2 -0.0595975 0.00819092 0.998188 -0.00711116 
r3 0 0 0 1 

Frame 18
r0 0.997696 -0.00495262 0.0676618 0.0193326 
r1 0.00549318 0.999954 -0.00780624 0.00245241 
r2 -0.06762 0.00815993 0.997678 -0.00714769 
r3 0 0 0 1 

Frame 19
r0 0.997697 -0.00495223 0.067649 0.0193496 
r1 0.00549389 0.999954 -0.00782126 0.00246835 
r2 -0.0676072 0.0081749 0.997679 -0.00713908 
r3 0 0 0 1 

Frame 20
r0 0.997152 -0.00364979 0.0753348 0.0240062 
r1 0.00419161 0.999967 -0.00703535 0.00219341 
r2 -0.0753066 0.00733108 0.997133 -0.00717726 
r3 0 0 0 1 

Frame 21
r0 0.996622 -0.00239294 0.082087 0.0257014 
r1 0.0028948 0.999978 -0.00599471 0.00028695 
r2 -0.0820709 0.00621209 0.996607 -0.00713571 
r3 0 0 0 1 

Frame 22
r0 0.995903 -0.00477929 0.0902955 0.0260219 
r1 0.00545689 0.999959 -0.00725878 0.00121508 
r2 -0.0902571 0.00772177 0.995889 -0.00844208 
r3 0 0 0 1 

Frame 23
r0 0.995107 -0.00789589 0.0984899 0.0298178 
r1 0.00873049 0.99993 -0.00804594 0.00167781 
r2 -0.0984194 0.00886643 0.995105 -0.00896967 
r3 0 0 0 1 

Frame 24
r0 0.994352 -0.0115158 0.105508 0.0331037 
r1 0.0123253 0.999899 -0.00702335 0.000657028 
r2 -0.105417 0.0082841 0.994394 -0.00926487 
r3 0 0 0 1 

Frame 25
r0 0.993393 -0.0142533 0.113874 0.0355936 
r1 0.0147551 0.999885 -0.00356524 -0.00186085 
r2 -0.11381 0.0052219 0.993489 -0.00969342 
r3 0 0 0 1 

Frame 26
r0 0.992579 -0.0177232 0.120301 0.0388148 
r1 0.0180877 0.999835 -0.00193853 -0.00179406 
r2 -0.120247 0.00410011 0.992736 -0.00969651 
r3 0 0 0 1 

Frame 27
r0 0.991487 -0.0211743 0.128476 0.0411028 
r1 0.0214288 0.99977 -0.00059898 -0.00192468 
r2 -0.128434 0.00334697 0.991712 -0.010451 
r3 0 0 0 1 

Frame 28
r0 0.990353 -0.0222265 0.136776 0.0443332 
r1 0.0224054 0.999749 0.000231663 -0.00192631 
r2 -0.136746 0.00283508 0.990602 -0.0103159 
r3 0 0 0 1 

Frame 29
r0 0.989305 -0.0252803 0.143653 0.0459201 
r1 0.0252785 0.999679 0.00183781 -0.00357587 
r2 -0.143653 0.00181317 0.989627 -0.0105431 
r3 0 0 0 1 

Frame 30
r0 0.988219 -0.0269703 0.150654 0.0501198 
r1 0.0269375 0.999635 0.00225891 -0.00129405 
r2 -0.15066 0.00182595 0.988584 -0.0121141 
r3 0 0 0 1 

Frame 31
r0 0.98673 -0.0307626 0.15943 0.0548844 
r1 0.0301136 0.999525 0.0064857 -0.00335713 
r2 -0.159554 -0.00159863 0.987188 -0.0121512 
r3 0 0 0 1 

Frame 32
r0 0.985394 -0.0382818 0.165931 0.0564571 
r1 0.0375239 0.999266 0.00770137 -0.00195807 
r2 -0.166104 -0.00136252 0.986107 -0.012459 
r3 0 0 0 1 

Frame 33
r0 0.983909 -0.0442415 0.173104 0.0610894 
r1 0.0431779 0.999018 0.00990701 0.000274121 
r2 -0.173373 -0.00227331 0.984854 -0.013312 
r3 0 0 0 1 

Frame 34
r0 0.982083 -0.0482676 0.182161 0.065165 
r1 0.0464531 0.998819 0.0142171 0.000550732 
r2 -0.182633 -0.0055004 0.983166 -0.0133059 
r3 0 0 0 1 

Frame 35
r0 0.980932 -0.0467788 0.188636 0.0679119 
r1 0.0449223 0.998891 0.0141077 0.00137341 
r2 -0.189087 -0.00536472 0.981945 -0.0124123 
r3 0 0 0 1 

Frame 36
r0 0.979949 -0.0457818 0.193915 0.0695873 
r1 0.0443202 0.998947 0.0118715 0.0021165 
r2 -0.194254 -0.00303918 0.980947 -0.0125083 
r3 0 0 0 1 

Frame 37
r0 0.978377 -0.0461448 0.201616 0.0724766 
r1 0.0452433 0.998935 0.00907995 0.00428487 
r2 -0.20182 0.000238146 0.979423 -0.0130952 
r3 0 0 0 1 

Frame 38
r0 0.976612 -0.0454608 0.210151 0.0755306 
r1 0.044634 0.998966 0.00867805 0.00343569 
r2 -0.210329 0.000904825 0.97763 -0.0137011 
r3 0 0 0 1 

Frame 39
r0 0.974529 -0.0455347 0.219589 0.0769753 
r1 0.0447465 0.998962 0.00856425 0.000557798 
r2 -0.219751 0.00147972 0.975555 -0.0137966 
r3 0 0 0 1 

Frame 40
r0 0.972844 -0.0438039 0.227278 0.078639 
r1 0.0439292 0.999024 0.00450966 0.000535993 
r2 -0.227254 0.00559692 0.97382 -0.0142566 
r3 0 0 0 1 

Frame 41
r0 0.969796 -0.0492228 0.238897 0.0795366 
r1 0.0497184 0.998755 0.00395492 -0.000566722 
r2 -0.238795 0.00804212 0.971037 -0.01466 
r3 0 0 0 1 

Frame 42
r0 0.966588 -0.0518415 0.251036 0.0841234 
r1 0.0526059 0.998608 0.00366917 -0.00138947 
r2 -0.250877 0.00965941 0.967971 -0.0162846 
r3 0 0 0 1 

Frame 43
r0 0.962952 -0.0488096 0.26522 0.0990766 
r1 0.051094 0.998692 -0.00171646 0.000955396 
r2 -0.264789 0.015204 0.964186 -0.0232295 
r3 0 0 0 1 

Frame 44
r0 0.959534 -0.0512886 0.276882 0.102663 
r1 0.0540179 0.998537 -0.00223363 -0.00221936 
r2 -0.276363 0.0170998 0.960902 -0.0250976 
r3 0 0 0 1 

Frame 45
r0 0.955995 -0.0533252 0.288497 0.093151 
r1 0.0564072 0.998405 -0.00237372 -0.00133469 
r2 -0.287911 0.0185426 0.957477 -0.0180837 
r3 0 0 0 1 

Frame 46
r0 0.951316 -0.0513157 0.303915 0.0948268 
r1 0.0539113 0.998546 -0.000150179 -0.00351324 
r2 -0.303465 0.0165273 0.952699 -0.0181636 
r3 0 0 0 1 

Frame 47
r0 0.946546 -0.0485563 0.318895 0.110208 
r1 0.0531223 0.998572 -0.00563114 -0.00305651 
r2 -0.318166 0.0222705 0.947773 -0.0258534 
r3 0 0 0 1 

Frame 48
r0 0.94293 -0.0476501 0.329563 0.100664 
r1 0.0513153 0.998679 -0.0024264 -0.00556297 
r2 -0.329012 0.0191995 0.944131 -0.0190706 
r3 0 0 0 1 

Frame 49
r0 0.936877 -0.0481069 0.346334 0.100703 
r1 0.0492533 0.998771 0.00549616 -0.0137988 
r2 -0.346172 0.0119088 0.938096 -0.0189371 
r3 0 0 0 1 

Frame 50
r0 0.931215 -0.0491847 0.361137 0.103989 
r1 0.0493372 0.998743 0.00880354 -0.0147818 
r2 -0.361116 0.00961951 0.932471 -0.0190323 
r3 0 0 0 1 

Frame 51
r0 0.926502 -0.0511652 0.372794 0.10866 
r1 0.050894 0.998648 0.0105758 -0.0134649 
r2 -0.372831 0.00917445 0.927854 -0.0195079 
r3 0 0 0 1 

Frame 52
r0 0.922099 -0.0502278 0.383679 0.110752 
r1 0.0503928 0.998683 0.00962908 -0.0117452 
r2 -0.383658 0.0104557 0.923416 -0.0184489 
r3 0 0 0 1 

Frame 53
r0 0.917419 -0.0473386 0.395095 0.11039 
r1 0.0486926 0.998792 0.0066055 -0.00916233 
r2 -0.394931 0.0131782 0.918616 -0.0170119 
r3 0 0 0 1 

Frame 54
r0 0.912146 -0.0458545 0.407292 0.111604 
r1 0.0477196 0.998845 0.0055841 -0.00962718 
r2 -0.407078 0.0143423 0.913281 -0.017191 
r3 0 0 0 1 

Frame 55
r0 0.907341 -0.0435604 0.418132 0.114599 
r1 0.0469749 0.998894 0.00212858 -0.00712378 
r2 -0.417762 0.0177103 0.908384 -0.0182586 
r3 0 0 0 1 

Frame 56
r0 0.902672 -0.0398664 0.428479 0.117721 
r1 0.0452497 0.998973 -0.00238097 -0.00476357 
r2 -0.427944 0.0215378 0.903549 -0.0197215 
r3 0 0 0 1 

Frame 57
r0 0.897703 -0.0375232 0.439001 0.119625 
r1 0.04282 0.99908 -0.00216599 -0.00768273 
r2 -0.438516 0.0207424 0.898484 -0.021251 
r3 0 0 0 1 

Frame 58
r0 0.891636 -0.033955 0.451479 0.120735 
r1 0.0396273 0.99921 -0.00311186 -0.00847258 
r2 -0.451016 0.0206655 0.892276 -0.0213415 
r3 0 0 0 1 

Frame 59
r0 0.88613 -0.0349604 0.462116 0.128051 
r1 0.0398353 0.999206 -0.000793418 -0.0102753 
r2 -0.461721 0.0191116 0.886819 -0.0244305 
r3 0 0 0 1 

Frame 60
r0 0.880776 -0.0334309 0.472351 0.132636 
r1 0.041457 0.999119 -0.00659011 -0.00632707 
r2 -0.471714 0.0253866 0.881386 -0.0272713 
r3 0 0 0 1 

Frame 61
r0 0.875761 -0.0334089 0.481588 0.135071 
r1 0.043136 0.999027 -0.00913722 -0.00695203 
r2 -0.480814 0.0287758 0.87635 -0.0292337 
r3 0 0 0 1 

Frame 62
r0 0.869501 -0.0329739 0.492829 0.137244 
r1 0.0438775 0.998981 -0.0105741 -0.00869283 
r2 -0.491979 0.0308182 0.870062 -0.0302218 
r3 0 0 0 1 

Frame 63
r0 0.862205 -0.0315714 0.505575 0.140343 
r1 0.0447326 0.998902 -0.0139087 -0.00762786 
r2 -0.504581 0.0346079 0.862671 -0.0311229 
r3 0 0 0 1 

Frame 64
r0 0.853883 -0.0309049 0.519547 0.141636 
r1 0.0465788 0.998767 -0.017142 -0.00779307 
r2 -0.518376 0.0388371 0.85427 -0.0326441 
r3 0 0 0 1 

Frame 65
r0 0.845839 -0.0311319 0.532529 0.145383 
r1 0.0485524 0.998645 -0.0187366 -0.00810678 
r2 -0.531224 0.0417037 0.846204 -0.0348233 
r3 0 0 0 1 

Frame 66
r0 0.838462 -0.0294508 0.544163 0.149231 
r1 0.0476179 0.998679 -0.0193212 -0.00880371 
r2 -0.542875 0.042112 0.838757 -0.0391742 
r3 0 0 0 1 

Frame 67
r0 0.829902 -0.0301832 0.557093 0.149185 
r1 0.0505336 0.998498 -0.0211815 -0.00827804 
r2 -0.555617 0.0457305 0.83018 -0.0401314 
r3 0 0 0 1 

Frame 68
r0 0.821036 -0.0321931 0.569968 0.150768 
r1 0.0538729 0.998322 -0.0212161 -0.0090784 
r2 -0.568329 0.048125 0.821393 -0.0407632 
r3 0 0 0 1 

Frame 69
r0 0.812411 -0.0300085 0.582313 0.154182 
r1 0.0530143 0.99834 -0.0225148 -0.00925311 
r2 -0.58067 0.0491621 0.812653 -0.0435012 
r3 0 0 0 1 

Frame 70
r0 0.803631 -0.0293928 0.594401 0.157131 
r1 0.0530711 0.99834 -0.0223848 -0.011498 
r2 -0.592756 0.0495346 0.803857 -0.0464345 
r3 0 0 0 1 

Frame 71
r0 0.793789 -0.0311579 0.607395 0.157357 
r1 0.0548412 0.998286 -0.0204608 -0.0149584 
r2 -0.605716 0.0495518 0.794136 -0.0486963 
r3 0 0 0 1 

Frame 72
r0 0.7814 -0.0343363 0.623085 0.157126 
r1 0.0603236 0.997965 -0.020656 -0.013859 
r2 -0.621108 0.0537273 0.781882 -0.0486796 
r3 0 0 0 1 

Frame 73
r0 0.770886 -0.0386556 0.635799 0.160888 
r1 0.0661276 0.99762 -0.0195238 -0.0134939 
r2 -0.633532 0.0570946 0.771607 -0.0522557 
r3 0 0 0 1 

Frame 74
r0 0.761782 -0.0457777 0.646214 0.165478 
r1 0.0733493 0.997181 -0.0158269 -0.0156965 
r2 -0.643667 0.059456 0.762993 -0.0562721 
r3 0 0 0 1 

Frame 75
r0 0.752444 -0.0492963 0.656808 0.168604 
r1 0.0773653 0.996907 -0.0138081 -0.0184356 
r2 -0.654096 0.061204 0.753931 -0.0587521 
r3 0 0 0 1 

Frame 76
r0 0.741699 -0.0471902 0.669071 0.168891 
r1 0.0781073 0.996812 -0.0162797 -0.0193091 
r2 -0.66617 0.064334 0.74302 -0.0598948 
r3 0 0 0 1 

Frame 77
r0 0.730359 -0.0458774 0.681521 0.168413 
r1 0.0805254 0.996567 -0.0192109 -0.0194179 
r2 -0.6783 0.0689106 0.731547 -0.06152 
r3 0 0 0 1 

Frame 78
r0 0.717873 -0.0425261 0.694874 0.167549 
r1 0.0815168 0.996401 -0.0232353 -0.0169915 
r2 -0.691385 0.0733239 0.718756 -0.0626418 
r3 0 0 0 1 

Frame 79
r0 0.706554 -0.0413814 0.706449 0.168795 
r1 0.0844224 0.996089 -0.0260875 -0.0160348 
r2 -0.702606 0.0780723 0.707283 -0.0659495 
r3 0 0 0 1 

Frame 80
r0 0.696876 -0.0387329 0.716145 0.182911 
r1 0.086328 0.995811 -0.0301466 -0.0157384 
r2 -0.711977 0.0828318 0.6973 -0.0825988 
r3 0 0 0 1 

Frame 81
r0 0.687781 -0.041632 0.724724 0.171721 
r1 0.0894987 0.995601 -0.0277439 -0.0169228 
r2 -0.72038 0.0839436 0.688481 -0.0763141 
r3 0 0 0 1 

Frame 82
r0 0.676431 -0.0257589 0.736055 0.172957 
r1 0.0768547 0.996401 -0.0357591 -0.0102203 
r2 -0.732485 0.0807578 0.675976 -0.0814448 
r3 0 0 0 1 

Frame 83
r0 0.66174 0.00297915 0.749727 0.176055 
r1 0.0514597 0.997453 -0.049384 0.00162086 
r2 -0.747965 0.0712601 0.659902 -0.0851467 
r3 0 0 0 1 

Frame 84
r0 0.64844 0.0428743 0.760057 0.183341 
r1 0.0119353 0.997718 -0.0664631 0.0168577 
r2 -0.761172 0.0521688 0.646449 -0.0928073 
r3 0 0 0 1 

Frame 85
r0 0.610941 0.151337 0.777077 0.210731 
r1 -0.104522 0.988385 -0.110314 0.0515713 
r2 -0.784746 -0.0138258 0.619663 -0.104136 
r3 0 0 0 1 

Frame 86
r0 0.560991 0.253359 0.788098 0.215989 
r1 -0.21283 0.964154 -0.15846 0.0952519 
r2 -0.799995 -0.0788362 0.594804 -0.0960273 
r3 0 0 0 1 

Frame 87
r0 0.486351 0.36013 0.796096 0.238345 
r1 -0.320004 0.921223 -0.221238 0.1395 
r2 -0.813056 -0.147154 0.563281 -0.0956814 
r3 0 0 0 1 

Frame 88
r0 0.392423 0.463426 0.794506 0.279966 
r1 -0.421115 0.858468 -0.292737 0.171462 
r2 -0.81772 -0.219702 0.532039 -0.110412 
r3 0 0 0 1 

Frame 89
r0 0.32835 0.518983 0.789205 0.295162 
r1 -0.476833 0.812324 -0.335799 0.206699 
r2 -0.815363 -0.266059 0.514194 -0.106542 
r3 0 0 0 1 

Frame 90
r0 0.233993 0.587176 0.774901 0.324264 
r1 -0.543823 0.739728 -0.396308 0.234096 
r2 -0.805918 -0.328676 0.492411 -0.11092 
r3 0 0 0 1 

Frame 91
r0 0.153545 0.64084 0.752162 0.362509 
r1 -0.588082 0.670972 -0.451616 0.265805 
r2 -0.794093 -0.372989 0.47989 -0.124466 
r3 0 0 0 1 

Frame 92
r0 0.0877768 0.674182 0.733331 0.387709 
r1 -0.610292 0.618229 -0.495314 0.289703 
r2 -0.787298 -0.404069 0.465714 -0.132714 
r3 0 0 0 1 

Frame 93
r0 -0.0179103 0.714987 0.698908 0.416297 
r1 -0.644166 0.526358 -0.554975 0.308068 
r2 -0.764676 -0.460153 0.451143 -0.144521 
r3 0 0 0 1 

Frame 94
r0 -0.0725746 0.737376 0.671572 0.453085 
r1 -0.63973 0.482168 -0.598548 0.329952 
r2 -0.765166 -0.473064 0.436729 -0.160041 
r3 0 0 0 1 

Frame 95
r0 -0.107569 0.753323 0.648794 0.492007 
r1 -0.633161 0.45122 -0.628894 0.345278 
r2 -0.766509 -0.478441 0.428437 -0.180201 
r3 0 0 0 1 

Frame 96
r0 -0.136583 0.758149 0.637617 0.513068 
r1 -0.628888 0.430953 -0.647131 0.349815 
r2 -0.765405 -0.489377 0.41793 -0.190753 
r3 0 0 0 1 

Frame 97
r0 -0.167507 0.760391 0.627493 0.532335 
r1 -0.625728 0.409852 -0.663691 0.354926 
r2 -0.761844 -0.503813 0.407145 -0.20142 
r3 0 0 0 1 

Frame 98
r0 -0.201384 0.763537 0.61356 0.554795 
r1 -0.618036 0.386916 -0.684345 0.36164 
r2 -0.759918 -0.517018 0.393975 -0.211751 
r3 0 0 0 1 

Frame 99
r0 -0.23304 0.766606 0.598337 0.57857 
r1 -0.614446 0.360825 -0.701613 0.364513 
r2 -0.753756 -0.53115 0.386952 -0.22619 
r3 0 0 0 1 

Frame 100
r0 -0.254675 0.768102 0.587503 0.591984 
r1 -0.609639 0.344072 -0.714111 0.366513 
r2 -0.750654 -0.540031 0.380638 -0.235352 
r3 0 0 0 1 

Frame 101
r0 -0.275299 0.77063 0.574752 0.604486 
r1 -0.602764 0.327379 -0.727667 0.368372 
r2 -0.748923 -0.546766 0.374381 -0.246751 
r3 0 0 0 1 

Frame 102
r0 -0.302816 0.771054 0.560159 0.619562 
r1 -0.592927 0.30774 -0.744133 0.372462 
r2 -0.74615 -0.557469 0.36399 -0.255903 
r3 0 0 0 1 

Frame 103
r0 -0.329961 0.770821 0.544941 0.636983 
r1 -0.583486 0.287256 -0.759624 0.376127 
r2 -0.742071 -0.568612 0.35498 -0.266117 
r3 0 0 0 1 

Frame 104
r0 -0.358082 0.768018 0.530967 0.65241 
r1 -0.576758 0.26526 -0.77265 0.377563 
r2 -0.734253 -0.582911 0.347976 -0.276838 
r3 0 0 0 1 

Frame 105
r0 -0.380949 0.766998 0.516326 0.665906 
r1 -0.566249 0.247919 -0.786065 0.381455 
r2 -0.730917 -0.59182 0.339867 -0.286638 
r3 0 0 0 1 

Frame 106
r0 -0.396074 0.767097 0.504665 0.67273 
r1 -0.559599 0.234095 -0.795015 0.38099 
r2 -0.727993 -0.597295 0.336548 -0.301705 
r3 0 0 0 1 

Frame 107
r0 -0.427478 0.766179 0.479824 0.687865 
r1 -0.537079 0.211704 -0.816534 0.385477 
r2 -0.727192 -0.606754 0.321 -0.312967 
r3 0 0 0 1 

Frame 108
r0 -0.431649 0.764407 0.478916 0.690763 
r1 -0.546249 0.200996 -0.81315 0.383425 
r2 -0.717838 -0.612603 0.330797 -0.325225 
r3 0 0 0 1 

Frame 109
r0 -0.452783 0.760988 0.464635 0.702085 
r1 -0.537333 0.182962 -0.823285 0.386367 
r2 -0.71152 -0.622433 0.326062 -0.334318 
r3 0 0 0 1 

Frame 110
r0 -0.476099 0.756099 0.449048 0.714985 
r1 -0.524775 0.165471 -0.835004 0.391281 
r2 -0.70565 -0.633193 0.318001 -0.344072 
r3 0 0 0 1 

Frame 111
r0 -0.502516 0.748177 0.433254 0.730194 
r1 -0.510152 0.147984 -0.847257 0.394507 
r2 -0.698013 -0.646786 0.30732 -0.353056 
r3 0 0 0 1 

Frame 112
r0 -0.536206 0.734876 0.415261 0.749237 
r1 -0.497554 0.122232 -0.858777 0.398524 
r2 -0.681853 -0.667096 0.300099 -0.364046 
r3 0 0 0 1 

Frame 113
r0 -0.567922 0.720323 0.398245 0.76736 
r1 -0.487683 0.0952817 -0.867806 0.400686 
r2 -0.663046 -0.687064 0.297177 -0.376268 
r3 0 0 0 1 

Frame 114
r0 -0.601117 0.703158 0.379774 0.787126 
r1 -0.476843 0.0657644 -0.876525 0.404506 
r2 -0.641311 -0.707986 0.295764 -0.39036 
r3 0 0 0 1 

Frame 115
r0 -0.626663 0.689291 0.363554 0.802498 
r1 -0.464528 0.0441696 -0.884456 0.406627 
r2 -0.625706 -0.723137 0.292515 -0.401275 
r3 0 0 0 1 

Frame 116
r0 -0.646916 0.676565 0.351794 0.81293 
r1 -0.457487 0.0247487 -0.888872 0.406952 
r2 -0.610086 -0.735967 0.293509 -0.413888 
r3 0 0 0 1 

Frame 117
r0 -0.66527 0.664415 0.340541 0.822839 
r1 -0.448307 0.00924367 -0.893832 0.407311 
r2 -0.597023 -0.747306 0.291713 -0.420078 
r3 0 0 0 1 

Frame 118
r0 -0.679607 0.654805 0.330704 0.831655 
r1 -0.441094 -0.0045518 -0.89745 0.408212 
r2 -0.586149 -0.755784 0.291924 -0.426044 
r3 0 0 0 1 

Frame 119
r0 -0.695937 0.64269 0.320347 0.841648 
r1 -0.438338 -0.0268448 -0.898409 0.406479 
r2 -0.568799 -0.765656 0.300397 -0.441985 
r3 0 0 0 1 

Frame 120
r0 -0.712154 0.630865 0.307969 0.850081 
r1 -0.430707 -0.0462144 -0.901308 0.405019 
r2 -0.554371 -0.774515 0.30463 -0.452245 
r3 0 0 0 1 

Frame 121
r0 -0.722772 0.62309 0.298929 0.857268 
r1 -0.423271 -0.0571961 -0.904196 0.405631 
r2 -0.546298 -0.780056 0.305076 -0.457295 
r3 0 0 0 1 

Frame 122
r0 -0.737972 0.607446 0.293949 0.86433 
r1 -0.416245 -0.0668819 -0.906789 0.404696 
r2 -0.531166 -0.79154 0.302204 -0.463695 
r3 0 0 0 1 

Frame 123
r0 -0.763209 0.578145 0.28855 0.876272 
r1 -0.403911 -0.0783058 -0.911441 0.399691 
r2 -0.50435 -0.812168 0.293283 -0.473737 
r3 0 0 0 1 

Frame 124
r0 -0.784416 0.553166 0.280531 0.885911 
r1 -0.384233 -0.0783419 -0.919906 0.394583 
r2 -0.486884 -0.829379 0.273997 -0.471723 
r3 0 0 0 1 

Frame 125
r0 -0.79822 0.537449 0.272019 0.895889 
r1 -0.370717 -0.0823746 -0.925086 0.391907 
r2 -0.474779 -0.839264 0.264994 -0.474352 
r3 0 0 0 1 

Frame 126
r0 -0.81281 0.518669 0.265184 0.905807 
r1 -0.361694 -0.0925014 -0.927697 0.388044 
r2 -0.456638 -0.849956 0.262785 -0.479684 
r3 0 0 0 1 

Frame 127
r0 -0.820597 0.507819 0.262184 0.909792 
r1 -0.357003 -0.0972372 -0.929028 0.386472 
r2 -0.446284 -0.855958 0.261085 -0.47981 
r3 0 0 0 1 

Frame 128
r0 -0.837123 0.485638 0.251755 0.920341 
r1 -0.339658 -0.10071 -0.935142 0.385269 
r2 -0.428786 -0.868339 0.249258 -0.478587 
r3 0 0 0 1 

Frame 129
r0 -0.846093 0.474759 0.242343 0.926079 
r1 -0.325026 -0.099167 -0.940491 0.383663 
r2 -0.422474 -0.874511 0.238214 -0.478012 
r3 0 0 0 1 

Frame 130
r0 -0.853155 0.464814 0.236802 0.931465 
r1 -0.314284 -0.0956825 -0.944495 0.383009 
r2 -0.416356 -0.880223 0.227715 -0.476466 
r3 0 0 0 1 

Frame 131
r0 -0.857405 0.457425 0.235838 0.935805 
r1 -0.310413 -0.0941428 -0.945929 0.380455 
r2 -0.410489 -0.884251 0.222709 -0.477939 
r3 0 0 0 1 

Frame 132
r0 -0.860832 0.451983 0.233837 0.93936 
r1 -0.306961 -0.0946916 -0.947 0.379075 
r2 -0.405886 -0.886986 0.220255 -0.479914 
r3 0 0 0 1 

Frame 133
r0 -0.863493 0.448881 0.229968 0.943679 
r1 -0.30304 -0.0972709 -0.948001 0.378015 
r2 -0.40317 -0.888281 0.220022 -0.484041 
r3 0 0 0 1 

Frame 134
r0 -0.868469 0.440793 0.226856 0.947413 
r1 -0.299599 -0.102087 -0.948588 0.376925 
r2 -0.394972 -0.891785 0.22072 -0.487825 
r3 0 0 0 1 

Frame 135
r0 -0.875107 0.428506 0.224877 0.95069 
r1 -0.296392 -0.107259 -0.949024 0.375594 
r2 -0.382542 -0.89715 0.220869 -0.488517 
r3 0 0 0 1 

Frame 136
r0 -0.875762 0.427971 0.223344 0.953056 
r1 -0.296893 -0.112681 -0.948239 0.378084 
r2 -0.380652 -0.896741 0.225743 -0.486226 
r3 0 0 0 1 

Frame 137
r0 -0.879683 0.421432 0.220347 0.956337 
r1 -0.293344 -0.116169 -0.948922 0.37973 
r2 -0.374308 -0.899389 0.225817 -0.484961 
r3 0 0 0 1 

Frame 138
r0 -0.878252 0.425386 0.21845 0.957776 
r1 -0.292578 -0.116662 -0.949099 0.381098 
r2 -0.378249 -0.897461 0.226917 -0.485201 
r3 0 0 0 1 

Frame 139
r0 -0.881462 0.420905 0.214157 0.963638 
r1 -0.286995 -0.117297 -0.950724 0.382305 
r2 -0.375045 -0.899489 0.224191 -0.483126 
r3 0 0 0 1 

Frame 140
r0 -0.879928 0.41925 0.223509 0.964836 
r1 -0.297809 -0.120167 -0.947032 0.381726 
r2 -0.370184 -0.899883 0.230595 -0.483127 
r3 0 0 0 1 

Frame 141
r0 -0.882799 0.415643 0.218876 0.969608 
r1 -0.291975 -0.1205 -0.948805 0.382711 
r2 -0.367989 -0.90151 0.227735 -0.481413 
r3 0 0 0 1 

Frame 142
r0 -0.879473 0.421771 0.220534 0.970882 
r1 -0.294876 -0.119146 -0.948078 0.384327 
r2 -0.373596 -0.89884 0.229156 -0.478136 
r3 0 0 0 1 

Frame 143
r0 -0.873817 0.430668 0.225762 0.969547 
r1 -0.301415 -0.115406 -0.946483 0.385358 
r2 -0.381566 -0.895102 0.230654 -0.47345 
r3 0 0 0 1 

Frame 144
r0 -0.867734 0.439451 0.232209 0.969703 
r1 -0.311289 -0.116287 -0.943174 0.386882 
r2 -0.387476 -0.890707 0.237702 -0.47035 
r3 0 0 0 1 

Frame 145
r0 -0.862134 0.44644 0.239618 0.967425 
r1 -0.322494 -0.118736 -0.939095 0.388887 
r2 -0.390798 -0.886901 0.24634 -0.466963 
r3 0 0 0 1 

Frame 145
r0 -0.862134 0.44644 0.239618 0.967425 
r1 -0.322494 -0.118736 -0.939095 0.388887 
r2 -0.390798 -0.886901 0.24634 -0.466963 
r3 0 0 0 1 

Frame 145
r0 -0.862134 0.44644 0.239618 0.967425 
r1 -0.322494 -0.118736 -0.939095 0.388887 
r2 -0.390798 -0.886901 0.24634 -0.466963 
r3 0 0 0 1 

Frame 145
r0 -0.862134 0.44644 0.239618 0.967425 
r1 -0.322494 -0.118736 -0.939095 0.388887 
r2 -0.390798 -0.886901 0.24634 -0.466963 
r3 0 0 0 1 

Frame 145
r0 -0.862134 0.44644 0.239618 0.967425 
r1 -0.322494 -0.118736 -0.939095 0.388887 
r2 -0.390798 -0.886901 0.24634 -0.466963 
r3 0 0 0 1 

