Frame 1
r0 1 0 0 0
r1 0 1 0 0
r2 0 0 1 0
r3 0 0 0 1
 
Frame 2
    0.999999 -0.000837892   0.00040632 -0.000864748
 0.000837132     0.999998   0.00195483 -0.000126454
-0.000407957  -0.00195448     0.999998  0.000578794
           0            0            0            1
 
Frame 3
    0.999997  -0.00252704 -0.000411611 -0.000225609
  0.00252866     0.999989   0.00398111  0.000217161
 0.000401546  -0.00398214     0.999992   0.00149294
           0            0            0            1
 
Frame 4
    0.99999 -0.00448678 -0.00073259 0.000652157
 0.00449112    0.999972  0.00602359  -0.0001689
0.000705533 -0.00602677    0.999982  0.00201842
          0           0           0           1
 
Frame 5
   0.999968 -0.00768499 -0.00232066 0.000452534
 0.00769808    0.999954  0.00568053 0.000995361
 0.00227689 -0.00569817    0.999981  0.00243024
          0           0           0           1
 
Frame 6
   0.999968 -0.00768494 -0.00232068 0.000452576
  0.0076981    0.999954  0.00568047 0.000995269
  0.0022769 -0.00569814    0.999981  0.00243032
          0           0           0           1
 
Frame 7
   0.999972  -0.0064851 -0.00376499  0.00163201
 0.00651574    0.999946  0.00808854 -0.00205693
 0.00371233 -0.00811283     0.99996  0.00316235
          0           0           0           1
 
Frame 8
    0.999981  -0.00609609 -0.000211393   0.00158349
  0.00609794     0.999919    0.0111389  -0.00589856
 0.000143471     -0.01114     0.999938   0.00321118
           0            0            0            1
 
Frame 9
   0.999952 -0.00941181  0.00250096   0.0014599
  0.0093919    0.999925   0.0078814 -0.00482525
-0.00257495 -0.00785754    0.999966  0.00253668
          0           0           0           1
 
Frame 10
   0.999924  -0.0118843  0.00325308  0.00325551
  0.0118656    0.999914  0.00563533 -0.00434854
-0.00331977  -0.0055963    0.999979   0.0018198
          0           0           0           1
 
Frame 11
   0.999924   -0.011884  0.00325321   0.0032554
  0.0118658    0.999914  0.00563519 -0.00434842
 -0.0033199 -0.00559616    0.999979  0.00181992
          0           0           0           1
 
Frame 12
   0.999889  -0.0140405  0.00509149  0.00352374
   0.014008    0.999882  0.00635917  -0.0049707
-0.00518018 -0.00628714    0.999967  0.00186944
          0           0           0           1
 
Frame 13
   0.999898  -0.0136086  0.00425914  0.00605518
  0.0135844    0.999892   0.0056906  -0.0044063
-0.00433612 -0.00563216    0.999975  0.00194889
          0           0           0           1
 
Frame 14
   0.999891  -0.0141565  0.00422826  0.00789423
  0.0141283    0.999878  0.00665712  -0.0040187
-0.00432198 -0.00659665    0.999969  0.00180784
          0           0           0           1
 
Frame 15
   0.999821  -0.0182233  0.00516068  0.00884939
  0.0181807    0.999801  0.00814389 -0.00407414
-0.00530806 -0.00804861    0.999954  0.00197833
          0           0           0           1
 
Frame 16
   0.999692  -0.0242029  0.00541443   0.0108178
  0.0241509    0.999663  0.00947957 -0.00454351
-0.00564204 -0.00934589     0.99994  0.00222578
          0           0           0           1
 
Frame 17
   0.999597  -0.0273408  0.00761855   0.0118599
  0.0272615    0.999575   0.0103147 -0.00482481
-0.00789729  -0.0101029    0.999918  0.00242869
          0           0           0           1
 
Frame 18
   0.999367  -0.0340367   0.0103671   0.0156982
  0.0339222    0.999363   0.0110605 -0.00475521
 -0.0107371  -0.0107017    0.999885  0.00217901
          0           0           0           1
 
Frame 19
   0.999371  -0.0339253   0.0103389   0.0158073
  0.0338133     0.99937   0.0107767 -0.00442809
  -0.010698  -0.0104204    0.999889  0.00231916
          0           0           0           1
 
Frame 20
   0.999024  -0.0415823    0.014901   0.0186744
  0.0414186     0.99908   0.0111279 -0.00416804
   -0.01535  -0.0104999    0.999827  0.00226708
          0           0           0           1
 
Frame 21
   0.998891  -0.0440962   0.0164514   0.0193347
  0.0439234    0.998978   0.0106825 -0.00357356
 -0.0169057 -0.00994807    0.999808  0.00211616
          0           0           0           1
 
Frame 22
   0.998743  -0.0477592   0.0152323   0.0212953
  0.0475479    0.998772   0.0139417 -0.00580642
 -0.0158794  -0.0131999    0.999786  0.00245755
          0           0           0           1
 
Frame 23
   0.998757  -0.0476544    0.014604   0.0219118
  0.0474498    0.998775   0.0140526 -0.00583449
 -0.0152557  -0.0133422    0.999795  0.00226656
          0           0           0           1
 
Frame 24
   0.998472   -0.052595   0.0169563   0.0223558
  0.0523663    0.998534   0.0136783 -0.00585324
 -0.0176508  -0.0127694    0.999763  0.00203215
          0           0           0           1
 
Frame 25
   0.998255  -0.0555944   0.0199139   0.0236974
  0.0553682    0.998397   0.0117307 -0.00564749
 -0.0205341  -0.0106076    0.999733  0.00179056
          0           0           0           1
 
Frame 26
    0.99802  -0.0580616   0.0241618   0.0243608
  0.0578393    0.998278  0.00979616 -0.00575683
  -0.024689 -0.00837927     0.99966 0.000239656
          0           0           0           1
 
Frame 27
    0.997722   -0.0616276    0.0274458    0.0255183
   0.0614303      0.99808   0.00797535  -0.00473475
  -0.0278846  -0.00627118     0.999591 -0.000359704
           0            0            0            1
 
Frame 28
   0.997213  -0.0683252   0.0299653   0.0303431
   0.068159    0.997653  0.00653516 -0.00405687
 -0.0303415 -0.00447455     0.99953  -0.0014837
          0           0           0           1
 
Frame 29
   0.997233  -0.0678223   0.0304295   0.0299997
  0.0676678    0.997689  0.00607942 -0.00339245
 -0.0307715  -0.0040035    0.999519 -0.00158509
          0           0           0           1
 
Frame 30
     0.9972  -0.0688794   0.0291066   0.0348137
  0.0687362    0.997617  0.00589274 -0.00362519
 -0.0294432 -0.00387557    0.999559 -0.00178965
          0           0           0           1
 
Frame 31
    0.996829   -0.0725437    0.0327156    0.0349665
   0.0725131     0.997365   0.00212246 -0.000818791
  -0.0327834   0.00025658     0.999462  -0.00269413
           0            0            0            1
 
Frame 32
    0.99644  -0.0763612   0.0357208   0.0351745
  0.0763959    0.997077 0.000395614 0.000898748
 -0.0356466  0.00233472    0.999362 -0.00314224
          0           0           0           1
 
Frame 33
   0.996131  -0.0797246   0.0369673   0.0357299
  0.0798277    0.996808  -0.0013185  0.00241719
 -0.0367442  0.00426442    0.999316 -0.00350474
          0           0           0           1
 
Frame 34
r0   0.996079  -0.0790575   0.0397121   0.0391992
r1   0.079168    0.996861 -0.00121494 0.000834146
r2 -0.0394914  0.00435383     0.99921 -0.00387099
r3          0           0           0           1
 
Frame 35
   0.996013  -0.0788078   0.0417911   0.0370733
  0.0789854    0.996872 -0.00261173  0.00229635
 -0.0414545  0.00590208    0.999123   -0.004145
          0           0           0           1
 
Frame 36
   0.995735  -0.0805759   0.0449337   0.0390488
  0.0809152    0.996704 -0.00578076  0.00302448
 -0.0443198  0.00939183    0.998973  -0.0049691
          0           0           0           1
 
Frame 37
    0.99542  -0.0834721   0.0465909   0.0409214
   0.083985    0.996425 -0.00915527  0.00477155
 -0.0456601   0.0130263    0.998872 -0.00607887
          0           0           0           1
 
Frame 38
   0.994726  -0.0902068   0.0488119   0.0455709
  0.0908389    0.995806  -0.0108845  0.00552535
 -0.0476254   0.0152611    0.998749 -0.00737755
          0           0           0           1
 
Frame 39
   0.994705  -0.0901771   0.0492884    0.044677
  0.0908387    0.995801  -0.0113486  0.00626428
  -0.048058   0.0157658     0.99872 -0.00776118
          0           0           0           1
 
Frame 40
   0.994204   -0.094448   0.0513571   0.0461108
  0.0952871     0.99535  -0.0141337  0.00799616
 -0.0497831   0.0189454     0.99858 -0.00858074
          0           0           0           1
 
Frame 41
   0.993526   -0.100101   0.0537221   0.0481963
   0.101075    0.994754  -0.0157212  0.00918946
 -0.0518665   0.0210494    0.998432 -0.00908918
          0           0           0           1
 
Frame 42
   0.992944    -0.10518   0.0547513   0.0506331
   0.106233    0.994202  -0.0166724  0.00969818
 -0.0526804   0.0223712    0.998361 -0.00947588
          0           0           0           1
 
Frame 43
  0.992127  -0.111762  0.0565061  0.0538537
  0.112931   0.993441 -0.0179237  0.0108475
-0.0541323  0.0241639   0.998241 -0.0102471
         0          0          0          1
 
Frame 44
  0.991304  -0.117971  0.0583077  0.0556878
  0.119167   0.992721 -0.0174529  0.0112337
-0.0558242  0.0242494   0.998146  -0.010717
         0          0          0          1
 
Frame 45
  0.990464  -0.123903  0.0602445  0.0569196
  0.125028   0.992036  -0.015268  0.0102151
 -0.057873  0.0226547   0.998067 -0.0113322
         0          0          0          1
 
Frame 46
  0.990169  -0.126637  0.0593943  0.0612085
  0.127635   0.991732 -0.0133057 0.00819695
 -0.057218  0.0207556   0.998146 -0.0116483
         0          0          0          1
 
Frame 47
  0.989313  -0.131342  0.0633186  0.0640191
  0.132311   0.991143 -0.0113516 0.00575789
-0.0612671  0.0196082   0.997929 -0.0121487
         0          0          0          1
 
Frame 48
  0.986994  -0.142688  0.0740463  0.0675775
  0.144259   0.989406 -0.0162927 0.00645989
-0.0709369  0.0267626   0.997122 -0.0133815
         0          0          0          1
 
Frame 49
  0.986728  -0.143573  0.0758617  0.0673295
  0.145251   0.989248 -0.0170631 0.00692454
-0.0725962  0.0278557   0.996973 -0.0135039
         0          0          0          1
 
Frame 50
  0.985805  -0.148363  0.0785907   0.070939
   0.15021   0.988488 -0.0181058 0.00679796
-0.0749998   0.029654   0.996742 -0.0145139
         0          0          0          1
 
Frame 51
  0.984124  -0.156537  0.0836417  0.0727575
  0.158684   0.987135 -0.0196269 0.00816474
-0.0794933  0.0325878   0.996303 -0.0154362
         0          0          0          1
 
Frame 52
  0.982731  -0.163847  0.0859846  0.0749172
  0.166132   0.985899 -0.0200806 0.00903043
 -0.081482  0.0340187   0.996094 -0.0159559
         0          0          0          1
 
Frame 53
  0.981802  -0.168205  0.0881559  0.0774975
  0.170467   0.985185  -0.018739   0.008186
-0.0836979  0.0334256    0.99593 -0.0159215
         0          0          0          1
 
Frame 54
  0.980614  -0.173064  0.0918967  0.0802509
  0.175292   0.984375 -0.0166909 0.00693344
-0.0875722  0.0324761   0.995629 -0.0159117
         0          0          0          1
 
Frame 55
  0.979105  -0.179017  0.0964692  0.0820189
  0.181512    0.98323 -0.0176727 0.00801887
-0.0916877  0.0348138   0.995179 -0.0163203
         0          0          0          1
 
Frame 56
  0.978088  -0.183397  0.0985344   0.085034
  0.186106   0.982346 -0.0189703 0.00939908
-0.0933158  0.0368924   0.994953 -0.0167063
         0          0          0          1
 
Frame 57
  0.975249  -0.195076    0.10409  0.0905209
  0.198024   0.980019 -0.0186883  0.0104436
-0.0983647  0.0388381   0.994392 -0.0175215
         0          0          0          1
 
Frame 58
  0.975175   -0.19561   0.103782  0.0912616
  0.198357   0.979987 -0.0167437 0.00913799
-0.0984302   0.036914   0.994459 -0.0176144
         0          0          0          1
 
Frame 59
   0.97328  -0.202687   0.107906  0.0931534
  0.205548   0.978517 -0.0159713 0.00874286
 -0.102351  0.0377245   0.994033 -0.0186546
         0          0          0          1
 
Frame 60
    0.9719  -0.207332   0.111461  0.0978005
  0.210382   0.977485 -0.0162052 0.00881109
 -0.105591  0.0391992   0.993637 -0.0199077
         0          0          0          1
 
Frame 61
  0.969744  -0.214273   0.116982   0.100965
  0.217777   0.975834 -0.0178946  0.0101984
 -0.110321  0.0428294   0.992973 -0.0205637
         0          0          0          1
 
Frame 62
  0.967837   -0.22081   0.120555   0.103721
   0.22456   0.974289 -0.0182863  0.0104832
 -0.113417  0.0447699   0.992538  -0.021496
         0          0          0          1
 
Frame 63
   0.96617  -0.227038   0.122349   0.108792
  0.230973   0.972778  -0.018814  0.0108403
 -0.114747  0.0464368   0.992309 -0.0231421
         0          0          0          1
 
Frame 64
   0.96375  -0.234443   0.127369   0.111858
  0.238868   0.970837 -0.0204316  0.0121144
 -0.118864  0.0501152   0.991645 -0.0242889
         0          0          0          1
 
Frame 65
  0.961429  -0.241136   0.132316   0.114592
  0.246164   0.968959 -0.0228159   0.014146
 -0.122707  0.0545072   0.990945 -0.0251004
         0          0          0          1
 
Frame 66
  0.959127  -0.247804    0.13663   0.117837
  0.253294   0.967089 -0.0240986  0.0159001
 -0.126161  0.0577211   0.990329 -0.0262518
         0          0          0          1
 
Frame 67
  0.956693  -0.254633   0.141069   0.121065
  0.260405   0.965207 -0.0237776   0.016248
 -0.130106  0.0594829   0.989714 -0.0273509
         0          0          0          1
 
Frame 68
  0.954157  -0.261649   0.145342   0.125469
  0.267794   0.963175 -0.0241044  0.0176175
 -0.133683   0.061921   0.989088 -0.0286388
         0          0          0          1
 
Frame 69
  0.951128  -0.268498   0.152526   0.127586
   0.27517   0.961094 -0.0240599  0.0190971
 -0.140131  0.0648545   0.988007 -0.0287853
         0          0          0          1
 
Frame 70
  0.948519  -0.275179   0.156808   0.130558
  0.282331   0.958995 -0.0248743  0.0219187
 -0.143533  0.0678655   0.987316 -0.0291987
         0          0          0          1
 
Frame 71
  0.946135  -0.281363   0.160198   0.133504
  0.288499   0.957211 -0.0226909  0.0230271
 -0.146958  0.0676855   0.986824 -0.0297086
         0          0          0          1
 
Frame 72
  0.944736  -0.284978   0.162053   0.138119
  0.291558   0.956386 -0.0178731  0.0211366
 -0.149892  0.0641331    0.98662 -0.0316863
         0          0          0          1
 
Frame 73
  0.942612  -0.287264   0.170185   0.140979
  0.294447   0.955498 -0.0180356  0.0223892
  -0.15743  0.0671111   0.985247    -0.0328
         0          0          0          1
 
Frame 74
   0.93962  -0.291131   0.179884   0.142118
  0.299299   0.953961 -0.0194552  0.0244792
 -0.165938  0.0721195   0.983495 -0.0325458
         0          0          0          1
 
Frame 75
   0.93672  -0.297249   0.184928   0.144219
  0.305918   0.951856 -0.0195836  0.0260794
 -0.170204  0.0749171   0.982557 -0.0326638
         0          0          0          1
 
Frame 76
  0.935089  -0.301575   0.186172   0.147829
  0.310117    0.95053  -0.017889  0.0254713
 -0.171568   0.074463   0.982354 -0.0342353
         0          0          0          1
 
Frame 77
  0.929658  -0.313332   0.193804   0.153967
  0.322679    0.94634 -0.0178691  0.0274217
 -0.177806  0.0791488   0.980877 -0.0366039
         0          0          0          1
 
Frame 78
  0.926797  -0.320282   0.196127   0.156865
  0.329983   0.943814 -0.0180513  0.0287559
 -0.179326  0.0814483   0.980413 -0.0370881
         0          0          0          1
 
Frame 79
  0.926603  -0.321795   0.194561   0.157818
  0.331241   0.943389  -0.017221  0.0280246
 -0.178005  0.0804035   0.980739 -0.0372389
         0          0          0          1
 
Frame 80
  0.924265  -0.327809   0.195641   0.161107
  0.337517   0.941156 -0.0175574  0.0296932
 -0.178373  0.0822599   0.980518 -0.0379324
         0          0          0          1
 
Frame 81
  0.921383  -0.334155   0.198481   0.164068
  0.344099   0.938781 -0.0168688  0.0308154
 -0.180693  0.0838396    0.97996 -0.0387991
         0          0          0          1
 
Frame 82
  0.915386  -0.347216   0.203741   0.172224
  0.357604   0.933747 -0.0153834  0.0319983
 -0.184901  0.0869403   0.978904 -0.0416174
         0          0          0          1
 
Frame 83
  0.915651   -0.34652   0.203732   0.172808
  0.357163   0.933891 -0.0168069   0.032899
  -0.18444  0.0881549   0.978883 -0.0417402
         0          0          0          1
 
Frame 84
  0.912101  -0.352832   0.208761   0.175611
  0.363779    0.93136 -0.0152757  0.0329295
 -0.189042  0.0898756   0.977848 -0.0434059
         0          0          0          1
 
Frame 85
  0.908045  -0.360052   0.214049   0.178225
  0.371602   0.928271 -0.0149749  0.0339684
 -0.193304  0.0931389   0.976708 -0.0448557
         0          0          0          1
 
Frame 86
  0.904709  -0.366231    0.21766   0.182558
  0.378228   0.925595 -0.0147273  0.0356159
 -0.196071  0.0956491   0.975914 -0.0462575
         0          0          0          1
 
Frame 87
  0.900884   -0.37134   0.224756   0.186328
  0.384413   0.923025 -0.0158211  0.0398753
 -0.201581   0.100652   0.974287 -0.0473128
         0          0          0          1
 
Frame 88
  0.894974   -0.38037   0.233113   0.187459
  0.393855   0.919088 -0.0124261   0.041304
 -0.209525   0.102934    0.97237 -0.0466577
         0          0          0          1
 
Frame 89
   0.890219   -0.394045    0.228556    0.199367
   0.405878    0.913912 -0.00524035   0.0408624
  -0.206815    0.097431    0.973517  -0.0506843
          0           0           0           1
 
Frame 90
   0.890326   -0.394309    0.227685    0.199676
   0.405899    0.913907 -0.00448233   0.0401677
  -0.206315   0.0964082    0.973724  -0.0511444
          0           0           0           1
 
Frame 91
   0.881779   -0.404708    0.242237    0.213118
   0.418126    0.908378 -0.00440443    0.042155
   -0.21826    0.105169    0.970207  -0.0562581
          0           0           0           1
 
Frame 92
   0.881324   -0.404758    0.243801    0.211605
   0.417912    0.908484 -0.00245853   0.0398421
  -0.220495    0.104054    0.969822  -0.0569078
          0           0           0           1
 
Frame 93
   0.868971   -0.418392    0.264267    0.215371
   0.435733    0.900042 -0.00783075   0.0465086
  -0.234575    0.121955    0.964418  -0.0586309
          0           0           0           1
 
Frame 94
   0.869065   -0.418939    0.263091     0.21599
   0.435939    0.899949 -0.00697805   0.0461013
  -0.233845    0.120756    0.964746  -0.0600021
          0           0           0           1
 
Frame 95
   0.863942   -0.427082    0.266844    0.219426
   0.445027    0.895485 -0.00761339   0.0486329
  -0.235704    0.125331    0.963709  -0.0613956
          0           0           0           1
 
Frame 96
  0.859428   -0.43485   0.268865   0.224648
  0.453363   0.891293 -0.0076373  0.0517537
 -0.236316   0.128457   0.963148 -0.0638836
         0          0          0          1
 
Frame 97
     0.8542   -0.441337    0.274889    0.227307
   0.460637    0.887566 -0.00640441   0.0542826
  -0.241156    0.132095    0.961454  -0.0642719
          0           0           0           1
 
Frame 98
    0.84915   -0.447376    0.280713    0.230746
   0.467585     0.88393 -0.00570281   0.0583394
  -0.245579      0.1361    0.959775  -0.0651171
          0           0           0           1
 
Frame 99
   0.843435   -0.454239    0.286851     0.23404
   0.474863    0.880055 -0.00265321   0.0606878
   -0.25124    0.138453    0.957972  -0.0658351
          0           0           0           1
 
Frame 100
  0.838305  -0.461299   0.290598   0.237297
  0.481773   0.876295 0.00124294  0.0607838
 -0.255223    0.13896   0.956845 -0.0666155
         0          0          0          1
 
Frame 101
  0.833495  -0.468239   0.293325   0.239562
  0.488911   0.872327 0.00324813  0.0618673
 -0.257396   0.140703   0.956007 -0.0674944
         0          0          0          1
 
Frame 102
  0.829856  -0.474172   0.294107   0.244047
  0.495086   0.868836  0.0038352  0.0642821
 -0.257349   0.142426   0.955765 -0.0689043
         0          0          0          1
 
Frame 103
  0.825558  -0.480699   0.295603   0.248538
  0.501802   0.864967 0.00514966  0.0664509
 -0.258162   0.144083   0.955297 -0.0708679
         0          0          0          1
 
Frame 104
   0.82101  -0.486428   0.298882     0.2517
  0.507837   0.861425 0.00696647  0.0680073
 -0.260853   0.146064   0.954264 -0.0719749
         0          0          0          1
 
Frame 105
  0.817389  -0.490795   0.301655   0.255409
  0.512605   0.858588 0.00793332  0.0705398
 -0.262891   0.148145   0.953384 -0.0734514
         0          0          0          1
 
Frame 106
  0.813492  -0.495546    0.30441   0.258729
  0.517535   0.855606 0.00979504  0.0719978
 -0.265309   0.149575   0.952491 -0.0748593
         0          0          0          1
 
Frame 107
  0.809582  -0.499116   0.308966   0.259979
  0.521692   0.853062  0.0110828  0.0734629
 -0.269098   0.152213   0.951009 -0.0748822
         0          0          0          1
 
Frame 108
  0.806788  -0.502871   0.310184   0.263851
  0.525682     0.8506  0.0116975  0.0759216
 -0.269725   0.153621   0.950605 -0.0767228
         0          0          0          1
 
Frame 109
   0.80356  -0.507563   0.310921   0.267456
   0.53043   0.847631   0.012844  0.0773522
 -0.270065   0.154601   0.950349 -0.0781336
         0          0          0          1
 
Frame 110
  0.800871  -0.509899    0.31402   0.270521
  0.533556   0.845673  0.0124147    0.08041
 -0.271889   0.157605   0.949335 -0.0785603
         0          0          0          1
 
Frame 111
 0.797031 -0.513854  0.317326  0.273002
  0.53783  0.842935 0.0141099 0.0822423
-0.274736  0.159422  0.948211 -0.079574
        0         0         0         1
 
Frame 112
  0.792916  -0.518046     0.3208   0.274612
  0.542427   0.839956  0.0157001  0.0841642
 -0.277591   0.161562   0.947017 -0.0804288
         0          0          0          1
 
Frame 113
  0.785262  -0.527195   0.324698   0.281399
  0.551781   0.833766  0.0192944   0.088433
 -0.280894   0.164011   0.945621 -0.0842194
         0          0          0          1
 
Frame 114
  0.785099   -0.52746   0.324661   0.280771
  0.552059   0.833582   0.019283  0.0883194
 -0.280803   0.164093   0.945634 -0.0843519
         0          0          0          1
 
Frame 115
  0.780417  -0.532532   0.327657   0.284404
  0.557386   0.829979  0.0213551   0.090554
  -0.28332   0.165965   0.944555 -0.0855467
         0          0          0          1
 
Frame 116
  0.775787  -0.537633   0.330312   0.289279
   0.56325   0.826005  0.0215724  0.0945079
 -0.284437   0.169312   0.943625 -0.0880946
         0          0          0          1
 
Frame 117
  0.770066  -0.542719   0.335342   0.291997
  0.569007   0.821992  0.0236698  0.0968093
 -0.288494   0.172585   0.941799 -0.0895694
         0          0          0          1
 
Frame 118
  0.765258  -0.545984      0.341   0.294296
  0.573311   0.818967  0.0246687   0.100186
 -0.292736   0.176621    0.93974 -0.0906563
         0          0          0          1
 
Frame 119
  0.754966  -0.555787   0.348034   0.298935
  0.584166   0.811146  0.0281551   0.106061
 -0.297954   0.182053   0.937059 -0.0935618
         0          0          0          1
 
Frame 120
  0.754559  -0.556925   0.347095   0.300323
   0.58473   0.810687  0.0296157   0.104911
 -0.297879    0.18061   0.937362 -0.0943989
         0          0          0          1
 
Frame 121
  0.750157  -0.561257   0.349649   0.304224
  0.589095   0.807422  0.0321972   0.107167
 -0.300385   0.181823   0.936327 -0.0966401
         0          0          0          1
 
Frame 122
 0.745202 -0.565616  0.353203  0.309592
 0.594088  0.803698 0.0336038  0.110714
-0.302875  0.184792  0.934943 -0.099531
        0         0         0         1
 
Frame 123
 0.732157  -0.57533  0.364611  0.311368
  0.60572   0.79478  0.037789  0.116029
-0.311526  0.193185  0.930393 -0.101546
        0         0         0         1
 
Frame 124
 0.732099 -0.575541  0.364395  0.311194
 0.605126  0.795119  0.040097  0.113456
-0.312815   0.19115  0.930381 -0.101894
        0         0         0         1
 
Frame 125
 0.720936 -0.585075  0.371399   0.31822
 0.616018  0.786542 0.0432877  0.121215
-0.317448  0.197581  0.927464 -0.105593
        0         0         0         1
 
Frame 126
 0.720643 -0.585879    0.3707  0.319518
 0.616714  0.785993 0.0433406  0.121518
 -0.31676  0.197383  0.927741 -0.106077
        0         0         0         1
 
Frame 127
 0.713515 -0.591377  0.375726   0.32116
 0.623004  0.780868 0.0459507   0.12433
-0.320566  0.201292  0.925591 -0.108254
        0         0         0         1
 
Frame 128
 0.707515 -0.596415  0.379093    0.3244
 0.628966   0.77601  0.047009  0.127963
-0.322217  0.205177  0.924164 -0.110185
        0         0         0         1
 
Frame 129
  0.70075 -0.602219  0.382469  0.329083
 0.635529  0.770531 0.0488436  0.131749
-0.324118  0.208843  0.922676 -0.112959
        0         0         0         1
 
Frame 130
 0.692784 -0.607003  0.389355  0.331271
 0.641872  0.765131 0.0507454  0.135817
 -0.32871   0.21476  0.919689 -0.114609
        0         0         0         1
 
Frame 131
  0.68397 -0.612039   0.39698  0.331591
 0.648372  0.759425 0.0537338  0.139148
-0.334364  0.220638  0.916253 -0.115545
        0         0         0         1
 
Frame 132
 0.676996 -0.617058  0.401142  0.331612
  0.65448  0.754049 0.0553696  0.142018
-0.336647  0.225055  0.914341 -0.117064
        0         0         0         1
 
Frame 133
 0.671891 -0.622498   0.40132  0.334553
 0.660157  0.748995 0.0565485  0.145555
-0.335789   0.22694  0.914191 -0.118945
        0         0         0         1
 
Frame 134
 0.665732 -0.628218   0.40267  0.338732
 0.665624  0.743867 0.0600556  0.147604
-0.337261  0.228046  0.913373 -0.121242
        0         0         0         1
 
Frame 135
 0.657956 -0.633414  0.407285  0.342148
 0.671468  0.738309 0.0634909  0.150519
-0.340918  0.231704  0.911091 -0.123253
        0         0         0         1
 
Frame 136
 0.650912 -0.636627  0.413545  0.342942
 0.676261  0.733773 0.0651783  0.154445
-0.344943  0.237239  0.908148 -0.125306
        0         0         0         1
 
Frame 137
 0.644163 -0.640046  0.418803  0.342917
 0.680547  0.729527  0.068165  0.156115
-0.349157  0.241106  0.905515 -0.126437
        0         0         0         1
 
Frame 138
 0.638524 -0.644151  0.421138  0.345224
 0.685134  0.725029 0.0701752  0.158522
 -0.35054  0.243727  0.904278 -0.128785
        0         0         0         1
 
Frame 139
  0.63229 -0.647535  0.425332  0.347309
 0.689001  0.721028 0.0734547  0.160809
-0.354241   0.24661  0.902052 -0.130493
        0         0         0         1
 
Frame 140
 0.626047 -0.649897  0.430928  0.348392
 0.692682  0.717287 0.0754451  0.164297
-0.358131  0.251264  0.899227 -0.132184
        0         0         0         1
 
Frame 141
 0.618733   -0.6524  0.437657  0.347589
 0.696412  0.713308 0.0787572  0.166729
-0.363565   0.25606  0.895686 -0.132658
        0         0         0         1
 
Frame 142
 0.613118 -0.655486  0.440936  0.347961
 0.700584  0.709077 0.0799433   0.17104
 -0.36506  0.259898  0.893971 -0.134169
        0         0         0         1
 
Frame 143
 0.608612 -0.658758    0.4423  0.350519
 0.703954  0.705486 0.0820934  0.174834
-0.366116  0.261396  0.893102 -0.135999
        0         0         0         1
 
Frame 144
 0.602677 -0.662474   0.44487  0.353052
 0.707591  0.701385 0.0858691  0.177284
-0.368911  0.263035  0.891469 -0.137978
        0         0         0         1
 
Frame 145
 0.587262 -0.670025  0.454082    0.3556
 0.716289  0.691456 0.0939106  0.184579
  -0.3769  0.270104  0.885997 -0.141434
        0         0         0         1
 
Frame 146
 0.586542 -0.670574  0.454202  0.355636
 0.716999  0.690726  0.093862  0.185212
 -0.37667  0.270608  0.885941 -0.141585
        0         0         0         1
 
Frame 147
 0.579053 -0.674509  0.457968  0.356799
 0.721405  0.685597 0.0976261  0.188999
-0.379832   0.27385  0.883591  -0.14409
        0         0         0         1
 
Frame 148
 0.571296 -0.679239  0.460712  0.358679
 0.726402  0.679747  0.101409  0.192286
-0.382049  0.276728  0.881737 -0.146155
        0         0         0         1
 
Frame 149
 0.563408 -0.683694  0.463825  0.361079
  0.73122  0.673974  0.105249  0.195889
-0.384564   0.27986  0.879653 -0.148617
        0         0         0         1
 
Frame 150
 0.555598 -0.687351  0.467825  0.362433
 0.736113   0.66825  0.107602  0.200525
-0.386585  0.284589  0.877247  -0.15111
        0         0         0         1
 
Frame 151
   0.5467  -0.69178  0.471762  0.363117
 0.740574  0.662389  0.113097  0.201998
-0.390728  0.287545  0.874443 -0.152568
        0         0         0         1
 
Frame 152
 0.538415 -0.696184  0.474802  0.364064
 0.746092  0.655757  0.115458  0.205831
-0.391735  0.292082  0.872486 -0.154462
        0         0         0         1
 
Frame 153
 0.530664 -0.700774  0.476773  0.365772
 0.751143  0.649419  0.118487  0.208938
-0.392657  0.295248  0.871004  -0.15641
        0         0         0         1
 
Frame 154
 0.523402 -0.704471  0.479343  0.366507
 0.755306  0.643975  0.121694  0.211848
-0.394415  0.298356  0.869149 -0.157895
        0         0         0         1
 
Frame 155
 0.515524 -0.708084  0.482547  0.366355
 0.759408    0.6384  0.125476  0.214146
-0.396905  0.301765  0.866836 -0.158267
        0         0         0         1
 
Frame 156
 0.509046 -0.711149  0.484911  0.366359
 0.763194  0.633414  0.127758  0.217403
-0.398004  0.305046  0.865182  -0.15882
        0         0         0         1
 
Frame 157
 0.503662 -0.713426  0.487183  0.367419
 0.765694  0.629793  0.130668  0.221359
-0.400046  0.307221  0.863469 -0.159859
        0         0         0         1
 
Frame 158
 0.498046 -0.716683  0.488175   0.36855
  0.76854  0.625552  0.134285  0.223136
-0.401618  0.308302  0.862353 -0.161049
        0         0         0         1
 
Frame 159
  0.49176 -0.719688  0.490123  0.368973
 0.771847   0.62083  0.137192  0.225771
-0.403019  0.310835  0.860789 -0.162013
        0         0         0         1
 
Frame 160
 0.486573  -0.72309  0.490294  0.370324
 0.774873    0.6164   0.14008  0.226979
-0.403508  0.311757  0.860226 -0.163176
        0         0         0         1
 
Frame 161
 0.482883 -0.724623  0.491677  0.372141
  0.77651  0.613874  0.142094  0.229713
-0.404792  0.313177  0.859106 -0.165082
        0         0         0         1
 
Frame 162
 0.477804 -0.726504  0.493859  0.372553
 0.778448  0.610681  0.145216  0.230865
 -0.40709  0.315059   0.85733 -0.166433
        0         0         0         1
 
Frame 163
 0.472732 -0.728262  0.496144  0.371517
 0.780959   0.60705  0.146948   0.23154
-0.408201  0.318001  0.855715 -0.166483
        0         0         0         1
 
Frame 164
 0.470943 -0.729928  0.495396  0.372909
 0.782645  0.604825  0.147152  0.232239
-0.407039  0.318419  0.856113 -0.167555
        0         0         0         1
 
Frame 165
 0.469105 -0.730074  0.496922  0.373252
 0.783065  0.604025  0.148199  0.232715
 -0.40835  0.319601  0.855047 -0.168603
        0         0         0         1
 
Frame 166
 0.466449 -0.731151  0.497838  0.374737
 0.784467  0.601982  0.149097  0.232353
-0.408702  0.320991  0.854358 -0.169997
        0         0         0         1
 
Frame 167
 0.464129 -0.731543  0.499428  0.375237
 0.784786  0.601065  0.151099  0.231507
-0.410725  0.321815  0.853077 -0.170366
        0         0         0         1
 
Frame 168
 0.460378 -0.732405  0.501633  0.373612
  0.78663  0.598462  0.151843  0.231677
-0.411419  0.324694   0.85165 -0.169253
        0         0         0         1
 
Frame 169
 0.461297  -0.73166  0.501875  0.373406
 0.785493  0.599802   0.15244  0.230847
 -0.41256  0.323899  0.851401 -0.168633
        0         0         0         1
 
Frame 170
 0.460376 -0.733866  0.499493  0.374802
 0.787166  0.597595  0.152479  0.231144
-0.410394  0.322986  0.852793 -0.168577
        0         0         0         1
 
Frame 171
 0.461058 -0.735118  0.497018  0.379449
 0.787677  0.596974  0.152272  0.232386
-0.408645  0.321283  0.854275 -0.170222
        0         0         0         1
 
Frame 172
 0.459839 -0.734949  0.498396  0.378224
 0.787806   0.59663  0.152948  0.230953
-0.409768  0.322308  0.853351 -0.169545
        0         0         0         1
 
Frame 173
 0.457785 -0.733938  0.501765  0.377853
 0.787056  0.597034  0.155219  0.230082
-0.413492   0.32386  0.850964 -0.170267
        0         0         0         1
 
Frame 174
 0.456832 -0.732325   0.50498  0.377453
 0.786618  0.597644   0.15509  0.230348
-0.415375  0.326376  0.849083 -0.170765
        0         0         0         1
 
Frame 175
 0.453547 -0.733454    0.5063  0.377244
  0.78842  0.595081  0.155796  0.228846
-0.415559  0.328516  0.848167 -0.171736
        0         0         0         1
 
Frame 176
 0.453318 -0.734298  0.505282  0.377347
 0.788839  0.594434  0.156144  0.228631
-0.415013  0.327803  0.848711 -0.172322
        0         0         0         1
 
Frame 177
 0.453041 -0.734474  0.505274  0.379334
 0.789426  0.593848  0.155406  0.229486
-0.414198  0.328471  0.848851 -0.174462
        0         0         0         1
 
Frame 178
 0.452465 -0.733344  0.507428  0.379832
 0.789379  0.594091  0.154715  0.230375
-0.414918   0.33055  0.847691 -0.175824
        0         0         0         1
 
Frame 179
 0.450554 -0.732284  0.510648   0.37973
 0.789156  0.594127   0.15571  0.229615
-0.417414  0.332825  0.845573 -0.177128
        0         0         0         1
 
Frame 180
 0.443343 -0.731018   0.51871   0.37803
 0.791135  0.591163  0.156942  0.231327
 -0.42137  0.340791  0.840422  -0.17778
        0         0         0         1
 
Frame 181
 0.442334 -0.731589  0.518766   0.37805
 0.791764  0.590235  0.157268   0.23137
 -0.42125  0.341175  0.840326 -0.177499
        0         0         0         1
 
Frame 182
 0.438788 -0.732229   0.52087  0.376257
 0.793548  0.587716  0.157703  0.232415
-0.421599  0.344137  0.838942 -0.177101
        0         0         0         1
 
Frame 183
 0.436884 -0.734003  0.519974  0.375739
 0.795362  0.585222  0.157843  0.232384
-0.420157  0.344608  0.839472 -0.175875
        0         0         0         1
 
Frame 184
 0.436834 -0.736457  0.516534  0.376725
 0.796325  0.583672  0.158725  0.232198
-0.418381  0.341992  0.841426 -0.176205
        0         0         0         1
 
Frame 185
 0.438498 -0.736306  0.515338  0.378471
 0.796369  0.584099  0.156924  0.234506
-0.416552  0.341588  0.842497   -0.1765
        0         0         0         1
 
Frame 186
 0.438616 -0.735722   0.51607  0.378485
 0.796233  0.584416  0.156427  0.235136
-0.416687  0.342301  0.842142 -0.176722
        0         0         0         1
 
Frame 186
 0.438616 -0.735722   0.51607  0.378485
 0.796233  0.584416  0.156427  0.235136
-0.416687  0.342301  0.842142 -0.176722
        0         0         0         1
 
Frame 186
 0.438616 -0.735722   0.51607  0.378485
 0.796233  0.584416  0.156427  0.235136
-0.416687  0.342301  0.842142 -0.176722
        0         0         0         1
 
Frame 186
 0.438616 -0.735722   0.51607  0.378485
 0.796233  0.584416  0.156427  0.235136
-0.416687  0.342301  0.842142 -0.176722
        0         0         0         1
 
Frame 186
 0.438616 -0.735722   0.51607  0.378485
 0.796233  0.584416  0.156427  0.235136
-0.416687  0.342301  0.842142 -0.176722
        0         0         0         1
 
Frame 186
 0.438616 -0.735722   0.51607  0.378485
 0.796233  0.584416  0.156427  0.235136
-0.416687  0.342301  0.842142 -0.176722
        0         0         0         1
 
Frame 186
 0.438616 -0.735722   0.51607  0.378485
 0.796233  0.584416  0.156427  0.235136
-0.416687  0.342301  0.842142 -0.176722
        0         0         0         1
 
Frame 186
 0.438616 -0.735722   0.51607  0.378485
 0.796233  0.584416  0.156427  0.235136
-0.416687  0.342301  0.842142 -0.176722
        0         0         0         1
 
Frame 186
 0.438616 -0.735722   0.51607  0.378485
 0.796233  0.584416  0.156427  0.235136
-0.416687  0.342301  0.842142 -0.176722
        0         0         0         1
 
Frame 186
 0.438616 -0.735722   0.51607  0.378485
 0.796233  0.584416  0.156427  0.235136
-0.416687  0.342301  0.842142 -0.176722
        0         0         0         1
 
Frame 186
 0.438616 -0.735722   0.51607  0.378485
 0.796233  0.584416  0.156427  0.235136
-0.416687  0.342301  0.842142 -0.176722
        0         0         0         1
 
Frame 186
 0.438616 -0.735722   0.51607  0.378485
 0.796233  0.584416  0.156427  0.235136
-0.416687  0.342301  0.842142 -0.176722
        0         0         0         1
 
Frame 186
 0.438616 -0.735722   0.51607  0.378485
 0.796233  0.584416  0.156427  0.235136
-0.416687  0.342301  0.842142 -0.176722
        0         0         0         1
 
Frame 186
 0.438616 -0.735722   0.51607  0.378485
 0.796233  0.584416  0.156427  0.235136
-0.416687  0.342301  0.842142 -0.176722
        0         0         0         1
 
Frame 186
 0.438616 -0.735722   0.51607  0.378485
 0.796233  0.584416  0.156427  0.235136
-0.416687  0.342301  0.842142 -0.176722
        0         0         0         1
 
Frame 186
 0.438616 -0.735722   0.51607  0.378485
 0.796233  0.584416  0.156427  0.235136
-0.416687  0.342301  0.842142 -0.176722
        0         0         0         1
 
Frame 186
 0.438616 -0.735722   0.51607  0.378485
 0.796233  0.584416  0.156427  0.235136
-0.416687  0.342301  0.842142 -0.176722
        0         0         0         1
 
Frame 186
 0.438616 -0.735722   0.51607  0.378485
 0.796233  0.584416  0.156427  0.235136
-0.416687  0.342301  0.842142 -0.176722
        0         0         0         1
 
Frame 186
 0.438616 -0.735722   0.51607  0.378485
 0.796233  0.584416  0.156427  0.235136
-0.416687  0.342301  0.842142 -0.176722
        0         0         0         1
 
Frame 186
 0.438616 -0.735722   0.51607  0.378485
 0.796233  0.584416  0.156427  0.235136
-0.416687  0.342301  0.842142 -0.176722
        0         0         0         1
 
Frame 186
 0.438616 -0.735722   0.51607  0.378485
 0.796233  0.584416  0.156427  0.235136
-0.416687  0.342301  0.842142 -0.176722
        0         0         0         1
 
Frame 186
 0.438616 -0.735722   0.51607  0.378485
 0.796233  0.584416  0.156427  0.235136
-0.416687  0.342301  0.842142 -0.176722
        0         0         0         1
 
Frame 186
 0.438616 -0.735722   0.51607  0.378485
 0.796233  0.584416  0.156427  0.235136
-0.416687  0.342301  0.842142 -0.176722
        0         0         0         1
 
Frame 186
 0.438616 -0.735722   0.51607  0.378485
 0.796233  0.584416  0.156427  0.235136
-0.416687  0.342301  0.842142 -0.176722
        0         0         0         1
 
Frame 186
 0.438616 -0.735722   0.51607  0.378485
 0.796233  0.584416  0.156427  0.235136
-0.416687  0.342301  0.842142 -0.176722
        0         0         0         1
 
Frame 186
 0.438616 -0.735722   0.51607  0.378485
 0.796233  0.584416  0.156427  0.235136
-0.416687  0.342301  0.842142 -0.176722
        0         0         0         1
 
Frame 186
 0.438616 -0.735722   0.51607  0.378485
 0.796233  0.584416  0.156427  0.235136
-0.416687  0.342301  0.842142 -0.176722
        0         0         0         1
 
Frame 186
 0.438616 -0.735722   0.51607  0.378485
 0.796233  0.584416  0.156427  0.235136
-0.416687  0.342301  0.842142 -0.176722
        0         0         0         1
 
Frame 186
 0.438616 -0.735722   0.51607  0.378485
 0.796233  0.584416  0.156427  0.235136
-0.416687  0.342301  0.842142 -0.176722
        0         0         0         1
 
Frame 186
 0.438616 -0.735722   0.51607  0.378485
 0.796233  0.584416  0.156427  0.235136
-0.416687  0.342301  0.842142 -0.176722
        0         0         0         1
 
Frame 186
 0.438616 -0.735722   0.51607  0.378485
 0.796233  0.584416  0.156427  0.235136
-0.416687  0.342301  0.842142 -0.176722
        0         0         0         1
 
Frame 186
 0.438616 -0.735722   0.51607  0.378485
 0.796233  0.584416  0.156427  0.235136
-0.416687  0.342301  0.842142 -0.176722
        0         0         0         1
 
Frame 186
 0.438616 -0.735722   0.51607  0.378485
 0.796233  0.584416  0.156427  0.235136
