Frame 1
r0 1 0 0 0
r1 0 1 0 0
r2 0 0 1 0
r3 0 0 0 1

Frame 2
    0.999999 -0.000837892   0.00040632 -0.000864748
 0.000837132     0.999998   0.00195483 -0.000126454
-0.000407957  -0.00195448     0.999998  0.000578794
           0            0            0            1

Frame 3
    0.999997  -0.00252704 -0.000411611 -0.000225609
  0.00252866     0.999989   0.00398111  0.000217161
 0.000401546  -0.00398214     0.999992   0.00149294
           0            0            0            1

Frame 4
    0.99999 -0.00448678 -0.00073259 0.000652157
 0.00449112    0.999972  0.00602359  -0.0001689
0.000705533 -0.00602677    0.999982  0.00201842
          0           0           0           1

Frame 5
   0.999968 -0.00768499 -0.00232066 0.000452534
 0.00769808    0.999954  0.00568053 0.000995361
 0.00227689 -0.00569817    0.999981  0.00243024
          0           0           0           1

Frame 6
   0.999968 -0.00768494 -0.00232068 0.000452576
  0.0076981    0.999954  0.00568047 0.000995269
  0.0022769 -0.00569814    0.999981  0.00243032
          0           0           0           1

Frame 7
   0.999972  -0.0064851 -0.00376499  0.00163201
 0.00651574    0.999946  0.00808854 -0.00205693
 0.00371233 -0.00811283     0.99996  0.00316235
          0           0           0           1

Frame 8
    0.999981  -0.00609609 -0.000211393   0.00158349
  0.00609794     0.999919    0.0111389  -0.00589856
 0.000143471     -0.01114     0.999938   0.00321118
           0            0            0            1

Frame 9
   0.999952 -0.00941181  0.00250096   0.0014599
  0.0093919    0.999925   0.0078814 -0.00482525
-0.00257495 -0.00785754    0.999966  0.00253668
          0           0           0           1

Frame 10
   0.999924  -0.0118843  0.00325308  0.00325551
  0.0118656    0.999914  0.00563533 -0.00434854
-0.00331977  -0.0055963    0.999979   0.0018198
          0           0           0           1

Frame 11
   0.999924   -0.011884  0.00325321   0.0032554
  0.0118658    0.999914  0.00563519 -0.00434842
 -0.0033199 -0.00559616    0.999979  0.00181992
          0           0           0           1

Frame 12
   0.999889  -0.0140405  0.00509149  0.00352374
   0.014008    0.999882  0.00635917  -0.0049707
-0.00518018 -0.00628714    0.999967  0.00186944
          0           0           0           1

Frame 13
   0.999898  -0.0136086  0.00425914  0.00605518
  0.0135844    0.999892   0.0056906  -0.0044063
-0.00433612 -0.00563216    0.999975  0.00194889
          0           0           0           1

Frame 14
   0.999891  -0.0141565  0.00422826  0.00789423
  0.0141283    0.999878  0.00665712  -0.0040187
-0.00432198 -0.00659665    0.999969  0.00180784
          0           0           0           1

Frame 15
   0.999821  -0.0182233  0.00516068  0.00884939
  0.0181807    0.999801  0.00814389 -0.00407414
-0.00530806 -0.00804861    0.999954  0.00197833
          0           0           0           1

Frame 16
   0.999692  -0.0242029  0.00541443   0.0108178
  0.0241509    0.999663  0.00947957 -0.00454351
-0.00564204 -0.00934589     0.99994  0.00222578
          0           0           0           1

Frame 17
   0.999597  -0.0273408  0.00761855   0.0118599
  0.0272615    0.999575   0.0103147 -0.00482481
-0.00789729  -0.0101029    0.999918  0.00242869
          0           0           0           1

Frame 18
   0.999367  -0.0340367   0.0103671   0.0156982
  0.0339222    0.999363   0.0110605 -0.00475521
 -0.0107371  -0.0107017    0.999885  0.00217901
          0           0           0           1

Frame 19
   0.999371  -0.0339253   0.0103389   0.0158073
  0.0338133     0.99937   0.0107767 -0.00442809
  -0.010698  -0.0104204    0.999889  0.00231916
          0           0           0           1

Frame 20
   0.999024  -0.0415823    0.014901   0.0186744
  0.0414186     0.99908   0.0111279 -0.00416804
   -0.01535  -0.0104999    0.999827  0.00226708
          0           0           0           1

Frame 21
   0.998891  -0.0440962   0.0164514   0.0193347
  0.0439234    0.998978   0.0106825 -0.00357356
 -0.0169057 -0.00994807    0.999808  0.00211616
          0           0           0           1

Frame 22
   0.998743  -0.0477592   0.0152323   0.0212953
  0.0475479    0.998772   0.0139417 -0.00580642
 -0.0158794  -0.0131999    0.999786  0.00245755
          0           0           0           1

Frame 23
   0.998757  -0.0476544    0.014604   0.0219118
  0.0474498    0.998775   0.0140526 -0.00583449
 -0.0152557  -0.0133422    0.999795  0.00226656
          0           0           0           1

Frame 24
   0.998472   -0.052595   0.0169563   0.0223558
  0.0523663    0.998534   0.0136783 -0.00585324
 -0.0176508  -0.0127694    0.999763  0.00203215
          0           0           0           1

Frame 25
   0.998255  -0.0555944   0.0199139   0.0236974
  0.0553682    0.998397   0.0117307 -0.00564749
 -0.0205341  -0.0106076    0.999733  0.00179056
          0           0           0           1

Frame 26
    0.99802  -0.0580616   0.0241618   0.0243608
  0.0578393    0.998278  0.00979616 -0.00575683
  -0.024689 -0.00837927     0.99966 0.000239656
          0           0           0           1

Frame 27
    0.997722   -0.0616276    0.0274458    0.0255183
   0.0614303      0.99808   0.00797535  -0.00473475
  -0.0278846  -0.00627118     0.999591 -0.000359704
           0            0            0            1

Frame 28
   0.997213  -0.0683252   0.0299653   0.0303431
   0.068159    0.997653  0.00653516 -0.00405687
 -0.0303415 -0.00447455     0.99953  -0.0014837
          0           0           0           1

Frame 29
   0.997233  -0.0678223   0.0304295   0.0299997
  0.0676678    0.997689  0.00607942 -0.00339245
 -0.0307715  -0.0040035    0.999519 -0.00158509
          0           0           0           1

Frame 30
     0.9972  -0.0688794   0.0291066   0.0348137
  0.0687362    0.997617  0.00589274 -0.00362519
 -0.0294432 -0.00387557    0.999559 -0.00178965
          0           0           0           1

Frame 31
    0.996829   -0.0725437    0.0327156    0.0349665
   0.0725131     0.997365   0.00212246 -0.000818791
  -0.0327834   0.00025658     0.999462  -0.00269413
           0            0            0            1

Frame 32
    0.99644  -0.0763612   0.0357208   0.0351745
  0.0763959    0.997077 0.000395614 0.000898748
 -0.0356466  0.00233472    0.999362 -0.00314224
          0           0           0           1

Frame 33
   0.996131  -0.0797246   0.0369673   0.0357299
  0.0798277    0.996808  -0.0013185  0.00241719
 -0.0367442  0.00426442    0.999316 -0.00350474
          0           0           0           1

Frame 34
   0.996079  -0.0790575   0.0397121   0.0391992
   0.079168    0.996861 -0.00121494 0.000834146
 -0.0394914  0.00435383     0.99921 -0.00387099
          0           0           0           1

Frame 35
   0.996013  -0.0788078   0.0417911   0.0370733
  0.0789854    0.996872 -0.00261173  0.00229635
 -0.0414545  0.00590208    0.999123   -0.004145
          0           0           0           1

Frame 36
   0.995735  -0.0805759   0.0449337   0.0390488
  0.0809152    0.996704 -0.00578076  0.00302448
 -0.0443198  0.00939183    0.998973  -0.0049691
          0           0           0           1

Frame 37
    0.99542  -0.0834721   0.0465909   0.0409214
   0.083985    0.996425 -0.00915527  0.00477155
 -0.0456601   0.0130263    0.998872 -0.00607887
          0           0           0           1

Frame 38
   0.994726  -0.0902068   0.0488119   0.0455709
  0.0908389    0.995806  -0.0108845  0.00552535
 -0.0476254   0.0152611    0.998749 -0.00737755
          0           0           0           1

Frame 39
   0.994705  -0.0901771   0.0492884    0.044677
  0.0908387    0.995801  -0.0113486  0.00626428
  -0.048058   0.0157658     0.99872 -0.00776118
          0           0           0           1

Frame 40
   0.994204   -0.094448   0.0513571   0.0461108
  0.0952871     0.99535  -0.0141337  0.00799616
 -0.0497831   0.0189454     0.99858 -0.00858074
          0           0           0           1

Frame 41
   0.993526   -0.100101   0.0537221   0.0481963
   0.101075    0.994754  -0.0157212  0.00918946
 -0.0518665   0.0210494    0.998432 -0.00908918
          0           0           0           1

Frame 42
   0.992944    -0.10518   0.0547513   0.0506331
   0.106233    0.994202  -0.0166724  0.00969818
 -0.0526804   0.0223712    0.998361 -0.00947588
          0           0           0           1

Frame 43
  0.992127  -0.111762  0.0565061  0.0538537
  0.112931   0.993441 -0.0179237  0.0108475
-0.0541323  0.0241639   0.998241 -0.0102471
         0          0          0          1

Frame 44
  0.991304  -0.117971  0.0583077  0.0556878
  0.119167   0.992721 -0.0174529  0.0112337
-0.0558242  0.0242494   0.998146  -0.010717
         0          0          0          1

Frame 45
  0.990464  -0.123903  0.0602445  0.0569196
  0.125028   0.992036  -0.015268  0.0102151
 -0.057873  0.0226547   0.998067 -0.0113322
         0          0          0          1

Frame 46
  0.990169  -0.126637  0.0593943  0.0612085
  0.127635   0.991732 -0.0133057 0.00819695
 -0.057218  0.0207556   0.998146 -0.0116483
         0          0          0          1

Frame 47
  0.989313  -0.131342  0.0633186  0.0640191
  0.132311   0.991143 -0.0113516 0.00575789
-0.0612671  0.0196082   0.997929 -0.0121487
         0          0          0          1

Frame 48
  0.986994  -0.142688  0.0740463  0.0675775
  0.144259   0.989406 -0.0162927 0.00645989
-0.0709369  0.0267626   0.997122 -0.0133815
         0          0          0          1

Frame 49
  0.986728  -0.143573  0.0758617  0.0673295
  0.145251   0.989248 -0.0170631 0.00692454
-0.0725962  0.0278557   0.996973 -0.0135039
         0          0          0          1

Frame 50
r0  0.985805  -0.148363  0.0785907   0.070939
r1   0.15021   0.988488 -0.0181058 0.00679796
r2 -0.0749998   0.029654   0.996742 -0.0145139
r3         0          0          0          1

Frame 51
  0.984124  -0.156537  0.0836417  0.0727575
  0.158684   0.987135 -0.0196269 0.00816474
-0.0794933  0.0325878   0.996303 -0.0154362
         0          0          0          1

Frame 52
  0.982731  -0.163847  0.0859846  0.0749172
  0.166132   0.985899 -0.0200806 0.00903043
 -0.081482  0.0340187   0.996094 -0.0159559
         0          0          0          1

Frame 53
  0.981802  -0.168205  0.0881559  0.0774975
  0.170467   0.985185  -0.018739   0.008186
-0.0836979  0.0334256    0.99593 -0.0159215
         0          0          0          1
