Frame 1
r0 1 0 0 0 
r1 0 1 0 0 
r2 0 0 1 0 
r3 0 0 0 1 

Frame 2
r0 1 -8.40425e-06 -2.36673e-05 3.17644e-05 
r1 8.40425e-06 1 -6.325e-06 4.76799e-06 
r2 2.36673e-05 6.3248e-06 1 -1.47679e-05 
r3 0 0 0 1 

Frame 3
r0 0.999953 -0.00962754 0.00034258 0.00209073 
r1 0.00962758 0.999954 -4.02033e-05 -0.00124207 
r2 -0.000342179 4.35114e-05 1 -0.000215993 
r3 0 0 0 1 

Frame 4
r0 0.999953 -0.00964255 0.000330107 0.00211085 
r1 0.00964256 0.999953 -6.1442e-05 -0.00121846 
r2 -0.000329496 6.47287e-05 1 -0.00022799 
r3 0 0 0 1 

Frame 5
r0 0.999865 -0.0157703 0.00457877 0.00375468 
r1 0.0157633 0.999874 0.00156355 0.000208852 
r2 -0.00460273 -0.00149107 0.999988 -0.000303645 
r3 0 0 0 1 

Frame 6
r0 0.999746 -0.0218817 0.00530418 0.00469124 
r1 0.0218652 0.999756 0.00316812 0.00108558 
r2 -0.00537221 -0.00305137 0.999981 -0.00159321 
r3 0 0 0 1 

Frame 7
r0 0.999586 -0.0285315 0.00378249 0.00639879 
r1 0.0285196 0.999588 0.00312166 -0.000679127 
r2 -0.00386997 -0.00301247 0.999988 -0.00178992 
r3 0 0 0 1 

Frame 8
r0 0.999347 -0.0353514 0.00751054 0.00626111 
r1 0.0353181 0.999366 0.00451392 -0.00255179 
r2 -0.00766528 -0.00424576 0.999961 -0.00149399 
r3 0 0 0 1 

Frame 9
r0 0.999281 -0.0356536 0.0129248 0.00563658 
r1 0.0355423 0.99933 0.00873548 -0.00392041 
r2 -0.0132276 -0.00826981 0.999878 -0.00198913 
r3 0 0 0 1 

Frame 10
r0 0.999232 -0.0347327 0.018132 0.0071683 
r1 0.0344811 0.999307 0.0139948 -0.00687183 
r2 -0.0186055 -0.0133589 0.999738 -0.00377842 
r3 0 0 0 1 

Frame 11
r0 0.999146 -0.0351576 0.0216878 0.00705437 
r1 0.0348442 0.999285 0.0146595 -0.00818947 
r2 -0.0221878 -0.0138911 0.999657 -0.0042833 
r3 0 0 0 1 

Frame 12
r0 0.999035 -0.0361222 0.0249848 0.00673022 
r1 0.0357626 0.999252 0.0146871 -0.00859328 
r2 -0.0254967 -0.0137793 0.99958 -0.00447594 
r3 0 0 0 1 

Frame 13
r0 0.998908 -0.037719 0.0275643 0.00582687 
r1 0.0372863 0.999176 0.0160497 -0.00892575 
r2 -0.028147 -0.0150044 0.999491 -0.00421672 
r3 0 0 0 1 

Frame 14
r0 0.998949 -0.0368531 0.0272469 0.0106013 
r1 0.0363076 0.999135 0.0202753 -0.00667581 
r2 -0.0279705 -0.0192648 0.999423 -0.00538455 
r3 0 0 0 1 

Frame 15
r0 0.998947 -0.0367879 0.0274134 0.010376 
r1 0.036236 0.999135 0.0203857 -0.00679053 
r2 -0.0281394 -0.0193707 0.999416 -0.00525476 
r3 0 0 0 1 

Frame 16
r0 0.998706 -0.0382696 0.0334786 0.0147585 
r1 0.0374805 0.999012 0.023879 -0.00666458 
r2 -0.0343596 -0.0225934 0.999154 -0.00521534 
r3 0 0 0 1 

Frame 17
r0 0.998389 -0.0412809 0.0389109 0.0156796 
r1 0.0402832 0.998848 0.0260853 -0.00609746 
r2 -0.0399431 -0.0244758 0.998902 -0.00496144 
r3 0 0 0 1 

Frame 18
r0 0.998274 -0.0451197 0.0375787 0.0170768 
r1 0.0441356 0.998671 0.0266118 -0.0058102 
r2 -0.0387297 -0.0249074 0.998939 -0.00511609 
r3 0 0 0 1 

Frame 19
r0 0.998311 -0.0483072 0.0322634 0.0169246 
r1 0.0475077 0.998555 0.0251005 -0.00552841 
r2 -0.0334299 -0.0235256 0.999165 -0.00531606 
r3 0 0 0 1 

Frame 20
r0 0.998244 -0.0517365 0.0288362 0.0179668 
r1 0.0510429 0.998401 0.0242907 -0.00719485 
r2 -0.0300469 -0.0227762 0.999289 -0.00394672 
r3 0 0 0 1 

Frame 21
r0 0.997943 -0.0553511 0.0323558 0.015894 
r1 0.0544744 0.99814 0.027383 -0.00875556 
r2 -0.0338112 -0.0255641 0.999101 -0.00413954 
r3 0 0 0 1 

Frame 22
r0 0.997503 -0.0585245 0.0395271 0.0185351 
r1 0.0572072 0.997795 0.0336686 -0.00910781 
r2 -0.0414103 -0.0313232 0.998651 -0.00386489 
r3 0 0 0 1 

Frame 23
r0 0.996982 -0.0648478 0.0426728 0.0242709 
r1 0.0632223 0.99726 0.0384042 -0.00639047 
r2 -0.0450467 -0.0355908 0.998351 -0.00441812 
r3 0 0 0 1 

Frame 24
r0 0.996538 -0.0742783 0.0373358 0.0291131 
r1 0.0729265 0.996675 0.0363523 -0.00270945 
r2 -0.0399117 -0.0335037 0.998641 -0.00572928 
r3 0 0 0 1 

Frame 25
r0 0.996127 -0.0809773 0.0342671 0.0288868 
r1 0.0798947 0.996293 0.0318805 -0.00638774 
r2 -0.0367217 -0.0290193 0.998904 -0.00298833 
r3 0 0 0 1 

Frame 26
r0 0.995545 -0.0853358 0.0400914 0.028883 
r1 0.0839714 0.995869 0.034562 -0.00814703 
r2 -0.0428751 -0.0310414 0.998598 0.000309913 
r3 0 0 0 1 

Frame 27
r0 0.99474 -0.090463 0.0480437 0.0327565 
r1 0.0884823 0.995197 0.0418727 -0.00463434 
r2 -0.0516009 -0.0374014 0.997967 0.000321277 
r3 0 0 0 1 

Frame 28
r0 0.994057 -0.0955328 0.0521876 0.0380107 
r1 0.0930724 0.994516 0.0477047 -0.00275745 
r2 -0.0564587 -0.042564 0.997497 0.00110183 
r3 0 0 0 1 

Frame 29
r0 0.993621 -0.100369 0.0514109 0.0433541 
r1 0.0978415 0.993969 0.0495247 -0.000205307 
r2 -0.0560716 -0.0441785 0.997449 0.00144588 
r3 0 0 0 1 

Frame 30
r0 0.992902 -0.108119 0.0495597 0.0456697 
r1 0.105773 0.993244 0.0477373 0.000433044 
r2 -0.0543861 -0.0421564 0.99763 0.00369169 
r3 0 0 0 1 

Frame 31
r0 0.99251 -0.11179 0.0492555 0.0447904 
r1 0.109402 0.992801 0.0487591 -0.00164543 
r2 -0.0543517 -0.0430052 0.997595 0.0063122 
r3 0 0 0 1 

Frame 32
r0 0.992466 -0.111313 0.0511978 0.0452159 
r1 0.108519 0.992602 0.0544485 -0.00250187 
r2 -0.0568798 -0.0484824 0.997203 0.00839585 
r3 0 0 0 1 

Frame 33
r0 0.992434 -0.110453 0.0536185 0.0510086 
r1 0.10718 0.992397 0.0605114 -0.000753957 
r2 -0.0598945 -0.0543068 0.996726 0.00771094 
r3 0 0 0 1 

Frame 34
r0 0.992037 -0.113675 0.054224 0.0545579 
r1 0.110293 0.991979 0.0617502 0.000322133 
r2 -0.0608086 -0.055278 0.996618 0.00826193 
r3 0 0 0 1 

Frame 35
r0 0.991441 -0.118194 0.0554482 0.0549096 
r1 0.114813 0.991534 0.0606491 0.00116107 
r2 -0.0621471 -0.0537638 0.996618 0.00887849 
r3 0 0 0 1 

Frame 36
r0 0.99127 -0.119656 0.0553669 0.0560248 
r1 0.116387 0.991455 0.058921 0.00288618 
r2 -0.061944 -0.0519627 0.996726 0.00884961 
r3 0 0 0 1 

Frame 37
r0 0.991427 -0.119885 0.051971 0.0567282 
r1 0.116972 0.991562 0.0558878 0.00445833 
r2 -0.0582325 -0.0493296 0.997083 0.00782347 
r3 0 0 0 1 

Frame 38
r0 0.99104 -0.122777 0.0525995 0.0543364 
r1 0.120224 0.991527 0.0492052 0.0033859 
r2 -0.058195 -0.0424405 0.997402 0.00745652 
r3 0 0 0 1 

Frame 39
r0 0.99105 -0.120385 0.0576834 0.0540011 
r1 0.117784 0.991948 0.0465546 -1.91508e-05 
r2 -0.0628236 -0.0393439 0.997249 0.00940761 
r3 0 0 0 1 

Frame 40
r0 0.990314 -0.121417 0.0673555 0.055744 
r1 0.118171 0.99172 0.0502687 0.00680044 
r2 -0.0729013 -0.0418225 0.996462 0.00709408 
r3 0 0 0 1 

Frame 41
r0 0.990367 -0.120745 0.0677727 0.0552369 
r1 0.117277 0.991683 0.0530195 0.00351562 
r2 -0.0736107 -0.0445605 0.996291 0.00879894 
r3 0 0 0 1 

Frame 42
r0 0.990086 -0.122921 0.0679678 0.0566699 
r1 0.119297 0.991332 0.0550373 0.00339278 
r2 -0.0741443 -0.0463833 0.996168 0.00836983 
r3 0 0 0 1 

Frame 43
r0 0.989892 -0.125194 0.0666368 0.0574203 
r1 0.121687 0.991081 0.054322 0.00362872 
r2 -0.0728428 -0.0456638 0.996297 0.00885121 
r3 0 0 0 1 

Frame 44
r0 0.989736 -0.125703 0.0679765 0.056815 
r1 0.122191 0.991059 0.0535821 0.00312986 
r2 -0.0741042 -0.0447259 0.996247 0.00945699 
r3 0 0 0 1 

Frame 45
r0 0.989179 -0.128554 0.0707104 0.0584739 
r1 0.124677 0.990572 0.0567692 0.00399079 
r2 -0.0773417 -0.0473389 0.99588 0.0104635 
r3 0 0 0 1 

Frame 46
r0 0.988614 -0.131733 0.072723 0.062581 
r1 0.127421 0.989967 0.0610702 0.00599963 
r2 -0.0800383 -0.0511085 0.995481 0.010835 
r3 0 0 0 1 

Frame 47
r0 0.988188 -0.135483 0.0716226 0.063478 
r1 0.131139 0.989409 0.0622347 0.0067604 
r2 -0.0792958 -0.052107 0.995488 0.0115154 
r3 0 0 0 1 

Frame 48
r0 0.988024 -0.137512 0.0699864 0.063231 
r1 0.133255 0.989125 0.0622512 0.00668551 
r2 -0.0777856 -0.0521797 0.995604 0.0111761 
r3 0 0 0 1 

Frame 49
r0 0.986549 -0.146757 0.0719966 0.0681005 
r1 0.142162 0.987688 0.0652802 0.00956447 
r2 -0.0806904 -0.0541669 0.995266 0.0102871 
r3 0 0 0 1 

Frame 50
r0 0.986413 -0.14667 0.0740124 0.0650585 
r1 0.141782 0.987595 0.0674806 0.0059623 
r2 -0.0829916 -0.0560701 0.994972 0.0113933 
r3 0 0 0 1 

Frame 51
r0 0.985922 -0.148062 0.0776809 0.0671599 
r1 0.142726 0.987264 0.0702742 0.00925098 
r2 -0.0870965 -0.0581978 0.994499 0.0103332 
r3 0 0 0 1 

Frame 52
r0 0.985233 -0.150907 0.0808953 0.067993 
r1 0.145229 0.986773 0.072029 0.0102815 
r2 -0.090695 -0.0592169 0.994116 0.0101693 
r3 0 0 0 1 

Frame 53
r0 0.985003 -0.150621 0.0841565 0.0725414 
r1 0.144595 0.986746 0.0736481 0.0137797 
r2 -0.0941341 -0.060375 0.993727 0.00981296 
r3 0 0 0 1 

Frame 54
r0 0.985004 -0.150022 0.0852108 0.0710521 
r1 0.143677 0.986679 0.0763015 0.0105847 
r2 -0.0955227 -0.0629145 0.993437 0.0124262 
r3 0 0 0 1 

Frame 55
r0 0.984666 -0.151499 0.0864909 0.0722904 
r1 0.144739 0.986251 0.0797451 0.0117965 
r2 -0.0973832 -0.0660038 0.993056 0.0131533 
r3 0 0 0 1 

Frame 56
r0 0.984659 -0.152144 0.0854326 0.0760246 
r1 0.14543 0.986129 0.0800003 0.0155975 
r2 -0.0964192 -0.0663486 0.993127 0.0130637 
r3 0 0 0 1 

Frame 57
r0 0.983947 -0.156683 0.0854302 0.0754916 
r1 0.149916 0.985407 0.0806126 0.0164018 
r2 -0.0968141 -0.0665111 0.993078 0.0139231 
r3 0 0 0 1 

Frame 58
r0 0.982574 -0.162415 0.0903845 0.0747628 
r1 0.154863 0.984261 0.0851288 0.0174501 
r2 -0.102788 -0.069648 0.992262 0.0115862 
r3 0 0 0 1 

Frame 59
r0 0.977918 -0.177552 0.110236 0.0778763 
r1 0.167735 0.981456 0.0927874 0.0195219 
r2 -0.124666 -0.072248 0.989565 0.0101597 
r3 0 0 0 1 

Frame 60
r0 0.97447 -0.18823 0.122386 0.0891693 
r1 0.177133 0.979487 0.096072 0.030701 
r2 -0.137959 -0.0719408 0.987822 0.00803333 
r3 0 0 0 1 

Frame 61
r0 0.973905 -0.193437 0.118704 0.0852618 
r1 0.183158 0.978748 0.0922289 0.0310772 
r2 -0.134022 -0.0680806 0.988637 0.00797929 
r3 0 0 0 1 

Frame 62
r0 0.973816 -0.194604 0.117527 0.0873057 
r1 0.184419 0.978516 0.0921711 0.0316151 
r2 -0.132939 -0.0680835 0.988783 0.00624189 
r3 0 0 0 1 

Frame 63
r0 0.973767 -0.194405 0.118256 0.0870788 
r1 0.18376 0.978351 0.0951936 0.0286992 
r2 -0.134202 -0.0709656 0.98841 0.00487752 
r3 0 0 0 1 

Frame 64
r0 0.973052 -0.195546 0.122193 0.0890356 
r1 0.184347 0.978046 0.0971735 0.0304224 
r2 -0.138512 -0.072029 0.987738 0.0030765 
r3 0 0 0 1 

Frame 65
r0 0.972857 -0.196648 0.12198 0.0909783 
r1 0.185887 0.978046 0.0941902 0.0330852 
r2 -0.137825 -0.068959 0.988053 0.000951139 
r3 0 0 0 1 

Frame 66
r0 0.971795 -0.201434 0.122632 0.0885681 
r1 0.191565 0.977557 0.0876691 0.0314412 
r2 -0.13754 -0.0617044 0.988572 -0.000217261 
r3 0 0 0 1 

Frame 67
r0 0.971786 -0.202761 0.120503 0.0919275 
r1 0.193377 0.977422 0.0851585 0.0352292 
r2 -0.135049 -0.0594533 0.989054 -0.00236293 
r3 0 0 0 1 

Frame 68
r0 0.97091 -0.207608 0.119298 0.0907574 
r1 0.198381 0.976455 0.0847395 0.0347804 
r2 -0.134081 -0.0586079 0.989236 -0.00422897 
r3 0 0 0 1 

Frame 69
r0 0.970719 -0.20854 0.119233 0.090171 
r1 0.198968 0.976106 0.0873483 0.0321733 
r2 -0.134599 -0.0610671 0.989017 -0.00676617 
r3 0 0 0 1 

Frame 70
r0 0.970473 -0.207951 0.122223 0.0918964 
r1 0.197933 0.976149 0.0891961 0.0319109 
r2 -0.137856 -0.0623705 0.988486 -0.00918239 
r3 0 0 0 1 

Frame 71
r0 0.969542 -0.208118 0.129136 0.0942606 
r1 0.197599 0.976174 0.0896569 0.0327143 
r2 -0.144719 -0.0614088 0.987565 -0.00980601 
r3 0 0 0 1 

Frame 72
r0 0.968717 -0.208659 0.134349 0.0950638 
r1 0.197819 0.976128 0.0896713 0.0359733 
r2 -0.149852 -0.0602894 0.986869 -0.0101722 
r3 0 0 0 1 

Frame 73
r0 0.967742 -0.213274 0.134125 0.0974083 
r1 0.202368 0.975125 0.0904303 0.0356995 
r2 -0.150075 -0.0603705 0.98683 -0.010001 
r3 0 0 0 1 

Frame 74
r0 0.967664 -0.214056 0.133444 0.0987913 
r1 0.203549 0.975092 0.0881061 0.0387212 
r2 -0.14898 -0.0580947 0.987132 -0.0130476 
r3 0 0 0 1 

Frame 75
r0 0.966978 -0.215872 0.135473 0.101098 
r1 0.205563 0.974847 0.08612 0.0378711 
r2 -0.150657 -0.055428 0.987031 -0.0135351 
r3 0 0 0 1 

Frame 76
r0 0.966416 -0.216403 0.138599 0.100509 
r1 0.205974 0.974789 0.085794 0.0402344 
r2 -0.153671 -0.0543649 0.986625 -0.0134293 
r3 0 0 0 1 

Frame 77
r0 0.964078 -0.224805 0.141481 0.100966 
r1 0.213583 0.972747 0.0902483 0.0471448 
r2 -0.157913 -0.0567885 0.985819 -0.0142868 
r3 0 0 0 1 

Frame 78
r0 0.96427 -0.225626 0.138838 0.105037 
r1 0.214049 0.972336 0.0935131 0.0434096 
r2 -0.156096 -0.0604537 0.98589 -0.0121863 
r3 0 0 0 1 

Frame 79
r0 0.963836 -0.230172 0.134317 0.107221 
r1 0.218591 0.971123 0.0955941 0.045057 
r2 -0.152442 -0.0627765 0.986316 -0.0120797 
r3 0 0 0 1 

Frame 80
r0 0.963003 -0.236031 0.13006 0.107759 
r1 0.22458 0.969633 0.0968232 0.0448678 
r2 -0.148964 -0.0640322 0.986767 -0.0122755 
r3 0 0 0 1 

Frame 81
r0 0.961964 -0.24115 0.128342 0.108949 
r1 0.229279 0.968148 0.1006 0.0442784 
r2 -0.148514 -0.0673478 0.986615 -0.0129766 
r3 0 0 0 1 

Frame 82
r0 0.961211 -0.24398 0.128635 0.111672 
r1 0.231747 0.96731 0.102975 0.0459596 
r2 -0.149554 -0.0691701 0.986331 -0.013131 
r3 0 0 0 1 

Frame 83
r0 0.960643 -0.246405 0.128254 0.115251 
r1 0.233976 0.966605 0.104548 0.0490642 
r2 -0.149732 -0.0704252 0.986215 -0.0139217 
r3 0 0 0 1 

Frame 84
r0 0.959349 -0.251597 0.127861 0.118206 
r1 0.239103 0.96526 0.105374 0.049803 
r2 -0.14993 -0.0705183 0.986179 -0.0138619 
r3 0 0 0 1 

Frame 85
r0 0.956931 -0.259834 0.129498 0.118861 
r1 0.246834 0.962995 0.108231 0.0508275 
r2 -0.152828 -0.0716049 0.985655 -0.0142328 
r3 0 0 0 1 

Frame 86
r0 0.954692 -0.267815 0.129765 0.121109 
r1 0.254368 0.960682 0.111294 0.0540881 
r2 -0.15447 -0.0732433 0.985279 -0.0141448 
r3 0 0 0 1 

Frame 87
r0 0.953036 -0.274738 0.127445 0.12409 
r1 0.261335 0.958681 0.112402 0.0581545 
r2 -0.15306 -0.073817 0.985456 -0.0142569 
r3 0 0 0 1 

Frame 88
r0 0.95107 -0.283943 0.121829 0.127241 
r1 0.270994 0.955981 0.112532 0.0616672 
r2 -0.148418 -0.0740108 0.986151 -0.0147198 
r3 0 0 0 1 

Frame 89
r0 0.948871 -0.293185 0.116986 0.128047 
r1 0.280414 0.953072 0.114112 0.0614116 
r2 -0.144952 -0.0754728 0.986556 -0.0161555 
r3 0 0 0 1 

Frame 90
r0 0.947601 -0.297864 0.115456 0.129793 
r1 0.284607 0.951308 0.118371 0.057813 
r2 -0.145093 -0.0793092 0.986234 -0.0173469 
r3 0 0 0 1 

Frame 91
r0 0.946504 -0.300994 0.116331 0.132908 
r1 0.287418 0.950242 0.120128 0.0603769 
r2 -0.146701 -0.0802659 0.985919 -0.0191792 
r3 0 0 0 1 

Frame 92
r0 0.944572 -0.305995 0.118954 0.137907 
r1 0.292131 0.948723 0.120768 0.0601237 
r2 -0.149809 -0.0793235 0.985528 -0.0202428 
r3 0 0 0 1 

Frame 93
r0 0.944303 -0.306575 0.119599 0.136795 
r1 0.293065 0.948768 0.118116 0.0627204 
r2 -0.149683 -0.0764868 0.985771 -0.0231945 
r3 0 0 0 1 

Frame 94
r0 0.942131 -0.311306 0.124408 0.138946 
r1 0.297714 0.947528 0.116435 0.064887 
r2 -0.154127 -0.072659 0.985376 -0.0250341 
r3 0 0 0 1 

Frame 95
r0 0.940037 -0.316091 0.128126 0.140873 
r1 0.3023 0.946109 0.116158 0.0663362 
r2 -0.157938 -0.0704601 0.984932 -0.0259718 
r3 0 0 0 1 

Frame 96
r0 0.938102 -0.321225 0.129534 0.142095 
r1 0.30746 0.944515 0.11559 0.0686854 
r2 -0.159477 -0.0686088 0.984815 -0.0272073 
r3 0 0 0 1 

Frame 97
r0 0.93677 -0.324775 0.130316 0.143817 
r1 0.31085 0.943306 0.11639 0.0678312 
r2 -0.160728 -0.0685221 0.984617 -0.0282127 
r3 0 0 0 1 

Frame 98
r0 0.93446 -0.329679 0.134523 0.145866 
r1 0.314887 0.941509 0.120028 0.0662599 
r2 -0.166225 -0.0698021 0.983614 -0.0277486 
r3 0 0 0 1 

Frame 99
r0 0.930057 -0.340529 0.137961 0.150874 
r1 0.325127 0.937682 0.122653 0.073414 
r2 -0.171131 -0.0692195 0.982814 -0.0293955 
r3 0 0 0 1 

Frame 100
r0 0.928532 -0.345426 0.136052 0.154682 
r1 0.33008 0.935861 0.123336 0.0734171 
r2 -0.169929 -0.0696136 0.982994 -0.0298012 
r3 0 0 0 1 

Frame 101
r0 0.925684 -0.351721 0.139291 0.158234 
r1 0.335854 0.933544 0.125293 0.0742575 
r2 -0.174102 -0.0692001 0.982293 -0.0298786 
r3 0 0 0 1 

Frame 102
r0 0.923153 -0.357624 0.141045 0.161646 
r1 0.34165 0.931411 0.125494 0.0770513 
r2 -0.17625 -0.0676622 0.982017 -0.0291728 
r3 0 0 0 1 

Frame 103
r0 0.921859 -0.360072 0.143263 0.165134 
r1 0.343573 0.930409 0.127655 0.0740836 
r2 -0.179258 -0.0684582 0.981418 -0.02932 
r3 0 0 0 1 

Frame 104
r0 0.9213 -0.358838 0.149807 0.168834 
r1 0.341817 0.931016 0.12795 0.0746958 
r2 -0.185386 -0.0666742 0.980401 -0.0294035 
r3 0 0 0 1 

Frame 105
r0 0.919335 -0.360467 0.157758 0.171068 
r1 0.342739 0.930543 0.128917 0.0754605 
r2 -0.193271 -0.0644485 0.979026 -0.0292601 
r3 0 0 0 1 

Frame 106
r0 0.916664 -0.363967 0.16509 0.174551 
r1 0.345528 0.929321 0.130285 0.0780653 
r2 -0.200841 -0.0623842 0.977635 -0.0281383 
r3 0 0 0 1 

Frame 107
r0 0.914052 -0.36969 0.166848 0.178558 
r1 0.350954 0.927105 0.13156 0.0819487 
r2 -0.203322 -0.0616965 0.977166 -0.0277332 
r3 0 0 0 1 

Frame 108
r0 0.912364 -0.3748 0.164674 0.182074 
r1 0.355858 0.924944 0.133582 0.0818915 
r2 -0.202381 -0.0632751 0.977261 -0.0267957 
r3 0 0 0 1 

Frame 109
r0 0.910609 -0.379411 0.163823 0.18447 
r1 0.359819 0.922866 0.13729 0.0806402 
r2 -0.203276 -0.0660707 0.97689 -0.0272339 
r3 0 0 0 1 

Frame 110
r0 0.907567 -0.384739 0.168223 0.187323 
r1 0.364015 0.920574 0.141553 0.0814625 
r2 -0.209322 -0.0672329 0.975533 -0.0267712 
r3 0 0 0 1 

Frame 111
r0 0.904979 -0.389044 0.172214 0.191209 
r1 0.367439 0.918736 0.144611 0.0841112 
r2 -0.214479 -0.0675915 0.974387 -0.0272788 
r3 0 0 0 1 

Frame 112
r0 0.903203 -0.392965 0.172635 0.194864 
r1 0.371221 0.917093 0.145382 0.0876381 
r2 -0.215453 -0.0672239 0.974198 -0.0272267 
r3 0 0 0 1 

Frame 113
r0 0.902344 -0.395298 0.171801 0.199148 
r1 0.373236 0.915977 0.147245 0.0867863 
r2 -0.215572 -0.0687435 0.974065 -0.0285258 
r3 0 0 0 1 

Frame 114
r0 0.900213 -0.398512 0.175512 0.202093 
r1 0.375687 0.914578 0.149685 0.085857 
r2 -0.220171 -0.0688108 0.973031 -0.0297572 
r3 0 0 0 1 

Frame 115
r0 0.897166 -0.402929 0.180946 0.203993 
r1 0.379566 0.912811 0.150683 0.0891127 
r2 -0.225884 -0.066507 0.971881 -0.0303426 
r3 0 0 0 1 

Frame 116
r0 0.893944 -0.408013 0.185444 0.206266 
r1 0.383764 0.910583 0.153501 0.0899288 
r2 -0.231493 -0.0660548 0.970592 -0.0314055 
r3 0 0 0 1 

Frame 117
r0 0.887488 -0.418634 0.19264 0.213643 
r1 0.392938 0.905842 0.15827 0.0944504 
r2 -0.240759 -0.064767 0.968422 -0.0320792 
r3 0 0 0 1 

Frame 118
r0 0.887031 -0.419905 0.191978 0.21518 
r1 0.394506 0.90532 0.157356 0.0960233 
r2 -0.239876 -0.0638434 0.968702 -0.0339599 
r3 0 0 0 1 

Frame 119
r0 0.882165 -0.428236 0.195956 0.220725 
r1 0.402605 0.901643 0.157955 0.0980558 
r2 -0.244325 -0.0604494 0.967807 -0.0353345 
r3 0 0 0 1 

Frame 120
r0 0.882057 -0.427879 0.197219 0.218423 
r1 0.401996 0.901801 0.158598 0.0961779 
r2 -0.245713 -0.0606116 0.967446 -0.0344276 
r3 0 0 0 1 

Frame 121
r0 0.878698 -0.432696 0.201652 0.220719 
r1 0.40583 0.899521 0.161751 0.100517 
r2 -0.251379 -0.0602939 0.966009 -0.0348573 
r3 0 0 0 1 

Frame 122
r0 0.8761 -0.437261 0.203105 0.224592 
r1 0.409822 0.897301 0.164002 0.104171 
r2 -0.253958 -0.0604449 0.965325 -0.0361027 
r3 0 0 0 1 

Frame 123
r0 0.873189 -0.442685 0.203888 0.228155 
r1 0.415284 0.894755 0.164173 0.106138 
r2 -0.255107 -0.0586831 0.965131 -0.0365066 
r3 0 0 0 1 

Frame 124
r0 0.867843 -0.451048 0.208335 0.233575 
r1 0.42301 0.890726 0.16634 0.110971 
r2 -0.260597 -0.0562295 0.963809 -0.0384015 
r3 0 0 0 1 

Frame 125
r0 0.867375 -0.451837 0.208575 0.234177 
r1 0.423543 0.890291 0.167309 0.109858 
r2 -0.261289 -0.0567795 0.963589 -0.0375784 
r3 0 0 0 1 

Frame 126
r0 0.865488 -0.45498 0.209581 0.236689 
r1 0.426218 0.888673 0.169108 0.112694 
r2 -0.26319 -0.0570338 0.963057 -0.0382179 
r3 0 0 0 1 

Frame 127
r0 0.862715 -0.459486 0.211174 0.238688 
r1 0.430418 0.886415 0.17032 0.114843 
r2 -0.265447 -0.0560451 0.962495 -0.0383705 
r3 0 0 0 1 

Frame 128
r0 0.859949 -0.463713 0.213206 0.240472 
r1 0.43436 0.884293 0.171341 0.117304 
r2 -0.26799 -0.054736 0.961866 -0.0387194 
r3 0 0 0 1 

Frame 129
r0 0.857474 -0.467396 0.215123 0.242728 
r1 0.437247 0.882318 0.174154 0.117841 
r2 -0.271206 -0.0552711 0.960933 -0.0394076 
r3 0 0 0 1 

Frame 130
r0 0.854959 -0.471014 0.217234 0.245128 
r1 0.440249 0.880406 0.176257 0.120571 
r2 -0.274274 -0.0550557 0.960074 -0.0394394 
r3 0 0 0 1 

Frame 131
r0 0.853669 -0.473497 0.21691 0.247866 
r1 0.4423 0.879007 0.178093 0.122442 
r2 -0.274992 -0.0560934 0.959809 -0.0400509 
r3 0 0 0 1 

Frame 132
r0 0.851656 -0.477231 0.216639 0.250946 
r1 0.446127 0.877048 0.178209 0.12462 
r2 -0.275049 -0.0551236 0.959848 -0.0404121 
r3 0 0 0 1 

Frame 133
r0 0.846924 -0.484321 0.219436 0.254355 
r1 0.453615 0.873438 0.17703 0.125826 
r2 -0.277403 -0.0503919 0.959431 -0.041078 
r3 0 0 0 1 

Frame 134
r0 0.84637 -0.484875 0.22035 0.254122 
r1 0.453954 0.873134 0.17766 0.124764 
r2 -0.278538 -0.050337 0.959105 -0.0404692 
r3 0 0 0 1 

Frame 135
r0 0.843293 -0.488966 0.22309 0.255093 
r1 0.457283 0.870871 0.180211 0.128337 
r2 -0.282399 -0.0499557 0.957995 -0.0411144 
r3 0 0 0 1 

Frame 136
r0 0.84007 -0.49398 0.224202 0.257814 
r1 0.461982 0.868091 0.181631 0.130823 
r2 -0.28435 -0.0490056 0.957467 -0.0416407 
r3 0 0 0 1 

Frame 137
r0 0.836583 -0.499176 0.225727 0.260591 
r1 0.466989 0.865207 0.182589 0.132233 
r2 -0.286445 -0.0473386 0.956927 -0.0423511 
r3 0 0 0 1 

Frame 138
r0 0.832943 -0.503872 0.22873 0.261349 
r1 0.471177 0.862565 0.184319 0.13235 
r2 -0.290168 -0.0457551 0.955881 -0.0428425 
r3 0 0 0 1 

Frame 139
r0 0.824278 -0.514525 0.236283 0.266342 
r1 0.480146 0.856393 0.189869 0.140287 
r2 -0.300044 -0.0430547 0.952953 -0.0451934 
r3 0 0 0 1 

Frame 140
r0 0.823431 -0.515588 0.236919 0.266001 
r1 0.480723 0.855719 0.191442 0.139121 
r2 -0.301442 -0.0437466 0.952481 -0.04407 
r3 0 0 0 1 

Frame 141
r0 0.821186 -0.519374 0.236442 0.269171 
r1 0.483887 0.853369 0.193945 0.140243 
r2 -0.302502 -0.0448538 0.952093 -0.0441981 
r3 0 0 0 1 

Frame 142
r0 0.818669 -0.523158 0.236826 0.270552 
r1 0.48748 0.851091 0.194954 0.142216 
r2 -0.303552 -0.0441543 0.951791 -0.0438709 
r3 0 0 0 1 

Frame 143
r0 0.816423 -0.526655 0.236829 0.273563 
r1 0.490459 0.848904 0.197009 0.143297 
r2 -0.304801 -0.0446876 0.951367 -0.0442782 
r3 0 0 0 1 

Frame 144
r0 0.813113 -0.530599 0.239399 0.275836 
r1 0.493228 0.846419 0.20075 0.144483 
r2 -0.30915 -0.0451542 0.94994 -0.0441336 
r3 0 0 0 1 

Frame 145
r0 0.810165 -0.534695 0.24028 0.278318 
r1 0.496915 0.843869 0.202387 0.147318 
r2 -0.31098 -0.0445679 0.949371 -0.0437564 
r3 0 0 0 1 

Frame 146
r0 0.807835 -0.538185 0.240332 0.281222 
r1 0.499894 0.841627 0.204379 0.148021 
r2 -0.312264 -0.0449639 0.948931 -0.0440732 
r3 0 0 0 1 

Frame 147
r0 0.803631 -0.542795 0.24403 0.282412 
r1 0.503238 0.838683 0.208235 0.14893 
r2 -0.317693 -0.0445388 0.947147 -0.0435362 
r3 0 0 0 1 

Frame 148
r0 0.799236 -0.548157 0.246468 0.28578 
r1 0.50735 0.835185 0.212278 0.152082 
r2 -0.322208 -0.0446149 0.945617 -0.0436294 
r3 0 0 0 1 

Frame 149
r0 0.796827 -0.551626 0.246527 0.288993 
r1 0.510153 0.832861 0.214677 0.153452 
r2 -0.323744 -0.0452944 0.94506 -0.0429546 
r3 0 0 0 1 

Frame 150
r0 0.793586 -0.555884 0.247417 0.290791 
r1 0.513476 0.829996 0.217827 0.154444 
r2 -0.326442 -0.0458223 0.944106 -0.0423428 
r3 0 0 0 1 

Frame 151
r0 0.790361 -0.559605 0.249344 0.29285 
r1 0.516081 0.827472 0.22125 0.156672 
r2 -0.330137 -0.0461862 0.942802 -0.041463 
r3 0 0 0 1 

Frame 152
r0 0.787417 -0.563785 0.249241 0.295959 
r1 0.519447 0.824582 0.224144 0.158469 
r2 -0.331888 -0.0470275 0.942146 -0.0404054 
r3 0 0 0 1 

Frame 153
r0 0.785153 -0.567098 0.248868 0.29758 
r1 0.52163 0.822188 0.227838 0.158699 
r2 -0.333822 -0.0490705 0.941358 -0.0400433 
r3 0 0 0 1 

Frame 154
r0 0.77883 -0.575742 0.248888 0.299947 
r1 0.528774 0.816101 0.233189 0.16292 
r2 -0.337375 -0.0500089 0.940041 -0.0399462 
r3 0 0 0 1 

Frame 155
r0 0.778178 -0.576671 0.248776 0.300851 
r1 0.529118 0.81537 0.234957 0.16146 
r2 -0.338338 -0.0512067 0.939631 -0.0391425 
r3 0 0 0 1 

Frame 156
r0 0.775005 -0.580731 0.249237 0.302313 
r1 0.532357 0.812463 0.237697 0.159809 
r2 -0.340534 -0.0515329 0.938819 -0.0384675 
r3 0 0 0 1 

Frame 157
r0 0.772901 -0.582097 0.252561 0.302507 
r1 0.53243 0.811473 0.240893 0.159594 
r2 -0.34517 -0.0517155 0.937114 -0.0387912 
r3 0 0 0 1 

Frame 158
r0 0.770511 -0.584153 0.255104 0.304813 
r1 0.533339 0.809986 0.243867 0.161705 
r2 -0.349086 -0.0518451 0.935655 -0.0391852 
r3 0 0 0 1 

Frame 159
r0 0.769355 -0.584986 0.25668 0.306907 
r1 0.533434 0.809368 0.245708 0.16337 
r2 -0.351484 -0.0521152 0.934742 -0.0393353 
r3 0 0 0 1 

Frame 160
r0 0.76698 -0.58737 0.258337 0.307815 
r1 0.535489 0.80772 0.246658 0.163813 
r2 -0.353543 -0.050845 0.934035 -0.0389323 
r3 0 0 0 1 

Frame 161
r0 0.763859 -0.590399 0.260669 0.30844 
r1 0.537439 0.805528 0.249568 0.16348 
r2 -0.357321 -0.0505412 0.932613 -0.0386867 
r3 0 0 0 1 

Frame 162
r0 0.761347 -0.593191 0.261676 0.310724 
r1 0.539373 0.80346 0.252047 0.165099 
r2 -0.359758 -0.0507548 0.931664 -0.0384675 
r3 0 0 0 1 

Frame 163
r0 0.757314 -0.598226 0.261919 0.315027 
r1 0.54333 0.79969 0.255516 0.166877 
r2 -0.36231 -0.0511978 0.93065 -0.0379194 
r3 0 0 0 1 

Frame 164
r0 0.756937 -0.599071 0.261074 0.315844 
r1 0.544325 0.799057 0.255379 0.165891 
r2 -0.361604 -0.0511969 0.930925 -0.0383312 
r3 0 0 0 1 

Frame 165
r0 0.755294 -0.600613 0.26229 0.317843 
r1 0.545661 0.797963 0.255946 0.166916 
r2 -0.363022 -0.0501932 0.930427 -0.0384692 
r3 0 0 0 1 

Frame 166
r0 0.75152 -0.604831 0.263432 0.320526 
r1 0.549151 0.794818 0.258257 0.170193 
r2 -0.365583 -0.0494212 0.929466 -0.0386906 
r3 0 0 0 1 

Frame 167
r0 0.749046 -0.607974 0.263243 0.323097 
r1 0.551829 0.792417 0.259925 0.172228 
r2 -0.366625 -0.0494308 0.929055 -0.0392053 
r3 0 0 0 1 

Frame 168
r0 0.745541 -0.612319 0.263121 0.325138 
r1 0.556267 0.789168 0.260348 0.173486 
r2 -0.367063 -0.0477346 0.92897 -0.0393692 
r3 0 0 0 1 

Frame 169
r0 0.739592 -0.618702 0.264976 0.32852 
r1 0.562445 0.784369 0.261575 0.177152 
r2 -0.369676 -0.0444246 0.928098 -0.0403743 
r3 0 0 0 1 

Frame 170
r0 0.738742 -0.619739 0.264923 0.329525 
r1 0.563261 0.783543 0.262294 0.176764 
r2 -0.370133 -0.0445472 0.92791 -0.0397586 
r3 0 0 0 1 

Frame 171
r0 0.736576 -0.622407 0.264699 0.331392 
r1 0.565284 0.781394 0.264343 0.177841 
r2 -0.371363 -0.0450788 0.927393 -0.0404034 
r3 0 0 0 1 

Frame 172
r0 0.731991 -0.628516 0.262977 0.336463 
r1 0.571305 0.776537 0.265708 0.179713 
r2 -0.371213 -0.0442559 0.927493 -0.0420804 
r3 0 0 0 1 

Frame 173
r0 0.730877 -0.628903 0.265142 0.333336 
r1 0.570894 0.776231 0.267479 0.176607 
r2 -0.37403 -0.0441263 0.926366 -0.0413406 
r3 0 0 0 1 

Frame 174
r0 0.72674 -0.631299 0.270759 0.334732 
r1 0.571129 0.774326 0.272452 0.179207 
r2 -0.381654 -0.0433636 0.923287 -0.0424433 
r3 0 0 0 1 

Frame 175
r0 0.720372 -0.637834 0.272455 0.339903 
r1 0.577202 0.769113 0.274413 0.184199 
r2 -0.384579 -0.0404179 0.922207 -0.042631 
r3 0 0 0 1 

Frame 176
r0 0.720048 -0.638349 0.272105 0.340884 
r1 0.578235 0.768736 0.273294 0.186254 
r2 -0.383634 -0.0394443 0.922643 -0.0441977 
r3 0 0 0 1 

Frame 177
r0 0.717324 -0.640925 0.273241 0.340818 
r1 0.580482 0.766652 0.274383 0.185341 
r2 -0.38534 -0.0382097 0.921983 -0.044908 
r3 0 0 0 1 

Frame 178
r0 0.713892 -0.643605 0.275918 0.342917 
r1 0.582732 0.764513 0.275579 0.186896 
r2 -0.388307 -0.0359475 0.920829 -0.0457188 
r3 0 0 0 1 

Frame 179
r0 0.711046 -0.645714 0.278329 0.345037 
r1 0.584323 0.76281 0.276927 0.188595 
r2 -0.391127 -0.0342737 0.919698 -0.0461766 
r3 0 0 0 1 

Frame 180
r0 0.707176 -0.64913 0.280236 0.346185 
r1 0.586564 0.759931 0.280086 0.188566 
r2 -0.394772 -0.033694 0.918161 -0.0465949 
r3 0 0 0 1 

Frame 181
r0 0.704955 -0.65098 0.281538 0.347837 
r1 0.587299 0.75833 0.28287 0.1892 
r2 -0.397641 -0.0340638 0.916908 -0.0467534 
r3 0 0 0 1 

Frame 182
r0 0.702787 -0.652698 0.282978 0.350569 
r1 0.58824 0.756868 0.284823 0.190377 
r2 -0.40008 -0.033711 0.91586 -0.0476281 
r3 0 0 0 1 

Frame 183
r0 0.700163 -0.654683 0.284889 0.352471 
r1 0.589391 0.755184 0.286906 0.191427 
r2 -0.402976 -0.0329707 0.914616 -0.0475939 
r3 0 0 0 1 

Frame 184
r0 0.696121 -0.658759 0.285398 0.354279 
r1 0.592675 0.75166 0.289386 0.195928 
r2 -0.405158 -0.0322993 0.913676 -0.0473783 
r3 0 0 0 1 

Frame 185
r0 0.696231 -0.659313 0.283845 0.356672 
r1 0.593298 0.751138 0.289462 0.197511 
r2 -0.404053 -0.0331281 0.914136 -0.0468445 
r3 0 0 0 1 

Frame 186
r0 0.694 -0.662995 0.280718 0.358444 
r1 0.596642 0.747825 0.291163 0.194942 
r2 -0.402967 -0.034579 0.914561 -0.0457101 
r3 0 0 0 1 

Frame 187
r0 0.689195 -0.666957 0.283158 0.362538 
r1 0.598924 0.744319 0.295429 0.199981 
r2 -0.407799 -0.0340178 0.912438 -0.0473041 
r3 0 0 0 1 

Frame 188
r0 0.688541 -0.667457 0.283573 0.362351 
r1 0.598937 0.743855 0.296569 0.198772 
r2 -0.408884 -0.0343572 0.911939 -0.0459304 
r3 0 0 0 1 

Frame 189
r0 0.684761 -0.671147 0.284014 0.363672 
r1 0.601911 0.74056 0.298787 0.201157 
r2 -0.410859 -0.033646 0.911078 -0.045396 
r3 0 0 0 1 

Frame 190
r0 0.682399 -0.67377 0.283491 0.366206 
r1 0.603854 0.738155 0.300812 0.203065 
r2 -0.411938 -0.0340867 0.910574 -0.0456289 
r3 0 0 0 1 

Frame 191
r0 0.681037 -0.675175 0.283421 0.367888 
r1 0.604617 0.736844 0.302489 0.203839 
r2 -0.41307 -0.0346453 0.91004 -0.0453687 
r3 0 0 0 1 

Frame 192
r0 0.679169 -0.676576 0.28456 0.369767 
r1 0.605235 0.735565 0.30436 0.206228 
r2 -0.415235 -0.0344857 0.90906 -0.0454617 
r3 0 0 0 1 

Frame 193
r0 0.673211 -0.682054 0.285637 0.37455 
r1 0.6092 0.730524 0.308562 0.211114 
r2 -0.41912 -0.0337174 0.907304 -0.0464773 
r3 0 0 0 1 

Frame 194
r0 0.671785 -0.683388 0.285807 0.374847 
r1 0.610144 0.72928 0.309636 0.210287 
r2 -0.420035 -0.0336243 0.906885 -0.0458602 
r3 0 0 0 1 

Frame 195
r0 0.667037 -0.687983 0.285904 0.378393 
r1 0.61399 0.724992 0.312095 0.212959 
r2 -0.421994 -0.0326369 0.906011 -0.0462723 
r3 0 0 0 1 

Frame 196
r0 0.666892 -0.687986 0.286236 0.376968 
r1 0.614149 0.725014 0.31173 0.213961 
r2 -0.421991 -0.0320991 0.906032 -0.0463391 
r3 0 0 0 1 

Frame 197
r0 0.663901 -0.690377 0.28743 0.379886 
r1 0.615654 0.722764 0.313979 0.215053 
r2 -0.424507 -0.0314935 0.904877 -0.0464482 
r3 0 0 0 1 

Frame 198
r0 0.660114 -0.693301 0.289107 0.380889 
r1 0.616862 0.719954 0.318035 0.216055 
r2 -0.428638 -0.0315999 0.902924 -0.0462946 
r3 0 0 0 1 

Frame 199
r0 0.653329 -0.699502 0.289585 0.383301 
r1 0.622095 0.714013 0.321222 0.220933 
r2 -0.431463 -0.0297141 0.901641 -0.0461575 
r3 0 0 0 1 

Frame 200
r0 0.652585 -0.700609 0.288583 0.384421 
r1 0.623556 0.712941 0.320771 0.221774 
r2 -0.430478 -0.0293829 0.902123 -0.0471641 
r3 0 0 0 1 

Frame 201
r0 0.650878 -0.702356 0.288191 0.385949 
r1 0.625417 0.711251 0.3209 0.22211 
r2 -0.430362 -0.0286272 0.902202 -0.0473948 
r3 0 0 0 1 

Frame 202
r0 0.648716 -0.703932 0.28922 0.388198 
r1 0.626822 0.709744 0.321493 0.224878 
r2 -0.431581 -0.0272686 0.901662 -0.0480835 
r3 0 0 0 1 

Frame 203
r0 0.645394 -0.706566 0.290226 0.388976 
r1 0.627788 0.707101 0.325408 0.226791 
r2 -0.435141 -0.0278156 0.899932 -0.0483512 
r3 0 0 0 1 

Frame 204
r0 0.642946 -0.70874 0.290359 0.391425 
r1 0.629052 0.704912 0.327708 0.229574 
r2 -0.436937 -0.0280475 0.899055 -0.0495656 
r3 0 0 0 1 

Frame 205
r0 0.640647 -0.710754 0.290517 0.393498 
r1 0.630752 0.702908 0.328744 0.23093 
r2 -0.437863 -0.0273648 0.898625 -0.0503297 
r3 0 0 0 1 

Frame 206
r0 0.637536 -0.712958 0.291956 0.393579 
r1 0.632831 0.700753 0.329348 0.23204 
r2 -0.4394 -0.0252123 0.897938 -0.0500849 
r3 0 0 0 1 

Frame 207
r0 0.632994 -0.715975 0.294445 0.393145 
r1 0.634911 0.697746 0.331721 0.232692 
r2 -0.442952 -0.0230311 0.896249 -0.050468 
r3 0 0 0 1 

Frame 208
r0 0.62818 -0.719264 0.296732 0.395781 
r1 0.636147 0.694371 0.336401 0.236099 
r2 -0.448003 -0.0225553 0.893747 -0.0521355 
r3 0 0 0 1 

Frame 209
r0 0.624388 -0.722066 0.297926 0.398425 
r1 0.637683 0.691475 0.339445 0.239865 
r2 -0.45111 -0.0219631 0.892198 -0.0526602 
r3 0 0 0 1 

Frame 210
r0 0.620937 -0.725096 0.297779 0.400183 
r1 0.640388 0.688331 0.34074 0.241767 
r2 -0.45204 -0.0208839 0.891753 -0.0539941 
r3 0 0 0 1 

Frame 211
r0 0.617838 -0.726894 0.299835 0.401694 
r1 0.640813 0.686452 0.343719 0.242588 
r2 -0.455669 -0.0202243 0.889919 -0.0545837 
r3 0 0 0 1 

Frame 212
r0 0.613189 -0.729786 0.302345 0.403149 
r1 0.641368 0.683385 0.348759 0.245529 
r2 -0.461137 -0.0199409 0.887105 -0.0559498 
r3 0 0 0 1 

Frame 213
r0 0.604505 -0.736203 0.304268 0.4042 
r1 0.643884 0.676459 0.357514 0.252414 
r2 -0.469028 -0.0202058 0.882952 -0.0572745 
r3 0 0 0 1 

Frame 214
r0 0.604031 -0.736991 0.303299 0.406023 
r1 0.645098 0.675609 0.356934 0.253555 
r2 -0.467968 -0.0199411 0.88352 -0.0578101 
r3 0 0 0 1 

Frame 215
r0 0.601789 -0.739037 0.302777 0.407273 
r1 0.647083 0.67339 0.357533 0.253954 
r2 -0.468117 -0.0192375 0.883457 -0.0580573 
r3 0 0 0 1 

Frame 216
r0 0.597056 -0.742651 0.303304 0.408099 
r1 0.65088 0.669479 0.357984 0.255581 
r2 -0.468913 -0.0163221 0.883094 -0.0585347 
r3 0 0 0 1 

Frame 217
r0 0.592544 -0.745778 0.304477 0.406669 
r1 0.651383 0.665975 0.363562 0.254098 
r2 -0.473911 -0.0170951 0.880407 -0.0582771 
r3 0 0 0 1 

Frame 218
r0 0.589579 -0.746985 0.307263 0.409 
r1 0.647003 0.664487 0.373957 0.259943 
r2 -0.483513 -0.0216775 0.875069 -0.0608848 
r3 0 0 0 1 

Frame 219
r0 0.58406 -0.750944 0.308151 0.413013 
r1 0.647874 0.659982 0.380373 0.267952 
r2 -0.489013 -0.0225177 0.871986 -0.0636127 
r3 0 0 0 1 

Frame 220
r0 0.579564 -0.754576 0.307766 0.414062 
r1 0.651022 0.655874 0.382099 0.269101 
r2 -0.490178 -0.0210884 0.871367 -0.0635147 
r3 0 0 0 1 

Frame 221
r0 0.575113 -0.757803 0.308188 0.414232 
r1 0.654581 0.652233 0.382251 0.268317 
r2 -0.490681 -0.0181034 0.871151 -0.0632583 
r3 0 0 0 1 

Frame 222
r0 0.572438 -0.75946 0.309087 0.416304 
r1 0.656233 0.650352 0.382623 0.272227 
r2 -0.491602 -0.016195 0.870669 -0.0660679 
r3 0 0 0 1 

Frame 223
r0 0.568187 -0.76217 0.31026 0.418751 
r1 0.659199 0.647247 0.382789 0.275697 
r2 -0.492565 -0.0129729 0.870179 -0.0677407 
r3 0 0 0 1 

Frame 224
r0 0.563495 -0.765032 0.31177 0.418961 
r1 0.663319 0.643943 0.381241 0.27694 
r2 -0.492424 -0.00802482 0.870319 -0.0680889 
r3 0 0 0 1 

Frame 225
r0 0.558331 -0.768291 0.313042 0.41936 
r1 0.66735 0.64009 0.380695 0.273886 
r2 -0.49286 -0.00364517 0.870101 -0.0665893 
r3 0 0 0 1 

Frame 226
r0 0.557614 -0.768524 0.313748 0.420823 
r1 0.666924 0.639811 0.381909 0.277219 
r2 -0.494245 -0.00371235 0.869314 -0.0695649 
r3 0 0 0 1 

Frame 227
r0 0.552942 -0.771541 0.31461 0.423628 
r1 0.667931 0.636171 0.386206 0.283512 
r2 -0.49812 -0.00341178 0.867102 -0.0715557 
r3 0 0 0 1 

Frame 228
r0 0.550018 -0.774065 0.313535 0.426096 
r1 0.670153 0.633099 0.387402 0.286106 
r2 -0.498373 -0.0029611 0.866958 -0.0721046 
r3 0 0 0 1 

Frame 229
r0 0.54703 -0.776525 0.312679 0.426362 
r1 0.673349 0.630086 0.386772 0.28428 
r2 -0.497352 -0.00103346 0.867548 -0.0701978 
r3 0 0 0 1 

Frame 230
r0 0.545807 -0.777184 0.313177 0.426582 
r1 0.674704 0.629273 0.385733 0.28362 
r2 -0.49686 0.000766096 0.867831 -0.069742 
r3 0 0 0 1 

Frame 231
r0 0.54451 -0.778031 0.313332 0.428013 
r1 0.673559 0.628225 0.389425 0.287225 
r2 -0.499827 -0.000998075 0.866124 -0.0716923 
r3 0 0 0 1 

Frame 232
r0 0.542283 -0.779516 0.313503 0.428764 
r1 0.673032 0.626378 0.393293 0.289087 
r2 -0.502949 -0.00227855 0.864313 -0.0719004 
r3 0 0 0 1 

Frame 233
r0 0.54052 -0.780768 0.313432 0.430303 
r1 0.673737 0.624818 0.394564 0.290293 
r2 -0.503901 -0.00209939 0.863759 -0.0729327 
r3 0 0 0 1 

Frame 234
r0 0.535627 -0.783375 0.315322 0.432919 
r1 0.675566 0.621549 0.396595 0.293693 
r2 -0.50667 0.000593549 0.86214 -0.0747057 
r3 0 0 0 1 

Frame 235
r0 0.535143 -0.783529 0.31576 0.432287 
r1 0.675243 0.621355 0.397448 0.291637 
r2 -0.507611 0.000522761 0.861586 -0.0735514 
r3 0 0 0 1 

Frame 236
r0 0.534121 -0.784054 0.316186 0.433565 
r1 0.67481 0.620692 0.399216 0.293685 
r2 -0.509261 0.000135779 0.860612 -0.0748116 
r3 0 0 0 1 

Frame 237
r0 0.530673 -0.78608 0.316961 0.434287 
r1 0.67632 0.618122 0.400645 0.295794 
r2 -0.510859 0.00175545 0.859663 -0.0752612 
r3 0 0 0 1 

Frame 238
r0 0.528316 -0.787751 0.316751 0.436068 
r1 0.677562 0.61599 0.401829 0.29735 
r2 -0.511656 0.00232567 0.859187 -0.076148 
r3 0 0 0 1 

Frame 239
r0 0.522808 -0.791038 0.317696 0.43659 
r1 0.67919 0.611755 0.405533 0.298662 
r2 -0.515144 0.00375987 0.857095 -0.0755896 
r3 0 0 0 1 

Frame 240
r0 0.521309 -0.7923 0.317015 0.43731 
r1 0.677332 0.610132 0.411047 0.302835 
r2 -0.519093 0.000441694 0.854718 -0.0763426 
r3 0 0 0 1 

Frame 241
r0 0.516937 -0.79535 0.316535 0.438279 
r1 0.678196 0.60615 0.41549 0.305389 
r2 -0.522328 -0.0001092 0.852745 -0.0771384 
r3 0 0 0 1 

Frame 242
r0 0.512546 -0.797945 0.317143 0.439803 
r1 0.681103 0.602723 0.41572 0.308051 
r2 -0.522872 0.00293149 0.852406 -0.0785618 
r3 0 0 0 1 

Frame 243
r0 0.510566 -0.798989 0.317709 0.438902 
r1 0.681059 0.601338 0.417793 0.305188 
r2 -0.524862 0.00306781 0.851181 -0.0776062 
r3 0 0 0 1 

Frame 244
r0 0.509767 -0.799137 0.318618 0.440584 
r1 0.679892 0.601143 0.419969 0.308142 
r2 -0.527148 0.00253933 0.84977 -0.0799763 
r3 0 0 0 1 

Frame 245
r0 0.506931 -0.800608 0.319449 0.442459 
r1 0.680359 0.599179 0.422013 0.310446 
r2 -0.529274 0.00340848 0.848444 -0.081317 
r3 0 0 0 1 

Frame 246
r0 0.503504 -0.802145 0.32101 0.444833 
r1 0.682303 0.597093 0.421833 0.311438 
r2 -0.530044 0.00663172 0.847944 -0.0820976 
r3 0 0 0 1 

Frame 247
r0 0.501654 -0.802845 0.322155 0.442912 
r1 0.682706 0.596135 0.422534 0.310111 
r2 -0.531277 0.0079713 0.847161 -0.081939 
r3 0 0 0 1 

Frame 248
r0 0.501171 -0.802573 0.32358 0.443902 
r1 0.683278 0.59647 0.421135 0.314572 
r2 -0.530997 0.0100344 0.847314 -0.083843 
r3 0 0 0 1 

Frame 249
r0 0.498455 -0.804441 0.323136 0.444875 
r1 0.684502 0.59394 0.422721 0.316914 
r2 -0.531978 0.0104795 0.846694 -0.0847487 
r3 0 0 0 1 

Frame 250
r0 0.494107 -0.807033 0.32335 0.445303 
r1 0.685725 0.590396 0.425692 0.319327 
r2 -0.534452 0.0113917 0.845122 -0.0862681 
r3 0 0 0 1 

Frame 251
r0 0.492841 -0.807721 0.323565 0.445188 
r1 0.686048 0.589447 0.426486 0.319296 
r2 -0.535206 0.0117907 0.844639 -0.0858688 
r3 0 0 0 1 

Frame 252
r0 0.486227 -0.811767 0.323445 0.446097 
r1 0.687344 0.583853 0.432058 0.322942 
r2 -0.539575 0.01224 0.841848 -0.0873543 
r3 0 0 0 1 

Frame 253
r0 0.484699 -0.812868 0.322975 0.446195 
r1 0.689197 0.582289 0.431216 0.324144 
r2 -0.538586 0.0135833 0.842461 -0.0876392 
r3 0 0 0 1 

Frame 254
r0 0.483699 -0.813577 0.322688 0.44707 
r1 0.689938 0.581289 0.43138 0.326867 
r2 -0.538536 0.0139768 0.842487 -0.0898256 
r3 0 0 0 1 

Frame 255
r0 0.476657 -0.816901 0.324764 0.445786 
r1 0.691889 0.576512 0.434652 0.329426 
r2 -0.542298 0.0175205 0.840004 -0.0916141 
r3 0 0 0 1 

Frame 256
r0 0.469597 -0.820098 0.326982 0.447661 
r1 0.694288 0.571808 0.437036 0.334862 
r2 -0.545383 0.0217889 0.837904 -0.0941268 
r3 0 0 0 1 

Frame 257
r0 0.461667 -0.824015 0.328426 0.447287 
r1 0.696936 0.565991 0.44038 0.337011 
r2 -0.548766 0.025583 0.835584 -0.09499 
r3 0 0 0 1 

Frame 258
r0 0.459147 -0.825603 0.32797 0.448636 
r1 0.696845 0.5637 0.443451 0.339661 
r2 -0.550991 0.0249354 0.834139 -0.0955705 
r3 0 0 0 1 

Frame 259
r0 0.458007 -0.827135 0.325695 0.449475 
r1 0.695878 0.561586 0.447632 0.342447 
r2 -0.553158 0.0216252 0.832796 -0.0967064 
r3 0 0 0 1 

Frame 260
r0 0.457021 -0.82783 0.325316 0.449408 
r1 0.696592 0.56055 0.447821 0.342872 
r2 -0.553075 0.021949 0.832842 -0.0982439 
r3 0 0 0 1 

Frame 261
r0 0.455859 -0.827891 0.326786 0.450148 
r1 0.696668 0.560397 0.447894 0.344636 
r2 -0.553938 0.0234849 0.832227 -0.100045 
r3 0 0 0 1 

Frame 262
r0 0.45082 -0.829578 0.329486 0.450298 
r1 0.698684 0.557679 0.448145 0.345915 
r2 -0.555519 0.0281738 0.831026 -0.100812 
r3 0 0 0 1 

Frame 263
r0 0.446349 -0.831499 0.33073 0.451575 
r1 0.700418 0.554653 0.449194 0.349007 
r2 -0.556945 0.031152 0.829965 -0.102735 
r3 0 0 0 1 

Frame 264
r0 0.44181 -0.833854 0.330896 0.453482 
r1 0.70253 0.55097 0.450426 0.352165 
r2 -0.557903 0.0334618 0.829232 -0.104629 
r3 0 0 0 1 

Frame 265
r0 0.436468 -0.836672 0.330871 0.45459 
r1 0.705993 0.546456 0.450511 0.357266 
r2 -0.557736 0.0369593 0.829195 -0.107848 
r3 0 0 0 1 

Frame 266
r0 0.433657 -0.838016 0.331166 0.453742 
r1 0.706893 0.544306 0.4517 0.355774 
r2 -0.558788 0.0382156 0.82843 -0.10691 
r3 0 0 0 1 

Frame 267
r0 0.419508 -0.844759 0.332259 0.454232 
r1 0.709493 0.533453 0.460486 0.364907 
r2 -0.566244 0.042558 0.823138 -0.11084 
r3 0 0 0 1 

Frame 268
r0 0.419278 -0.845102 0.331677 0.455897 
r1 0.71157 0.532795 0.458037 0.368301 
r2 -0.563803 0.0439664 0.824738 -0.112505 
r3 0 0 0 1 

Frame 269
