Frame 1
r0 1 0 0 0 
r1 0 1 0 0 
r2 0 0 1 0 
r3 0 0 0 1 

Frame 2
r0 0.999995 -0.00155947 -0.00258026 -0.00310125 
r1 0.00156307 0.999998 0.00141078 -0.000527061 
r2 0.00257808 -0.00141484 0.999996 0.000533203 
r3 0 0 0 1 

Frame 3
r0 0.999981 -8.76486e-05 -0.0060708 -0.00293599 
r1 9.2715e-05 1 0.000823721 -0.000123586 
r2 0.00607064 -0.000824258 0.999981 0.000994525 
r3 0 0 0 1 

Frame 4
r0 0.999973 -0.000765651 -0.00732324 -0.0022743 
r1 0.000771046 1 0.000729539 0.0011476 
r2 0.00732267 -0.000735164 0.999973 0.000835786 
r3 0 0 0 1 

Frame 5
r0 0.999968 -0.0033326 -0.00719911 -0.000951648 
r1 0.00335 0.999991 0.0024026 9.35087e-05 
r2 0.00719105 -0.00242664 0.999971 0.00035167 
r3 0 0 0 1 

Frame 6
r0 0.999963 -0.0042704 -0.00747707 -0.00145368 
r1 0.0042958 0.999985 0.00338641 -0.000709631 
r2 0.0074625 -0.00341841 0.999966 -0.000637059 
r3 0 0 0 1 

Frame 7
r0 0.999964 -0.00241712 -0.00819091 0.00194168 
r1 0.00242128 0.999997 0.000497235 -0.000737905 
r2 0.00818968 -0.000517052 0.999966 -0.00108129 
r3 0 0 0 1 

Frame 8
r0 0.999965 -0.00235803 -0.00798442 0.00170832 
r1 0.00236103 0.999997 0.000369222 -0.00061074 
r2 0.00798353 -0.00038806 0.999968 -0.00117261 
r3 0 0 0 1 

Frame 9
r0 0.999928 -0.00891775 -0.00801988 0.00425863 
r1 0.00891403 0.99996 -0.000495987 0.0014054 
r2 0.00802399 0.00042446 0.999967 -0.00213847 
r3 0 0 0 1 

Frame 10
r0 0.999808 -0.0118029 -0.0156083 0.00237661 
r1 0.0117147 0.999915 -0.00573286 0.00312088 
r2 0.0156746 0.00554891 0.999862 -0.00147803 
r3 0 0 0 1 

Frame 11
r0 0.999923 -0.00774965 -0.00968495 0.00465919 
r1 0.00773196 0.999968 -0.00185766 0.00652239 
r2 0.00969904 0.00178263 0.999951 -0.00117339 
r3 0 0 0 1 

Frame 12
r0 0.99992 -0.00784874 -0.009953 0.00494283 
r1 0.00783285 0.999968 -0.00164787 0.00632159 
r2 0.00996562 0.00156978 0.999949 -0.000987994 
r3 0 0 0 1 

Frame 13
r0 0.999876 -0.00984842 -0.0123165 0.011039 
r1 0.00990817 0.999939 0.00479588 0.00982146 
r2 0.0122686 -0.00491732 0.999913 -0.00111283 
r3 0 0 0 1 

Frame 14
r0 0.999525 -0.0174823 -0.0253583 0.0178702 
r1 0.0176516 0.999823 0.00646588 0.0138642 
r2 0.0252407 -0.00691043 0.999658 -0.000885265 
r3 0 0 0 1 

Frame 15
r0 0.998629 -0.0261004 -0.0453819 0.0138445 
r1 0.026354 0.99964 0.00499894 0.0134751 
r2 0.0452356 -0.00618806 0.998957 -0.000216386 
r3 0 0 0 1 

Frame 16
r0 0.997879 -0.0197084 -0.0620453 0.00903662 
r1 0.0200501 0.999787 0.00488861 0.00960848 
r2 0.0619358 -0.00612221 0.998061 0.000577234 
r3 0 0 0 1 

Frame 17
r0 0.997765 -0.0137078 -0.0653966 0.00690225 
r1 0.0138299 0.999904 0.00141329 0.0127018 
r2 0.0653709 -0.0023148 0.997858 0.00129869 
r3 0 0 0 1 

Frame 18
r0 0.997867 -0.00999464 -0.0645057 0.00812984 
r1 0.0100338 0.999949 0.000282884 0.0123625 
r2 0.0644996 -0.000929296 0.997917 0.000553016 
r3 0 0 0 1 

Frame 19
r0 0.997978 -0.00420664 -0.0634251 0.0136402 
r1 0.00430755 0.99999 0.00145431 0.0137132 
r2 0.0634183 -0.00172459 0.997986 -0.000975145 
r3 0 0 0 1 

Frame 20
r0 0.998135 -0.000182182 -0.0610519 0.0128122 
r1 0.000377104 0.999995 0.00318135 0.0151467 
r2 0.061051 -0.00319844 0.998129 -0.00272434 
r3 0 0 0 1 

Frame 21
r0 0.998036 0.00466027 -0.062464 0.00960463 
r1 -0.0045729 0.999988 0.00154147 0.0148864 
r2 0.0624705 -0.0012528 0.998046 -0.00326304 
r3 0 0 0 1 

Frame 22
r0 0.997631 0.00783562 -0.0683443 0.00970325 
r1 -0.0078624 0.999969 -0.000122836 0.0141482 
r2 0.0683412 0.000659895 0.997662 -0.00318526 
r3 0 0 0 1 

Frame 23
r0 0.997166 0.0133202 -0.0740381 0.00637855 
r1 -0.013398 0.99991 -0.000554112 0.0152472 
r2 0.074024 0.0015445 0.997255 -0.00363801 
r3 0 0 0 1 

Frame 24
r0 0.996894 0.0230809 -0.0752905 0.000627798 
r1 -0.0233465 0.999724 -0.00264818 0.0170469 
r2 0.0752085 0.00439772 0.997158 -0.00289731 
r3 0 0 0 1 

Frame 25
r0 0.996513 0.0350682 -0.0757168 -0.000410789 
r1 -0.0354705 0.999363 -0.00397393 0.0173906 
r2 0.0755293 0.00664578 0.997121 -0.0012343 
r3 0 0 0 1 

Frame 26
r0 0.99619 0.0416845 -0.0765971 0.0011697 
r1 -0.0418909 0.999122 -0.00108955 0.0180609 
r2 0.0764844 0.00429412 0.997062 -0.000785229 
r3 0 0 0 1 

Frame 27
r0 0.995862 0.0415131 -0.0808496 -0.000560398 
r1 -0.0414733 0.999137 0.00217159 0.0189115 
r2 0.08087 0.0011905 0.996724 -0.000558898 
r3 0 0 0 1 

Frame 28
r0 0.992909 0.059305 -0.103025 -0.0136255 
r1 -0.0596026 0.998222 0.000189336 0.0182736 
r2 0.102853 0.00595256 0.994679 -0.000383117 
r3 0 0 0 1 

Frame 29
r0 0.992816 0.0611787 -0.102828 -0.0147172 
r1 -0.0612894 0.998118 0.00208621 0.0157991 
r2 0.102762 0.00423103 0.994697 0.00114201 
r3 0 0 0 1 

Frame 30
r0 0.991971 0.073711 -0.102766 -0.0164459 
r1 -0.0739475 0.997261 0.00151135 0.0184522 
r2 0.102596 0.00610005 0.994705 0.00213606 
r3 0 0 0 1 

Frame 31
r0 0.991972 0.0769147 -0.100377 -0.0158741 
r1 -0.0770356 0.997025 0.00267666 0.0191222 
r2 0.100285 0.00507748 0.994946 0.00249207 
r3 0 0 0 1 

Frame 32
r0 0.991837 0.0730938 -0.104479 -0.0159659 
r1 -0.0731258 0.997317 0.0035292 0.0193471 
r2 0.104457 0.00413973 0.994521 0.000906952 
r3 0 0 0 1 

Frame 33
r0 0.990877 0.0728025 -0.113412 -0.0205242 
r1 -0.0730361 0.997327 0.00209905 0.0186252 
r2 0.113262 0.00620327 0.993546 -6.53218e-06 
r3 0 0 0 1 

Frame 34
r0 0.989711 0.0789971 -0.119296 -0.0264986 
r1 -0.0796428 0.996823 -0.000646572 0.0182869 
r2 0.118866 0.010141 0.992859 -0.000774985 
r3 0 0 0 1 

Frame 35
r0 0.989174 0.085261 -0.119439 -0.0285894 
r1 -0.0865341 0.996234 -0.00550311 0.0216387 
r2 0.11852 0.0157791 0.992826 -0.00191952 
r3 0 0 0 1 

Frame 36
r0 0.988913 0.0937471 -0.115165 -0.0267351 
r1 -0.0953972 0.9954 -0.00888813 0.0223999 
r2 0.113802 0.019776 0.993307 -0.00361495 
r3 0 0 0 1 

Frame 37
r0 0.989422 0.0933971 -0.111 -0.0255901 
r1 -0.0952119 0.995394 -0.0111519 0.0224723 
r2 0.109447 0.0216024 0.993758 -0.00508584 
r3 0 0 0 1 

Frame 38
r0 0.98926 0.0914068 -0.114057 -0.0240352 
r1 -0.0933413 0.995565 -0.0117266 0.0215887 
r2 0.11248 0.022247 0.993405 -0.00823718 
r3 0 0 0 1 

Frame 39
r0 0.988894 0.0915698 -0.117066 -0.0263937 
r1 -0.0938787 0.99548 -0.0143523 0.0239133 
r2 0.115223 0.0251829 0.99302 -0.0105374 
r3 0 0 0 1 

Frame 40
r0 0.988447 0.0923929 -0.12015 -0.0281985 
r1 -0.0951113 0.99532 -0.017079 0.0256322 
r2 0.118009 0.0283093 0.992609 -0.0125068 
r3 0 0 0 1 

Frame 41
r0 0.987722 0.097623 -0.121961 -0.0280232 
r1 -0.100716 0.994725 -0.0194442 0.0285418 
r2 0.11942 0.0314889 0.992344 -0.0142669 
r3 0 0 0 1 

Frame 42
r0 0.987376 0.102246 -0.120973 -0.0287152 
r1 -0.10539 0.994232 -0.0198637 0.0294226 
r2 0.118245 0.0323623 0.992457 -0.0162956 
r3 0 0 0 1 

Frame 43
r0 0.986849 0.107004 -0.121163 -0.0278368 
r1 -0.110325 0.993674 -0.0210214 0.0289474 
r2 0.118147 0.0341122 0.99241 -0.0187468 
r3 0 0 0 1 

Frame 44
r0 0.986759 0.107646 -0.121325 -0.0278344 
r1 -0.111159 0.993547 -0.0225482 0.0303515 
r2 0.118115 0.035736 0.992357 -0.020221 
r3 0 0 0 1 

Frame 45
r0 0.986641 0.1052 -0.124387 -0.0285454 
r1 -0.108818 0.993804 -0.022642 0.0299481 
r2 0.121234 0.0358751 0.991975 -0.0225057 
r3 0 0 0 1 

Frame 46
r0 0.985843 0.106242 -0.129714 -0.0311099 
r1 -0.110188 0.99363 -0.0236128 0.030467 
r2 0.126379 0.0375715 0.99127 -0.0238145 
r3 0 0 0 1 

Frame 47
r0 0.984813 0.111115 -0.1334 -0.0329603 
r1 -0.115533 0.992968 -0.0258234 0.0335752 
r2 0.129593 0.0408434 0.990726 -0.024807 
r3 0 0 0 1 

Frame 48
r0 0.984207 0.116376 -0.133394 -0.0357679 
r1 -0.121078 0.992257 -0.0276646 0.0354601 
r2 0.129141 0.0433787 0.990677 -0.0262484 
r3 0 0 0 1 

Frame 49
r0 0.983717 0.120187 -0.133625 -0.0369061 
r1 -0.125053 0.991738 -0.0286065 0.0361884 
r2 0.129083 0.0448509 0.990619 -0.0282515 
r3 0 0 0 1 

Frame 50
r0 0.983225 0.122361 -0.135267 -0.0399225 
r1 -0.127389 0.991425 -0.0291348 0.0357335 
r2 0.130542 0.0458777 0.990381 -0.030862 
r3 0 0 0 1 

Frame 51
r0 0.982013 0.128926 -0.137942 -0.0412706 
r1 -0.134551 0.990383 -0.0322193 0.0386692 
r2 0.132461 0.0502 0.989916 -0.0322222 
r3 0 0 0 1 

Frame 52
r0 0.980509 0.136904 -0.14092 -0.0423513 
r1 -0.142876 0.989186 -0.0331211 0.0393352 
r2 0.134862 0.0526097 0.989467 -0.0356739 
r3 0 0 0 1 

Frame 53
r0 0.980546 0.137507 -0.14008 -0.0437366 
r1 -0.143476 0.98909 -0.0333962 0.03938 
r2 0.13396 0.0528446 0.989577 -0.0364683 
r3 0 0 0 1 

Frame 54
r0 0.979514 0.143344 -0.14144 -0.0455876 
r1 -0.149501 0.988182 -0.033856 0.0404268 
r2 0.134915 0.0543078 0.989368 -0.0376983 
r3 0 0 0 1 

Frame 55
r0 0.97908 0.14476 -0.142997 -0.0463858 
r1 -0.151113 0.987912 -0.0345563 0.0408749 
r2 0.136266 0.0554421 0.989119 -0.0391432 
r3 0 0 0 1 

Frame 56
r0 0.978686 0.143522 -0.146886 -0.0465965 
r1 -0.150049 0.988083 -0.034309 0.0410011 
r2 0.140211 0.0556178 0.988558 -0.0413799 
r3 0 0 0 1 

Frame 57
r0 0.977867 0.144908 -0.150921 -0.0493714 
r1 -0.151729 0.987815 -0.0346436 0.0420579 
r2 0.144061 0.0567758 0.987939 -0.0436014 
r3 0 0 0 1 

Frame 58
r0 0.976578 0.149728 -0.15452 -0.0509656 
r1 -0.157086 0.986911 -0.0364906 0.0445034 
r2 0.147034 0.0599089 0.987316 -0.0447868 
r3 0 0 0 1 

Frame 59
r0 0.976084 0.153153 -0.154286 -0.0524567 
r1 -0.160752 0.986264 -0.0379749 0.0458674 
r2 0.146351 0.0618686 0.987297 -0.0463473 
r3 0 0 0 1 

Frame 60
r0 0.975883 0.154876 -0.153834 -0.0530209 
r1 -0.162476 0.985979 -0.0380444 0.0465397 
r2 0.145785 0.0621212 0.987364 -0.0483665 
r3 0 0 0 1 

Frame 61
r0 0.975442 0.156248 -0.155241 -0.0537518 
r1 -0.163744 0.985821 -0.0366592 0.0457981 
r2 0.147312 0.0611787 0.987196 -0.0511585 
r3 0 0 0 1 

Frame 62
r0 0.974807 0.152946 -0.162352 -0.0567418 
r1 -0.161255 0.986133 -0.0392168 0.0462842 
r2 0.154102 0.0644088 0.985954 -0.0533691 
r3 0 0 0 1 

Frame 63
r0 0.972796 0.157898 -0.169514 -0.0582523 
r1 -0.16716 0.985046 -0.041743 0.0468568 
r2 0.160388 0.0689435 0.984644 -0.052611 
r3 0 0 0 1 

Frame 64
r0 0.971222 0.161648 -0.174923 -0.0593614 
r1 -0.171075 0.98444 -0.0401287 0.0501219 
r2 0.165714 0.0688988 0.983764 -0.0552484 
r3 0 0 0 1 

Frame 65
r0 0.970241 0.163871 -0.178266 -0.0600856 
r1 -0.173193 0.984156 -0.0379456 0.0511472 
r2 0.169224 0.0676909 0.983251 -0.056157 
r3 0 0 0 1 

Frame 66
r0 0.969735 0.164969 -0.179995 -0.0583645 
r1 -0.174062 0.984082 -0.0358367 0.0485185 
r2 0.171218 0.0660823 0.983015 -0.0564678 
r3 0 0 0 1 

Frame 67
r0 0.96903 0.166321 -0.182532 -0.0617331 
r1 -0.175417 0.983881 -0.0347579 0.0493763 
r2 0.173809 0.0657007 0.982585 -0.0578472 
r3 0 0 0 1 

Frame 68
r0 0.967705 0.170503 -0.185675 -0.0618917 
r1 -0.180122 0.982982 -0.0361017 0.0511791 
r2 0.17636 0.0683799 0.981948 -0.0586431 
r3 0 0 0 1 

Frame 69
r0 0.967601 0.172176 -0.184671 -0.0613023 
r1 -0.18174 0.982686 -0.0360499 0.0512262 
r2 0.175267 0.0684442 0.982139 -0.060053 
r3 0 0 0 1 

Frame 70
r0 0.967166 0.171537 -0.187522 -0.0633416 
r1 -0.181402 0.982726 -0.0366483 0.0517958 
r2 0.177996 0.0694619 0.981577 -0.0624298 
r3 0 0 0 1 

Frame 71
r0 0.966619 0.173938 -0.188132 -0.0625345 
r1 -0.18385 0.982278 -0.0364508 0.0509176 
r2 0.178458 0.0698221 0.981467 -0.063303 
r3 0 0 0 1 

Frame 72
r0 0.965379 0.177688 -0.19097 -0.060256 
r1 -0.188181 0.981393 -0.0381432 0.0511428 
r2 0.180639 0.0727596 0.980855 -0.0647756 
r3 0 0 0 1 

Frame 73
r0 0.965017 0.178909 -0.191659 -0.0602898 
r1 -0.18981 0.981007 -0.03996 0.0530246 
r2 0.18087 0.074941 0.980648 -0.0666475 
r3 0 0 0 1 

Frame 74
r0 0.965092 0.178675 -0.191499 -0.060985 
r1 -0.189591 0.981043 -0.0401285 0.0526375 
r2 0.180699 0.0750342 0.980672 -0.0675465 
r3 0 0 0 1 

Frame 75
r0 0.964465 0.17999 -0.193417 -0.0583993 
r1 -0.190964 0.980801 -0.0395183 0.0540814 
r2 0.182591 0.0750497 0.98032 -0.0679964 
r3 0 0 0 1 

Frame 76
r0 0.963498 0.182243 -0.196107 -0.0612278 
r1 -0.192636 0.980642 -0.0351273 0.0562156 
r2 0.185909 0.0716223 0.979953 -0.0706451 
r3 0 0 0 1 

Frame 77
r0 0.962922 0.183099 -0.198131 -0.0584768 
r1 -0.193362 0.980553 -0.0335837 0.0534431 
r2 0.188129 0.0706494 0.9796 -0.069761 
r3 0 0 0 1 

Frame 78
r0 0.961663 0.186257 -0.201278 -0.0591568 
r1 -0.196778 0.979879 -0.0334081 0.0553628 
r2 0.191006 0.0717344 0.978964 -0.0689831 
r3 0 0 0 1 

Frame 79
r0 0.960421 0.190378 -0.203341 -0.0583323 
r1 -0.200694 0.979158 -0.0311812 0.0559518 
r2 0.193166 0.0707563 0.978611 -0.0688264 
r3 0 0 0 1 

Frame 80
r0 0.959679 0.192713 -0.204641 -0.0591753 
r1 -0.202323 0.978949 -0.0269179 0.0561455 
r2 0.195146 0.0672361 0.978467 -0.0692673 
r3 0 0 0 1 

Frame 81
r0 0.959282 0.192654 -0.206548 -0.0623177 
r1 -0.201898 0.979101 -0.0244466 0.057713 
r2 0.197522 0.0651528 0.978131 -0.0706754 
r3 0 0 0 1 

Frame 82
r0 0.956535 0.198936 -0.213228 -0.0676917 
r1 -0.208121 0.977871 -0.021296 0.059476 
r2 0.204273 0.0647475 0.97677 -0.0725951 
r3 0 0 0 1 

Frame 83
r0 0.956127 0.199981 -0.214075 -0.0665267 
r1 -0.209101 0.977677 -0.0206027 0.0576539 
r2 0.205176 0.064462 0.9766 -0.0719887 
r3 0 0 0 1 

Frame 84
r0 0.952231 0.21388 -0.217974 -0.0660266 
r1 -0.223291 0.974563 -0.0192026 0.0608046 
r2 0.208322 0.0669569 0.975766 -0.0725994 
r3 0 0 0 1 

Frame 85
r0 0.95235 0.215113 -0.21623 -0.0684963 
r1 -0.2243 0.974343 -0.0185806 0.0608982 
r2 0.206685 0.0661954 0.976166 -0.0731369 
r3 0 0 0 1 

Frame 86
r0 0.950869 0.221197 -0.216612 -0.0693076 
r1 -0.229707 0.97315 -0.0146041 0.0598271 
r2 0.207566 0.0636439 0.976148 -0.0740451 
r3 0 0 0 1 

Frame 87
r0 0.949315 0.225875 -0.218593 -0.0716206 
r1 -0.23361 0.97228 -0.00986057 0.0593126 
r2 0.210306 0.0604264 0.975766 -0.0750245 
r3 0 0 0 1 

Frame 88
r0 0.948278 0.229697 -0.219108 -0.0754181 
r1 -0.236964 0.971492 -0.00711164 0.0610666 
r2 0.211229 0.0586646 0.975675 -0.0771812 
r3 0 0 0 1 

Frame 89
r0 0.946849 0.234913 -0.219757 -0.0778068 
r1 -0.242334 0.970167 -0.00704858 0.0620266 
r2 0.211545 0.0599284 0.975529 -0.0787406 
r3 0 0 0 1 

Frame 90
r0 0.945792 0.237218 -0.22182 -0.0785497 
r1 -0.244851 0.969534 -0.00715566 0.062132 
r2 0.213365 0.0610807 0.975062 -0.0798819 
r3 0 0 0 1 

Frame 91
r0 0.944346 0.238233 -0.226839 -0.0776932 
r1 -0.245678 0.96934 -0.00474292 0.0608962 
r2 0.218755 0.0602083 0.97392 -0.0814041 
r3 0 0 0 1 

Frame 92
r0 0.94244 0.240148 -0.23267 -0.0815926 
r1 -0.247705 0.96883 -0.00336962 0.0616598 
r2 0.224609 0.0608092 0.97255 -0.0829417 
r3 0 0 0 1 

Frame 93
r0 0.939316 0.246843 -0.238231 -0.0839504 
r1 -0.255111 0.966904 -0.00401657 0.063655 
r2 0.229355 0.0645481 0.9712 -0.0838172 
r3 0 0 0 1 

Frame 94
r0 0.937794 0.252783 -0.237998 -0.0854006 
r1 -0.261094 0.965307 -0.00352583 0.0644303 
r2 0.22885 0.0654464 0.971259 -0.0855053 
r3 0 0 0 1 

Frame 95
r0 0.936632 0.257129 -0.237918 -0.0843501 
r1 -0.264803 0.964302 -0.000307019 0.0627322 
r2 0.229346 0.063289 0.971285 -0.0855208 
r3 0 0 0 1 

Frame 96
r0 0.934366 0.26076 -0.242824 -0.0814764 
r1 -0.266834 0.963708 0.00813346 0.0603018 
r2 0.236132 0.0571942 0.970036 -0.0842568 
r3 0 0 0 1 

Frame 97
r0 0.929846 0.267189 -0.252975 -0.079854 
r1 -0.271237 0.962317 0.0194177 0.058266 
r2 0.24863 0.0505605 0.967278 -0.0837666 
r3 0 0 0 1 

Frame 98
r0 0.92638 0.27114 -0.261349 -0.0873956 
r1 -0.274171 0.961342 0.0255294 0.0622497 
r2 0.258168 0.0480044 0.964907 -0.0866387 
r3 0 0 0 1 

Frame 99
r0 0.92287 0.279368 -0.265075 -0.0943979 
r1 -0.282585 0.958869 0.02674 0.06597 
r2 0.261643 0.0502287 0.963857 -0.0889837 
r3 0 0 0 1 

Frame 100
r0 0.921 0.289714 -0.260432 -0.0989683 
r1 -0.292403 0.955848 0.0292563 0.0660932 
r2 0.25741 0.0492061 0.965049 -0.0913808 
r3 0 0 0 1 

Frame 101
r0 0.918784 0.301528 -0.254787 -0.100539 
r1 -0.303483 0.95228 0.0325902 0.0650648 
r2 0.252455 0.0473803 0.966448 -0.0920831 
r3 0 0 0 1 

Frame 102
r0 0.917427 0.307417 -0.252634 -0.100193 
r1 -0.308397 0.950548 0.0367438 0.0636501 
r2 0.251436 0.0442018 0.966864 -0.0913931 
r3 0 0 0 1 

Frame 103
r0 0.914625 0.313815 -0.254913 -0.102398 
r1 -0.313548 0.948608 0.0427922 0.0628043 
r2 0.255241 0.0407887 0.966017 -0.0906071 
r3 0 0 0 1 

Frame 104
r0 0.912567 0.318002 -0.257091 -0.104585 
r1 -0.316157 0.947407 0.0496437 0.0635654 
r2 0.259357 0.0359779 0.965111 -0.0909118 
r3 0 0 0 1 

Frame 105
r0 0.909043 0.324618 -0.261271 -0.107925 
r1 -0.321462 0.945266 0.0559888 0.0643605 
r2 0.265146 0.0330924 0.96364 -0.0918605 
r3 0 0 0 1 

Frame 106
r0 0.903976 0.335315 -0.265313 -0.113772 
r1 -0.331042 0.941572 0.0620738 0.0655929 
r2 0.270626 0.0317165 0.962162 -0.0940385 
r3 0 0 0 1 

Frame 107
r0 0.899531 0.346167 -0.266479 -0.118009 
r1 -0.3411 0.937662 0.0666379 0.0664213 
r2 0.272935 0.0309531 0.961534 -0.0967002 
r3 0 0 0 1 

Frame 108
r0 0.895308 0.356098 -0.267616 -0.12473 
r1 -0.350692 0.933912 0.0694532 0.0677308 
r2 0.274662 0.0316687 0.961019 -0.100427 
r3 0 0 0 1 

Frame 109
r0 0.890748 0.363134 -0.273315 -0.127873 
r1 -0.357526 0.931129 0.0719291 0.0713256 
r2 0.280612 0.0336465 0.959231 -0.102995 
r3 0 0 0 1 

Frame 110
r0 0.890441 0.362915 -0.274604 -0.126942 
r1 -0.356414 0.931306 0.0750865 0.0683829 
r2 0.28299 0.0310126 0.958621 -0.102531 
r3 0 0 0 1 

Frame 111
r0 0.885133 0.371632 -0.280052 -0.131142 
r1 -0.364155 0.927867 0.0803396 0.0688846 
r2 0.289708 0.0308712 0.956617 -0.104991 
r3 0 0 0 1 

Frame 112
r0 0.88104 0.378709 -0.283457 -0.138269 
r1 -0.37143 0.924901 0.0812249 0.070794 
r2 0.29293 0.033722 0.955539 -0.109056 
r3 0 0 0 1 

Frame 113
r0 0.877233 0.385687 -0.285844 -0.141306 
r1 -0.379187 0.921843 0.0801395 0.073086 
r2 0.294412 0.0380875 0.954919 -0.111831 
r3 0 0 0 1 

Frame 114
r0 0.875346 0.391064 -0.284321 -0.14499 
r1 -0.384888 0.91951 0.0797623 0.0736563 
r2 0.292628 0.0396121 0.955405 -0.114938 
r3 0 0 0 1 

Frame 115
r0 0.871822 0.397747 -0.285873 -0.146932 
r1 -0.391791 0.916537 0.0803765 0.0734175 
r2 0.293983 0.0419287 0.954891 -0.116703 
r3 0 0 0 1 

Frame 116
r0 0.863026 0.412535 -0.291547 -0.152689 
r1 -0.406303 0.909809 0.0846451 0.0766039 
r2 0.300172 0.0454057 0.952804 -0.12004 
r3 0 0 0 1 

Frame 117
r0 0.864126 0.411452 -0.289815 -0.154274 
r1 -0.405204 0.910337 0.0842378 0.0766575 
r2 0.298489 0.0446419 0.953368 -0.121334 
r3 0 0 0 1 

Frame 118
r0 0.857358 0.423209 -0.292968 -0.161227 
r1 -0.416593 0.90483 0.0879374 0.0778314 
r2 0.302302 0.0466544 0.95207 -0.123233 
r3 0 0 0 1 

Frame 119
r0 0.856496 0.424932 -0.292997 -0.161381 
r1 -0.418327 0.904003 0.0882061 0.077426 
r2 0.302352 0.0470202 0.952036 -0.123071 
r3 0 0 0 1 

Frame 120
r0 0.853177 0.430299 -0.294844 -0.163937 
r1 -0.423328 0.901435 0.0905987 0.0784648 
r2 0.304767 0.0475189 0.951241 -0.123686 
r3 0 0 0 1 

Frame 121
r0 0.849762 0.437028 -0.294807 -0.166924 
r1 -0.429148 0.898265 0.0946144 0.0782358 
r2 0.306164 0.0461159 0.950861 -0.123847 
r3 0 0 0 1 

Frame 122
r0 0.846437 0.443027 -0.295418 -0.172457 
r1 -0.434589 0.895335 0.0975086 0.0801546 
r2 0.307697 0.0458505 0.950379 -0.124657 
r3 0 0 0 1 

Frame 123
r0 0.843129 0.447346 -0.298354 -0.176681 
r1 -0.438662 0.893126 0.099507 0.0812121 
r2 0.310982 0.0469793 0.949254 -0.125634 
r3 0 0 0 1 

Frame 124
r0 0.839348 0.452595 -0.301085 -0.181594 
r1 -0.444162 0.890332 0.100149 0.0820549 
r2 0.313392 0.049671 0.948324 -0.126774 
r3 0 0 0 1 

Frame 125
r0 0.834086 0.460177 -0.304201 -0.183136 
r1 -0.452854 0.886098 0.0987601 0.0839089 
r2 0.314999 0.0553843 0.947475 -0.127085 
r3 0 0 0 1 

Frame 126
r0 0.834555 0.461389 -0.301063 -0.187995 
r1 -0.453871 0.885551 0.0989938 0.0837487 
r2 0.312281 0.0540281 0.948452 -0.127267 
r3 0 0 0 1 

Frame 127
r0 0.830326 0.470403 -0.298797 -0.194021 
r1 -0.462271 0.880838 0.102123 0.0835843 
r2 0.311231 0.0533296 0.948837 -0.127204 
r3 0 0 0 1 

Frame 128
r0 0.829436 0.471673 -0.299267 -0.194072 
r1 -0.463485 0.880143 0.102612 0.0832097 
r2 0.311797 0.0535955 0.948636 -0.126086 
r3 0 0 0 1 

Frame 129
r0 0.82878 0.472411 -0.299918 -0.197172 
r1 -0.463922 0.879776 0.103782 0.0833481 
r2 0.312889 0.0531265 0.948303 -0.125652 
r3 0 0 0 1 

Frame 130
r0 0.827541 0.473505 -0.30161 -0.200878 
r1 -0.464624 0.879204 0.105473 0.0841319 
r2 0.315119 0.0528514 0.94758 -0.126254 
r3 0 0 0 1 

Frame 131
r0 0.825395 0.475603 -0.30418 -0.204975 
r1 -0.466957 0.877948 0.105632 0.0850159 
r2 0.317293 0.0548508 0.94674 -0.127201 
r3 0 0 0 1 

Frame 132
r0 0.823778 0.476955 -0.306436 -0.205334 
r1 -0.468848 0.877051 0.104709 0.0845322 
r2 0.318701 0.0574147 0.946115 -0.127352 
r3 0 0 0 1 

Frame 133
r0 0.820493 0.481525 -0.3081 -0.205733 
r1 -0.47391 0.874356 0.10446 0.0848724 
r2 0.319689 0.0603028 0.945602 -0.127851 
r3 0 0 0 1 

Frame 134
r0 0.818395 0.485766 -0.307019 -0.208017 
r1 -0.478 0.871999 0.105513 0.0847469 
r2 0.318975 0.0604038 0.945836 -0.129094 
r3 0 0 0 1 

Frame 135
r0 0.817173 0.487577 -0.307403 -0.210791 
r1 -0.480108 0.870895 0.105063 0.0846621 
r2 0.318942 0.0617324 0.945762 -0.13051 
r3 0 0 0 1 

Frame 136
r0 0.816212 0.487491 -0.31008 -0.211186 
r1 -0.480706 0.870742 0.103588 0.0855602 
r2 0.320498 0.0645072 0.94505 -0.131043 
r3 0 0 0 1 

Frame 137
r0 0.814301 0.488867 -0.312926 -0.21205 
r1 -0.482191 0.869853 0.104154 0.0856273 
r2 0.323117 0.0660772 0.944049 -0.131853 
r3 0 0 0 1 

Frame 138
r0 0.811591 0.49185 -0.315282 -0.214537 
r1 -0.485424 0.868005 0.10455 0.085734 
r2 0.325089 0.0681938 0.943221 -0.1337 
r3 0 0 0 1 

Frame 139
r0 0.807899 0.497124 -0.316491 -0.216207 
r1 -0.491472 0.864703 0.103652 0.0852789 
r2 0.325199 0.0718068 0.942915 -0.134659 
r3 0 0 0 1 

Frame 140
r0 0.808434 0.497292 -0.314856 -0.217922 
r1 -0.491684 0.86464 0.103173 0.0862191 
r2 0.323544 0.0714013 0.943515 -0.136706 
r3 0 0 0 1 

Frame 141
r0 0.806587 0.499643 -0.315872 -0.218989 
r1 -0.494508 0.863107 0.102513 0.0855177 
r2 0.323852 0.0735155 0.943247 -0.136848 
r3 0 0 0 1 

Frame 142
r0 0.80153 0.504545 -0.320912 -0.224077 
r1 -0.499242 0.860047 0.105248 0.0882433 
r2 0.329102 0.0758531 0.941243 -0.138093 
r3 0 0 0 1 

Frame 143
r0 0.802337 0.504544 -0.31889 -0.225853 
r1 -0.49919 0.86012 0.104894 0.0890023 
r2 0.327208 0.0750261 0.941969 -0.139679 
r3 0 0 0 1 

Frame 144
r0 0.800825 0.507666 -0.317733 -0.228629 
r1 -0.502487 0.858216 0.10475 0.0896502 
r2 0.325861 0.0757707 0.942376 -0.140493 
r3 0 0 0 1 

Frame 145
r0 0.79993 0.510315 -0.315737 -0.230498 
r1 -0.505174 0.856645 0.104688 0.0882361 
r2 0.323899 0.0757588 0.943054 -0.140838 
r3 0 0 0 1 

Frame 146
r0 0.795451 0.513977 -0.321069 -0.237136 
r1 -0.508987 0.854177 0.106372 0.090143 
r2 0.328923 0.0788065 0.941063 -0.141089 
r3 0 0 0 1 

Frame 147
r0 0.794719 0.513738 -0.323256 -0.23366 
r1 -0.508605 0.854289 0.10729 0.0879513 
r2 0.331273 0.0791443 0.94021 -0.141761 
r3 0 0 0 1 

Frame 148
r0 0.794662 0.509073 -0.330693 -0.23916 
r1 -0.506135 0.856391 0.102086 0.0925568 
r2 0.335171 0.0862516 0.938201 -0.144198 
r3 0 0 0 1 

Frame 149
r0 0.793122 0.509696 -0.333418 -0.238146 
r1 -0.508952 0.855328 0.0968628 0.0918559 
r2 0.334552 0.0928694 0.93779 -0.144756 
r3 0 0 0 1 

Frame 150
r0 0.794766 0.509728 -0.329429 -0.234335 
r1 -0.510268 0.855078 0.0920188 0.0905297 
r2 0.328592 0.0949635 0.939686 -0.144569 
r3 0 0 0 1 

Frame 151
r0 0.795256 0.510512 -0.327025 -0.23394 
r1 -0.510679 0.85478 0.092514 0.0889691 
r2 0.326764 0.0934323 0.940477 -0.144942 
r3 0 0 0 1 

Frame 152
r0 0.791588 0.513986 -0.330464 -0.238838 
r1 -0.513673 0.852633 0.0956949 0.0891284 
r2 0.330951 0.0939997 0.938954 -0.146435 
r3 0 0 0 1 

Frame 153
r0 0.788625 0.515051 -0.335848 -0.242249 
r1 -0.515245 0.85163 0.0961672 0.0908925 
r2 0.335549 0.0972042 0.936994 -0.148543 
r3 0 0 0 1 

Frame 154
r0 0.786793 0.516346 -0.338148 -0.244857 
r1 -0.517372 0.850486 0.0948692 0.0930623 
r2 0.336575 0.100306 0.936299 -0.150231 
r3 0 0 0 1 

Frame 155
r0 0.785869 0.518236 -0.337405 -0.244113 
r1 -0.519845 0.849136 0.0934287 0.0913201 
r2 0.334921 0.101975 0.936712 -0.150899 
r3 0 0 0 1 

Frame 156
r0 0.78442 0.519433 -0.338929 -0.243918 
r1 -0.521361 0.848219 0.0933146 0.0908237 
r2 0.335957 0.103506 0.936173 -0.151135 
r3 0 0 0 1 

Frame 157
r0 0.781298 0.522064 -0.342087 -0.246759 
r1 -0.523728 0.846493 0.0956958 0.0920854 
r2 0.339534 0.104394 0.934783 -0.151698 
r3 0 0 0 1 

Frame 158
r0 0.779724 0.522666 -0.344747 -0.249841 
r1 -0.524303 0.846012 0.0967961 0.0939539 
r2 0.342252 0.105278 0.933692 -0.153521 
r3 0 0 0 1 

Frame 159
r0 0.776998 0.524958 -0.347409 -0.251535 
r1 -0.527015 0.844293 0.097086 0.0942538 
r2 0.344281 0.107654 0.932674 -0.154432 
r3 0 0 0 1 

Frame 160
r0 0.77556 0.526155 -0.348809 -0.252699 
r1 -0.528936 0.843227 0.0958876 0.0957408 
r2 0.344577 0.110131 0.932275 -0.155421 
r3 0 0 0 1 

Frame 161
r0 0.773966 0.528651 -0.348577 -0.254648 
r1 -0.532041 0.841401 0.0947467 0.0965104 
r2 0.343381 0.112126 0.932479 -0.156386 
r3 0 0 0 1 

Frame 162
r0 0.772439 0.530818 -0.348669 -0.255632 
r1 -0.534377 0.83991 0.094833 0.0965217 
r2 0.34319 0.113068 0.932436 -0.156962 
r3 0 0 0 1 

Frame 163
r0 0.767354 0.534789 -0.353794 -0.262979 
r1 -0.538792 0.8369 0.0964438 0.0967353 
r2 0.347667 0.116615 0.930338 -0.158162 
r3 0 0 0 1 

Frame 164
r0 0.763716 0.536337 -0.359279 -0.262587 
r1 -0.541314 0.835292 0.0962699 0.0992792 
r2 0.351735 0.12096 0.928251 -0.16016 
r3 0 0 0 1 

Frame 165
r0 0.76364 0.537586 -0.357568 -0.265845 
r1 -0.542492 0.834544 0.0961233 0.0995365 
r2 0.35008 0.120574 0.928927 -0.160608 
r3 0 0 0 1 

Frame 166
r0 0.761983 0.541361 -0.355403 -0.267668 
r1 -0.545965 0.832169 0.0970394 0.0999429 
r2 0.348289 0.120095 0.929662 -0.162226 
r3 0 0 0 1 

Frame 167
r0 0.760794 0.544616 -0.352967 -0.269781 
r1 -0.549151 0.830063 0.0971042 0.100669 
r2 0.345869 0.119956 0.930583 -0.162966 
r3 0 0 0 1 

Frame 168
r0 0.759157 0.546968 -0.352854 -0.2713 
r1 -0.551587 0.828409 0.0974132 0.100988 
r2 0.34559 0.120678 0.930594 -0.163215 
r3 0 0 0 1 

Frame 169
r0 0.756507 0.54896 -0.355445 -0.272194 
r1 -0.553521 0.826925 0.0990489 0.100384 
r2 0.3483 0.121815 0.929434 -0.162454 
r3 0 0 0 1 

Frame 170
r0 0.752313 0.550139 -0.362451 -0.273915 
r1 -0.555209 0.825592 0.100702 0.10097 
r2 0.354637 0.125477 0.926546 -0.162073 
r3 0 0 0 1 

Frame 171
r0 0.748696 0.549545 -0.370749 -0.278654 
r1 -0.555775 0.825198 0.100814 0.104534 
r2 0.361343 0.130574 0.923245 -0.162907 
r3 0 0 0 1 

Frame 172
r0 0.745814 0.553771 -0.37027 -0.284055 
r1 -0.562719 0.821202 0.0947258 0.108909 
r2 0.356523 0.13771 0.924082 -0.166267 
r3 0 0 0 1 

Frame 173
r0 0.745835 0.557783 -0.364154 -0.281827 
r1 -0.566924 0.818543 0.0926455 0.105146 
r2 0.349752 0.13735 0.926719 -0.166396 
r3 0 0 0 1 

Frame 174
r0 0.74065 0.562807 -0.366996 -0.292177 
r1 -0.573252 0.814226 0.0917522 0.107934 
r2 0.350456 0.142425 0.925687 -0.169052 
r3 0 0 0 1 

Frame 175
r0 0.739799 0.562644 -0.368955 -0.290119 
r1 -0.573215 0.814195 0.0922559 0.106967 
r2 0.352309 0.14324 0.924857 -0.169011 
r3 0 0 0 1 

Frame 176
r0 0.735406 0.565737 -0.372987 -0.295404 
r1 -0.577973 0.811016 0.0905564 0.112362 
r2 0.353729 0.148981 0.923407 -0.171607 
r3 0 0 0 1 

Frame 177
r0 0.733271 0.569699 -0.371157 -0.295906 
r1 -0.582324 0.807988 0.089744 0.111399 
r2 0.351018 0.150327 0.924223 -0.172724 
r3 0 0 0 1 

Frame 178
r0 0.732677 0.571501 -0.369555 -0.295549 
r1 -0.584173 0.806696 0.0893458 0.109579 
r2 0.34918 0.150422 0.924904 -0.172607 
r3 0 0 0 1 

Frame 179
r0 0.728464 0.573298 -0.375061 -0.302799 
r1 -0.585799 0.805116 0.092886 0.113114 
r2 0.355219 0.152046 0.922335 -0.174378 
r3 0 0 0 1 

Frame 180
r0 0.727849 0.573484 -0.375968 -0.301262 
r1 -0.586209 0.804829 0.0927871 0.111968 
r2 0.355802 0.152861 0.921975 -0.174575 
r3 0 0 0 1 

Frame 181
r0 0.725979 0.575046 -0.377195 -0.304984 
r1 -0.589008 0.803033 0.0905998 0.116857 
r2 0.354999 0.156397 0.921692 -0.177309 
r3 0 0 0 1 

Frame 182
r0 0.724024 0.579652 -0.373889 -0.304672 
r1 -0.593258 0.799832 0.0911806 0.114599 
r2 0.351901 0.155795 0.922981 -0.178142 
r3 0 0 0 1 

Frame 183
r0 0.719072 0.586333 -0.373026 -0.309552 
r1 -0.599089 0.795047 0.094829 0.117322 
r2 0.352175 0.155287 0.922962 -0.180171 
r3 0 0 0 1 

Frame 184
r0 0.715881 0.587219 -0.377742 -0.315085 
r1 -0.599867 0.794118 0.0976537 0.118201 
r2 0.357315 0.156686 0.920747 -0.181112 
r3 0 0 0 1 

Frame 185
r0 0.714502 0.584867 -0.38395 -0.313022 
r1 -0.598797 0.795035 0.0967517 0.121822 
r2 0.361841 0.160779 0.918271 -0.181956 
r3 0 0 0 1 

Frame 186
r0 0.713298 0.585838 -0.384708 -0.311815 
r1 -0.599525 0.794331 0.0980209 0.120442 
r2 0.36301 0.160724 0.917819 -0.180359 
r3 0 0 0 1 

Frame 187
r0 0.712669 0.587055 -0.384018 -0.314442 
r1 -0.600191 0.793653 0.0994224 0.122049 
r2 0.363143 0.159629 0.917957 -0.181869 
r3 0 0 0 1 

Frame 188
r0 0.709645 0.589556 -0.385783 -0.314367 
r1 -0.601953 0.791878 0.102867 0.121134 
r2 0.366138 0.159224 0.916837 -0.181608 
r3 0 0 0 1 

Frame 189
r0 0.706111 0.591049 -0.389958 -0.316339 
r1 -0.604 0.790175 0.103962 0.121749 
r2 0.369581 0.162126 0.914945 -0.18272 
r3 0 0 0 1 

Frame 190
r0 0.703235 0.590143 -0.396475 -0.320224 
r1 -0.60461 0.789808 0.103202 0.124017 
r2 0.374043 0.167137 0.912226 -0.183899 
r3 0 0 0 1 

Frame 191
r0 0.700868 0.589419 -0.401709 -0.321296 
r1 -0.605141 0.78948 0.102589 0.127451 
r2 0.377609 0.171189 0.910003 -0.184623 
r3 0 0 0 1 

Frame 192
r0 0.699443 0.590932 -0.401969 -0.323376 
r1 -0.606877 0.78814 0.102649 0.129478 
r2 0.377466 0.172148 0.909882 -0.186193 
r3 0 0 0 1 

Frame 193
r0 0.697108 0.593383 -0.402414 -0.32526 
r1 -0.609023 0.786257 0.104362 0.12849 
r2 0.378328 0.172328 0.90949 -0.187391 
r3 0 0 0 1 

Frame 194
r0 0.695049 0.595676 -0.402588 -0.327147 
r1 -0.612014 0.784048 0.103478 0.129614 
r2 0.377288 0.174468 0.909514 -0.188858 
r3 0 0 0 1 

Frame 195
r0 0.69413 0.596619 -0.402778 -0.3277 
r1 -0.612852 0.783308 0.104122 0.129071 
r2 0.37762 0.174569 0.909356 -0.188384 
r3 0 0 0 1 

Frame 196
r0 0.69383 0.596821 -0.402995 -0.329123 
r1 -0.612644 0.783315 0.105283 0.130502 
r2 0.378507 0.173844 0.909126 -0.188842 
r3 0 0 0 1 

Frame 197
r0 0.690044 0.600867 -0.403482 -0.330516 
r1 -0.616097 0.780201 0.108214 0.131091 
r2 0.379819 0.173912 0.908566 -0.189232 
r3 0 0 0 1 

Frame 198
r0 0.688719 0.602678 -0.403046 -0.335102 
r1 -0.618057 0.778652 0.108198 0.132409 
r2 0.379041 0.174588 0.908762 -0.191135 
r3 0 0 0 1 

Frame 199
r0 0.686716 0.604107 -0.404321 -0.334648 
r1 -0.620933 0.776684 0.105847 0.135094 
r2 0.377973 0.178369 0.908472 -0.19146 
r3 0 0 0 1 

Frame 200
r0 0.687046 0.604661 -0.40293 -0.337903 
r1 -0.620722 0.776678 0.107122 0.136995 
r2 0.37772 0.17651 0.90894 -0.192652 
r3 0 0 0 1 

Frame 201
r0 0.683665 0.607188 -0.404875 -0.340214 
r1 -0.62258 0.774708 0.110546 0.13529 
r2 0.380783 0.176491 0.907665 -0.192429 
r3 0 0 0 1 

Frame 202
r0 0.682523 0.608014 -0.405564 -0.339431 
r1 -0.62364 0.773846 0.110613 0.135312 
r2 0.381099 0.17743 0.907349 -0.192217 
r3 0 0 0 1 

Frame 203
r0 0.680978 0.609189 -0.406396 -0.341704 
r1 -0.625701 0.772365 0.109321 0.137313 
r2 0.380483 0.179837 0.907133 -0.193497 
r3 0 0 0 1 

Frame 204
r0 0.679066 0.610508 -0.407615 -0.343046 
r1 -0.627828 0.770756 0.108474 0.137918 
r2 0.380396 0.182251 0.906688 -0.193834 
r3 0 0 0 1 

Frame 205
r0 0.67572 0.613067 -0.409331 -0.344447 
r1 -0.630551 0.768335 0.10985 0.139297 
r2 0.381849 0.183876 0.905749 -0.194659 
r3 0 0 0 1 

Frame 206
r0 0.672381 0.61585 -0.410649 -0.347037 
r1 -0.632609 0.766155 0.113193 0.140647 
r2 0.384331 0.183672 0.90474 -0.195941 
r3 0 0 0 1 

Frame 207
r0 0.668973 0.617929 -0.413085 -0.350625 
r1 -0.634726 0.764114 0.115119 0.141746 
r2 0.386779 0.185184 0.903387 -0.196875 
r3 0 0 0 1 

Frame 208
r0 0.666553 0.619029 -0.415343 -0.353004 
r1 -0.636751 0.76251 0.114575 0.144812 
r2 0.387629 0.1881 0.90242 -0.198168 
r3 0 0 0 1 

Frame 209
r0 0.664081 0.621994 -0.414873 -0.355224 
r1 -0.639762 0.759891 0.115201 0.147167 
r2 0.386913 0.188917 0.902557 -0.199668 
r3 0 0 0 1 

Frame 210
r0 0.660359 0.626792 -0.413593 -0.357929 
r1 -0.643787 0.756066 0.117908 0.147492 
r2 0.386607 0.188404 0.902795 -0.201403 
r3 0 0 0 1 

Frame 211
r0 0.657667 0.630593 -0.412101 -0.360231 
r1 -0.647705 0.752684 0.118087 0.147727 
r2 0.384647 0.189258 0.903453 -0.203065 
r3 0 0 0 1 

Frame 212
r0 0.657266 0.631498 -0.411354 -0.360689 
r1 -0.649604 0.751428 0.115625 0.147968 
r2 0.38212 0.191221 0.904112 -0.204691 
r3 0 0 0 1 

Frame 213
r0 0.656162 0.631537 -0.413053 -0.36038 
r1 -0.650946 0.750586 0.113536 0.149429 
r2 0.381734 0.194378 0.903602 -0.205668 
r3 0 0 0 1 

Frame 214
r0 0.653853 0.63319 -0.414182 -0.36072 
r1 -0.652869 0.748824 0.114124 0.151134 
r2 0.382412 0.195786 0.903011 -0.206666 
r3 0 0 0 1 

Frame 215
r0 0.649765 0.636771 -0.415124 -0.363936 
r1 -0.656636 0.745316 0.115474 0.153034 
r2 0.382929 0.197554 0.902407 -0.209041 
r3 0 0 0 1 

Frame 216
r0 0.646309 0.639025 -0.417051 -0.367105 
r1 -0.659858 0.742518 0.115129 0.154849 
r2 0.383238 0.200785 0.901562 -0.21103 
r3 0 0 0 1 

Frame 217
r0 0.643497 0.640762 -0.41873 -0.368004 
r1 -0.66273 0.740116 0.114091 0.15629 
r2 0.383014 0.204088 0.900915 -0.212582 
r3 0 0 0 1 

Frame 218
r0 0.639326 0.644281 -0.419719 -0.369872 
r1 -0.66616 0.736708 0.116157 0.157565 
r2 0.384048 0.205338 0.900191 -0.214169 
r3 0 0 0 1 

Frame 219
r0 0.636372 0.647042 -0.419961 -0.372725 
r1 -0.668259 0.734374 0.118845 0.159718 
r2 0.385307 0.205013 0.899727 -0.216343 
r3 0 0 0 1 

Frame 220
r0 0.631363 0.650004 -0.422937 -0.38045 
r1 -0.672033 0.730755 0.119869 0.163051 
r2 0.386979 0.208547 0.898196 -0.219709 
r3 0 0 0 1 

Frame 221
r0 0.62977 0.650281 -0.424882 -0.378211 
r1 -0.672838 0.729998 0.119966 0.162951 
r2 0.388175 0.210326 0.897264 -0.21844 
r3 0 0 0 1 

Frame 222
r0 0.627232 0.651164 -0.427277 -0.379484 
r1 -0.674259 0.728588 0.120562 0.165815 
r2 0.389815 0.212475 0.896047 -0.219038 
r3 0 0 0 1 

Frame 223
r0 0.622467 0.654644 -0.428925 -0.383016 
r1 -0.677097 0.725307 0.124374 0.167485 
r2 0.392523 0.213005 0.894737 -0.2198 
r3 0 0 0 1 

Frame 224
r0 0.618577 0.656872 -0.431141 -0.386359 
r1 -0.679076 0.722966 0.127187 0.168716 
r2 0.395245 0.214102 0.893275 -0.220645 
r3 0 0 0 1 

Frame 225
r0 0.614769 0.657866 -0.435054 -0.389459 
r1 -0.680878 0.721081 0.128244 0.171327 
r2 0.398076 0.217378 0.891225 -0.221407 
r3 0 0 0 1 

Frame 226
r0 0.611277 0.65945 -0.437568 -0.39223 
r1 -0.68322 0.718765 0.128787 0.175285 
r2 0.399438 0.220231 0.889914 -0.222779 
r3 0 0 0 1 

Frame 227
r0 0.608552 0.662728 -0.436413 -0.394654 
r1 -0.685249 0.716227 0.132108 0.175055 
r2 0.400122 0.218658 0.889995 -0.223321 
r3 0 0 0 1 

Frame 228
r0 0.606103 0.665319 -0.435878 -0.397922 
r1 -0.686971 0.714088 0.134719 0.17643 
r2 0.400886 0.217782 0.889866 -0.224127 
r3 0 0 0 1 

Frame 229
r0 0.604163 0.667445 -0.435321 -0.401315 
r1 -0.688892 0.712056 0.13566 0.17731 
r2 0.400519 0.217929 0.889996 -0.225534 
r3 0 0 0 1 

Frame 230
r0 0.602214 0.668575 -0.436287 -0.403069 
r1 -0.690837 0.71031 0.13492 0.179492 
r2 0.400103 0.220152 0.889635 -0.226495 
r3 0 0 0 1 

Frame 231
r0 0.600361 0.67115 -0.434884 -0.404932 
r1 -0.693215 0.707883 0.135478 0.180733 
r2 0.398774 0.220132 0.890237 -0.227302 
r3 0 0 0 1 

Frame 232
r0 0.598349 0.675656 -0.430659 -0.40778 
r1 -0.695848 0.704661 0.138737 0.18004 
r2 0.397207 0.21666 0.891787 -0.229261 
r3 0 0 0 1 

Frame 233
r0 0.596714 0.679355 -0.427094 -0.409838 
r1 -0.699341 0.701265 0.138382 0.182616 
r2 0.393517 0.216109 0.893555 -0.231312 
r3 0 0 0 1 

Frame 234
r0 0.597102 0.681248 -0.423521 -0.413068 
r1 -0.702294 0.699089 0.134376 0.184301 
r2 0.387623 0.2172 0.895864 -0.234944 
r3 0 0 0 1 

Frame 235
r0 0.596216 0.681592 -0.424214 -0.411091 
r1 -0.704868 0.697362 0.129799 0.184109 
r2 0.384301 0.221627 0.896211 -0.235753 
r3 0 0 0 1 

Frame 236
r0 0.590318 0.684753 -0.427362 -0.416491 
r1 -0.708729 0.693103 0.13157 0.185177 
r2 0.386299 0.225216 0.894456 -0.239402 
r3 0 0 0 1 

Frame 237
r0 0.590025 0.68449 -0.428188 -0.415076 
r1 -0.709187 0.692863 0.130364 0.185691 
r2 0.385908 0.226747 0.894238 -0.239772 
r3 0 0 0 1 

Frame 238
r0 0.587721 0.685532 -0.429684 -0.417492 
r1 -0.712082 0.690417 0.127529 0.189912 
r2 0.384086 0.231019 0.893929 -0.242183 
r3 0 0 0 1 

Frame 239
r0 0.585239 0.686739 -0.431143 -0.417993 
r1 -0.714155 0.688362 0.127043 0.191073 
r2 0.384028 0.233552 0.893295 -0.242552 
r3 0 0 0 1 

Frame 240
r0 0.581314 0.688258 -0.434022 -0.419109 
r1 -0.715745 0.686237 0.129567 0.192262 
r2 0.387017 0.23533 0.891537 -0.24297 
r3 0 0 0 1 

Frame 241
r0 0.577049 0.691119 -0.435166 -0.423699 
r1 -0.717988 0.68323 0.133004 0.195038 
r2 0.389241 0.235694 0.890472 -0.245444 
r3 0 0 0 1 

Frame 242
r0 0.573296 0.69401 -0.435524 -0.427836 
r1 -0.721066 0.679774 0.134059 0.196387 
r2 0.389096 0.237186 0.890139 -0.247997 
r3 0 0 0 1 

Frame 243
r0 0.569632 0.695425 -0.438068 -0.429258 
r1 -0.724033 0.676827 0.13297 0.196903 
r2 0.388967 0.241431 0.889053 -0.248873 
r3 0 0 0 1 

Frame 244
r0 0.566924 0.695924 -0.44078 -0.431093 
r1 -0.725736 0.675102 0.132453 0.200023 
r2 0.389749 0.244799 0.887789 -0.250348 
r3 0 0 0 1 

Frame 245
r0 0.561726 0.699159 -0.442312 -0.434804 
r1 -0.728996 0.671081 0.134964 0.201537 
r2 0.391189 0.246631 0.886648 -0.252528 
r3 0 0 0 1 

Frame 246
r0 0.55704 0.702692 -0.442639 -0.43762 
r1 -0.732456 0.666899 0.136945 0.202587 
r2 0.391426 0.24793 0.886181 -0.254988 
r3 0 0 0 1 

Frame 247
r0 0.553122 0.705173 -0.443607 -0.441643 
r1 -0.736032 0.66308 0.136316 0.204342 
r2 0.390273 0.25111 0.885794 -0.256919 
r3 0 0 0 1 

Frame 248
r0 0.550665 0.704983 -0.446953 -0.441533 
r1 -0.737354 0.661796 0.135407 0.205998 
r2 0.391252 0.254999 0.88425 -0.257131 
r3 0 0 0 1 

Frame 249
r0 0.548252 0.704611 -0.450491 -0.442518 
r1 -0.737193 0.661537 0.137535 0.206173 
r2 0.394925 0.256695 0.882123 -0.256641 
r3 0 0 0 1 

Frame 250
r0 0.543617 0.707307 -0.451882 -0.446571 
r1 -0.738708 0.65879 0.142499 0.208281 
r2 0.398486 0.256344 0.880623 -0.258121 
r3 0 0 0 1 

Frame 251
r0 0.538734 0.7108 -0.452249 -0.451461 
r1 -0.741835 0.654665 0.145239 0.209736 
r2 0.399307 0.257249 0.879987 -0.260941 
r3 0 0 0 1 

Frame 252
r0 0.532057 0.714705 -0.453995 -0.453271 
r1 -0.748092 0.647938 0.143301 0.210566 
r2 0.396579 0.263386 0.879405 -0.261751 
r3 0 0 0 1 

Frame 253
r0 0.529227 0.718134 -0.451887 -0.455216 
r1 -0.751559 0.643944 0.143162 0.214192 
r2 0.393799 0.263854 0.880513 -0.263454 
r3 0 0 0 1 

Frame 254
r0 0.529154 0.719577 -0.449673 -0.459202 
r1 -0.751713 0.643365 0.144947 0.212561 
r2 0.393604 0.261325 0.881354 -0.262872 
r3 0 0 0 1 

Frame 255
r0 0.525471 0.723805 -0.447199 -0.461594 
r1 -0.754483 0.639352 0.148272 0.215008 
r2 0.393237 0.259491 0.882059 -0.263874 
r3 0 0 0 1 

Frame 256
r0 0.520588 0.728419 -0.445414 -0.465041 
r1 -0.75894 0.63378 0.14944 0.216725 
r2 0.39115 0.260245 0.882765 -0.264887 
r3 0 0 0 1 

Frame 257
r0 0.520301 0.729216 -0.444444 -0.466347 
r1 -0.759539 0.63305 0.149492 0.218095 
r2 0.390367 0.259792 0.883245 -0.265686 
r3 0 0 0 1 

Frame 258
r0 0.516011 0.732952 -0.443299 -0.468875 
r1 -0.762977 0.628523 0.151079 0.218556 
r2 0.389357 0.260268 0.883551 -0.266301 
r3 0 0 0 1 

Frame 259
r0 0.512827 0.735485 -0.442798 -0.472322 
r1 -0.765442 0.625275 0.152083 0.220556 
r2 0.388725 0.260944 0.88363 -0.267604 
r3 0 0 0 1 

Frame 260
r0 0.508995 0.738416 -0.442341 -0.475202 
r1 -0.768317 0.62144 0.153302 0.220719 
r2 0.388089 0.261828 0.883647 -0.268739 
r3 0 0 0 1 

Frame 261
r0 0.506517 0.739836 -0.442814 -0.47786 
r1 -0.770342 0.618995 0.153029 0.223023 
r2 0.387316 0.263606 0.883458 -0.269824 
r3 0 0 0 1 

Frame 262
r0 0.497983 0.743877 -0.445712 -0.481995 
r1 -0.774667 0.612599 0.156889 0.226351 
r2 0.389749 0.267151 0.881321 -0.27167 
r3 0 0 0 1 

Frame 263
r0 0.498591 0.743789 -0.44518 -0.482062 
r1 -0.774314 0.613018 0.156992 0.225532 
r2 0.389672 0.266435 0.881572 -0.271879 
r3 0 0 0 1 

Frame 264
r0 0.494728 0.74591 -0.445939 -0.483867 
r1 -0.776838 0.6096 0.157832 0.225894 
r2 0.389573 0.268338 0.881038 -0.272493 
r3 0 0 0 1 

Frame 265
r0 0.493073 0.74643 -0.446901 -0.486197 
r1 -0.778016 0.608198 0.157436 0.227857 
r2 0.38932 0.270069 0.880621 -0.273821 
r3 0 0 0 1 

Frame 266
r0 0.490656 0.747746 -0.447361 -0.490207 
r1 -0.779422 0.606164 0.158326 0.230159 
r2 0.389562 0.270999 0.880228 -0.275646 
r3 0 0 0 1 

Frame 267
r0 0.487872 0.752959 -0.441625 -0.49571 
r1 -0.783453 0.600804 0.158858 0.232215 
r2 0.384944 0.26849 0.883024 -0.278239 
r3 0 0 0 1 

Frame 268
r0 0.486987 0.758918 -0.432304 -0.496168 
r1 -0.78805 0.59521 0.157171 0.232479 
r2 0.376592 0.264137 0.887925 -0.280104 
r3 0 0 0 1 

Frame 269
