Frame 1
r0 1 0 0 0 
r1 0 1 0 0 
r2 0 0 1 0 
r3 0 0 0 1 

Frame 2
r0 0.999997 0.000454307 0.00233818 0.00495112 
r1 -0.000455126 1 0.000362463 0.00118891 
r2 -0.00233801 -0.000363527 0.999997 0.00218427 
r3 0 0 0 1 

Frame 3
r0 0.999982 -0.00445855 0.00411711 0.00713832 
r1 0.00444743 0.999986 0.00271766 0.00527905 
r2 -0.00412917 -0.0026993 0.999988 0.00452981 
r3 0 0 0 1 

Frame 4
r0 0.999953 -0.00966234 0.00104688 0.00176985 
r1 0.00965858 0.999947 0.00372605 0.00726279 
r2 -0.00108282 -0.00371576 0.999992 0.00533487 
r3 0 0 0 1 

Frame 5
r0 0.999893 -0.0116444 -0.00884093 -0.000160706 
r1 0.0116678 0.999929 0.00258315 0.00660913 
r2 0.00881022 -0.00268603 0.999958 0.0059601 
r3 0 0 0 1 

Frame 6
r0 0.999784 -0.012794 -0.0163919 0.00153467 
r1 0.0128729 0.999906 0.0047102 0.00498069 
r2 0.0163301 -0.00492019 0.999855 0.00448143 
r3 0 0 0 1 

Frame 7
r0 0.999743 -0.0164331 -0.0156261 0.00359452 
r1 0.0165748 0.999822 0.00897731 0.00567549 
r2 0.0154758 -0.009234 0.999838 0.00333977 
r3 0 0 0 1 

Frame 8
r0 0.999742 -0.0184709 -0.0132416 0.00153153 
r1 0.0186429 0.999742 0.0129898 0.00544879 
r2 0.0129982 -0.0132333 0.999828 0.00440868 
r3 0 0 0 1 

Frame 9
r0 0.999769 -0.0169691 -0.0132103 0.0062291 
r1 0.017253 0.999616 0.0216825 0.00548628 
r2 0.0128374 -0.0219055 0.999678 0.0070211 
r3 0 0 0 1 

Frame 10
r0 0.99946 -0.0241 -0.0223471 0.0247452 
r1 0.0247242 0.9993 0.0280765 0.0177615 
r2 0.0216547 -0.0286137 0.999356 0.00667772 
r3 0 0 0 1 

Frame 11
r0 0.997802 -0.045664 -0.0480179 0.00678136 
r1 0.0468695 0.998606 0.0242907 0.0157079 
r2 0.0468417 -0.0264879 0.998551 0.00345047 
r3 0 0 0 1 

Frame 12
r0 0.997437 -0.0443882 -0.0561121 0.0197926 
r1 0.0460603 0.998522 0.0288696 0.0253823 
r2 0.0547476 -0.0313801 0.998007 0.00589574 
r3 0 0 0 1 

Frame 13
r0 0.997357 -0.0449955 -0.0570413 0.0208109 
r1 0.046719 0.99848 0.0292601 0.0251707 
r2 0.055638 -0.0318476 0.997943 0.00655645 
r3 0 0 0 1 

Frame 14
r0 0.996921 -0.0551922 -0.0556964 0.0197847 
r1 0.0574834 0.997528 0.0404088 0.0303235 
r2 0.0533285 -0.0434861 0.99763 0.00648305 
r3 0 0 0 1 

Frame 15
r0 0.996615 -0.0570403 -0.0591984 0.0155899 
r1 0.0598775 0.997084 0.047318 0.0300347 
r2 0.0563267 -0.0507025 0.997124 0.0069697 
r3 0 0 0 1 

Frame 16
r0 0.996746 -0.0520146 -0.0615765 0.015353 
r1 0.0553124 0.997054 0.0531295 0.0284177 
r2 0.0586316 -0.0563626 0.996687 0.00695268 
r3 0 0 0 1 

Frame 17
r0 0.997126 -0.0464786 -0.0598238 0.017134 
r1 0.0498989 0.997126 0.0570056 0.02965 
r2 0.0570023 -0.0598269 0.99658 0.006784 
r3 0 0 0 1 

Frame 18
r0 0.997139 -0.0464259 -0.0596556 0.0169499 
r1 0.0498322 0.997133 0.0569389 0.0297025 
r2 0.0568411 -0.0597487 0.996594 0.00666424 
r3 0 0 0 1 

Frame 19
r0 0.996968 -0.0474885 -0.0616366 0.023451 
r1 0.0507872 0.997297 0.0531047 0.0313519 
r2 0.0589482 -0.0560741 0.996685 0.00747672 
r3 0 0 0 1 

Frame 20
r0 0.996597 -0.0546158 -0.0617378 0.0302187 
r1 0.058008 0.996824 0.0545577 0.0343168 
r2 0.0585621 -0.0579533 0.9966 0.00781121 
r3 0 0 0 1 

Frame 21
r0 0.996846 -0.0578211 -0.0543603 0.0186878 
r1 0.0609229 0.996499 0.0572513 0.0337441 
r2 0.0508596 -0.0603825 0.996879 0.00574638 
r3 0 0 0 1 

Frame 22
r0 0.996798 -0.0562062 -0.056864 0.0156753 
r1 0.059442 0.996608 0.0569103 0.0325539 
r2 0.0534724 -0.0601082 0.996759 0.00354712 
r3 0 0 0 1 

Frame 23
r0 0.997342 -0.0485381 -0.0543361 0.0213819 
r1 0.0517 0.996955 0.0583758 0.034113 
r2 0.0513372 -0.0610298 0.996815 0.00174623 
r3 0 0 0 1 

Frame 24
r0 0.997552 -0.0470034 -0.0517686 0.0190516 
r1 0.0499816 0.997074 0.0578291 0.0335515 
r2 0.048899 -0.060275 0.996983 -0.00151324 
r3 0 0 0 1 

Frame 25
r0 0.997845 -0.0451291 -0.0476308 0.0179188 
r1 0.0477597 0.997309 0.0556169 0.0340569 
r2 0.0449926 -0.0577718 0.997316 -0.0038815 
r3 0 0 0 1 

Frame 26
r0 0.997862 -0.0471817 -0.0452275 0.0227154 
r1 0.0496257 0.997278 0.0545326 0.035564 
r2 0.0425315 -0.0566605 0.997487 -0.00576937 
r3 0 0 0 1 

Frame 27
r0 0.998019 -0.0448434 -0.0441176 0.0283411 
r1 0.047184 0.997451 0.0535193 0.0381768 
r2 0.0416052 -0.0554949 0.997592 -0.00837577 
r3 0 0 0 1 

Frame 28
r0 0.998299 -0.042054 -0.0403665 0.0243834 
r1 0.0442376 0.997516 0.0548219 0.0353242 
r2 0.0379608 -0.0565143 0.99768 -0.0100131 
r3 0 0 0 1 

Frame 29
r0 0.998713 -0.0363664 -0.0353534 0.0249377 
r1 0.0382602 0.997783 0.0544538 0.0362924 
r2 0.0332947 -0.0557363 0.99789 -0.0123229 
r3 0 0 0 1 

Frame 30
r0 0.998902 -0.0349231 -0.0312156 0.0255402 
r1 0.0364961 0.998014 0.0513345 0.0366694 
r2 0.0293609 -0.0524174 0.998194 -0.0136081 
r3 0 0 0 1 

Frame 31
r0 0.998815 -0.0367638 -0.0318757 0.0295844 
r1 0.0382475 0.99815 0.0472602 0.0368116 
r2 0.0300792 -0.0484232 0.998374 -0.0139366 
r3 0 0 0 1 

Frame 32
r0 0.998673 -0.0387659 -0.033898 0.0316521 
r1 0.0402749 0.998173 0.0450355 0.0371249 
r2 0.0320902 -0.046341 0.99841 -0.0153016 
r3 0 0 0 1 

Frame 33
r0 0.998742 -0.0371066 -0.0337081 0.0260673 
r1 0.0385131 0.998371 0.0420828 0.0366269 
r2 0.0320916 -0.0433281 0.998546 -0.0180926 
r3 0 0 0 1 

Frame 34
r0 0.998973 -0.0302661 -0.0337071 0.0275052 
r1 0.0315565 0.998763 0.0384291 0.0347277 
r2 0.0325023 -0.0394534 0.998693 -0.0206949 
r3 0 0 0 1 

Frame 35
r0 0.99926 -0.0254129 -0.0288575 0.0317628 
r1 0.0264377 0.999013 0.0357066 0.0355256 
r2 0.0279216 -0.0364431 0.998946 -0.0236957 
r3 0 0 0 1 

Frame 36
r0 0.999456 -0.0228678 -0.0237851 0.0339518 
r1 0.0236419 0.999183 0.0327708 0.0365688 
r2 0.0230163 -0.0333152 0.99918 -0.0250959 
r3 0 0 0 1 

Frame 37
r0 0.999557 -0.0207182 -0.0213582 0.0332445 
r1 0.0213403 0.999341 0.0293597 0.0370912 
r2 0.0207359 -0.0298025 0.999341 -0.0269035 
r3 0 0 0 1 

Frame 38
r0 0.999643 -0.0154305 -0.0218146 0.0301876 
r1 0.0159471 0.999592 0.0237127 0.0362621 
r2 0.0214398 -0.0240521 0.999481 -0.0290303 
r3 0 0 0 1 

Frame 39
r0 0.999626 -0.012929 -0.0241068 0.0283508 
r1 0.0133079 0.99979 0.0156214 0.0346358 
r2 0.0238997 -0.0159357 0.999587 -0.0291268 
r3 0 0 0 1 

Frame 40
r0 0.999558 -0.00656239 -0.0290004 0.0289775 
r1 0.00684531 0.99993 0.0096688 0.0315729 
r2 0.0289348 -0.00986332 0.999533 -0.0282858 
r3 0 0 0 1 

Frame 41
r0 0.999552 -0.000703886 -0.0299122 0.0331624 
r1 0.000930563 0.999971 0.00755587 0.0327133 
r2 0.0299055 -0.00758028 0.999524 -0.0286533 
r3 0 0 0 1 

Frame 42
r0 0.999611 0.00221178 -0.0277956 0.0318339 
r1 -0.00203162 0.999977 0.00650272 0.0334623 
r2 0.027809 -0.00644386 0.999593 -0.0289542 
r3 0 0 0 1 

Frame 43
r0 0.999578 0.00423378 -0.028759 0.0256234 
r1 -0.00413072 0.999985 0.00364408 0.0319624 
r2 0.0287741 -0.00352365 0.99958 -0.0297304 
r3 0 0 0 1 

Frame 44
r0 0.999196 0.0171611 -0.0362341 0.0295765 
r1 -0.0172335 0.99985 -0.00168523 0.0278076 
r2 0.0361997 0.00230832 0.999342 -0.0291413 
r3 0 0 0 1 

Frame 45
r0 0.999271 0.0198478 -0.032611 0.0257281 
r1 -0.0199035 0.999801 -0.00138222 0.0260408 
r2 0.032577 0.00203025 0.999467 -0.0304934 
r3 0 0 0 1 

Frame 46
r0 0.999362 0.0217002 -0.0283639 0.0260202 
r1 -0.0217694 0.999761 -0.0021375 0.027216 
r2 0.0283107 0.00275332 0.999595 -0.0311318 
r3 0 0 0 1 

Frame 47
r0 0.999356 0.0235491 -0.0270746 0.0231897 
r1 -0.02366 0.999713 -0.00378251 0.0256024 
r2 0.0269776 0.00442047 0.999627 -0.0315044 
r3 0 0 0 1 

Frame 48
r0 0.999127 0.0288039 -0.0302496 0.0224314 
r1 -0.0290092 0.999559 -0.00636409 0.0238372 
r2 0.0300529 0.00723592 0.999522 -0.032758 
r3 0 0 0 1 

Frame 49
r0 0.998887 0.0348757 -0.0317556 0.0228856 
r1 -0.0351695 0.999343 -0.00874945 0.022929 
r2 0.0314295 0.0098568 0.999457 -0.0344279 
r3 0 0 0 1 

Frame 50
r0 0.998845 0.0376115 -0.0298941 0.0216104 
r1 -0.0379491 0.999221 -0.0108116 0.0230452 
r2 0.0294642 0.0119336 0.999495 -0.0356595 
r3 0 0 0 1 

Frame 51
r0 0.99878 0.039046 -0.0302367 0.0210953 
r1 -0.0394654 0.999131 -0.0134062 0.0220602 
r2 0.029687 0.0145832 0.999453 -0.0358471 
r3 0 0 0 1 

Frame 52
r0 0.998632 0.0413452 -0.0319967 0.0207033 
r1 -0.0418287 0.999018 -0.0145841 0.021372 
r2 0.0313623 0.0159026 0.999382 -0.0359463 
r3 0 0 0 1 

Frame 53
r0 0.998505 0.0447262 -0.0314123 0.0191652 
r1 -0.0451772 0.998884 -0.0137937 0.02231 
r2 0.0307603 0.0151922 0.999411 -0.0370916 
r3 0 0 0 1 

Frame 54
r0 0.998543 0.044807 -0.0300811 0.0142921 
r1 -0.0451816 0.998908 -0.0118905 0.0219384 
r2 0.0295155 0.0132323 0.999477 -0.0387894 
r3 0 0 0 1 

Frame 55
r0 0.998529 0.0421194 -0.034131 0.0204849 
r1 -0.0427108 0.998946 -0.0167922 0.0291716 
r2 0.0333878 0.0182253 0.999277 -0.0415121 
r3 0 0 0 1 

Frame 56
r0 0.997727 0.0494469 -0.0457942 0.0106797 
r1 -0.05056 0.998445 -0.0234775 0.0197054 
r2 0.0445621 0.0257395 0.998675 -0.0384851 
r3 0 0 0 1 

Frame 57
r0 0.996886 0.0598115 -0.0513885 0.0137819 
r1 -0.0611274 0.997831 -0.0244267 0.018951 
r2 0.049816 0.0274919 0.99838 -0.0379591 
r3 0 0 0 1 

Frame 58
r0 0.996914 0.0627057 -0.0472206 0.0126347 
r1 -0.0638305 0.997703 -0.0226983 0.0207197 
r2 0.0456888 0.0256423 0.998627 -0.0379138 
r3 0 0 0 1 

Frame 59
r0 0.997018 0.0618513 -0.0461476 0.0104597 
r1 -0.0629186 0.997775 -0.0220473 0.0210005 
r2 0.0446813 0.0248851 0.998691 -0.0381649 
r3 0 0 0 1 

Frame 60
r0 0.997154 0.0578485 -0.0483518 0.00544925 
r1 -0.0590099 0.997993 -0.0229507 0.0216652 
r2 0.0469271 0.0257387 0.998567 -0.0401793 
r3 0 0 0 1 

Frame 61
r0 0.996532 0.0601713 -0.0574685 0.00425176 
r1 -0.0617451 0.997753 -0.0260089 0.0201217 
r2 0.0557744 0.0294672 0.998009 -0.0413182 
r3 0 0 0 1 

Frame 62
r0 0.995791 0.0657237 -0.0638761 0.000912063 
r1 -0.0676496 0.997303 -0.0284669 0.0184467 
r2 0.0618328 0.0326683 0.997551 -0.0423481 
r3 0 0 0 1 

Frame 63
r0 0.995041 0.0722516 -0.0683555 0.0017152 
r1 -0.0745072 0.996738 -0.0310368 0.0180829 
r2 0.06589 0.0359759 0.997178 -0.0433772 
r3 0 0 0 1 

Frame 64
r0 0.994968 0.0733032 -0.0683012 0.00187024 
r1 -0.075626 0.996621 -0.03206 0.0180612 
r2 0.0657203 0.037064 0.997149 -0.0441486 
r3 0 0 0 1 

Frame 65
r0 0.994916 0.072801 -0.0695883 0.000566751 
r1 -0.0752326 0.996621 -0.0329774 0.0184891 
r2 0.0669523 0.0380451 0.99703 -0.0448533 
r3 0 0 0 1 

Frame 66
r0 0.994497 0.0750362 -0.0731126 -0.000514567 
r1 -0.0776576 0.996411 -0.03369 0.0178366 
r2 0.0703222 0.0391824 0.996754 -0.0456585 
r3 0 0 0 1 

Frame 67
r0 0.993926 0.0792715 -0.0763327 -0.0011805 
r1 -0.0821244 0.996007 -0.034996 0.0173234 
r2 0.0732539 0.0410519 0.996468 -0.0473937 
r3 0 0 0 1 

Frame 68
r0 0.993664 0.0807345 -0.0781869 -0.00321639 
r1 -0.0838334 0.995785 -0.0371924 0.0171706 
r2 0.0748546 0.0435112 0.996245 -0.0482712 
r3 0 0 0 1 

Frame 69
r0 0.993001 0.0844099 -0.082607 -0.00135715 
r1 -0.0879178 0.995333 -0.0397855 0.0173573 
r2 0.0788631 0.0467697 0.995788 -0.0490007 
r3 0 0 0 1 

Frame 70
r0 0.992539 0.0871421 -0.0852828 -0.000100025 
r1 -0.0907975 0.995067 -0.0399586 0.0162308 
r2 0.0813802 0.047404 0.995555 -0.0498328 
r3 0 0 0 1 

Frame 71
r0 0.99231 0.0866244 -0.0884097 0.000873513 
r1 -0.0904601 0.995083 -0.0403346 0.015653 
r2 0.0844809 0.0480219 0.995267 -0.0502018 
r3 0 0 0 1 

Frame 72
r0 0.991896 0.0870703 -0.0925267 -0.000119739 
r1 -0.0911567 0.994997 -0.0408872 0.0164443 
r2 0.0885035 0.0489901 0.994871 -0.0512542 
r3 0 0 0 1 

Frame 73
r0 0.991055 0.090435 -0.0981378 0.000182024 
r1 -0.0948926 0.994612 -0.0417373 0.0164985 
r2 0.0938344 0.0506765 0.994298 -0.051737 
r3 0 0 0 1 

Frame 74
r0 0.990668 0.0922125 -0.100365 -0.00315935 
r1 -0.0969338 0.994352 -0.0432172 0.0173302 
r2 0.0958135 0.0525427 0.994011 -0.0519192 
r3 0 0 0 1 

Frame 75
r0 0.989997 0.0961577 -0.103241 -0.00137265 
r1 -0.101127 0.993899 -0.0440147 0.0181891 
r2 0.0983788 0.0540148 0.993682 -0.0520262 
r3 0 0 0 1 

Frame 76
r0 0.990024 0.0953121 -0.103764 -0.00166236 
r1 -0.100142 0.994071 -0.042366 0.0192219 
r2 0.0991108 0.0523345 0.9937 -0.0536039 
r3 0 0 0 1 

Frame 77
r0 0.989567 0.0970131 -0.106519 -0.00396984 
r1 -0.101831 0.993966 -0.0407557 0.0178708 
r2 0.101922 0.0511775 0.993475 -0.0545269 
r3 0 0 0 1 

Frame 78
r0 0.988687 0.100604 -0.111248 -0.00610592 
r1 -0.105785 0.993515 -0.041676 0.0176916 
r2 0.106334 0.052973 0.992918 -0.0550773 
r3 0 0 0 1 

Frame 79
r0 0.987736 0.104317 -0.116168 -0.00644808 
r1 -0.109952 0.992998 -0.0431846 0.0182328 
r2 0.110849 0.0554278 0.99229 -0.0555025 
r3 0 0 0 1 

Frame 80
r0 0.987251 0.107694 -0.117204 -0.00753475 
r1 -0.113339 0.992643 -0.0425921 0.0186111 
r2 0.111755 0.055333 0.992194 -0.0559848 
r3 0 0 0 1 

Frame 81
r0 0.986343 0.113739 -0.119129 -0.00700007 
r1 -0.119074 0.992133 -0.0386435 0.0160389 
r2 0.113797 0.0523009 0.992126 -0.0556907 
r3 0 0 0 1 

Frame 82
r0 0.986019 0.119218 -0.116418 -0.00744514 
r1 -0.123907 0.991716 -0.0338761 0.0169213 
r2 0.111415 0.0478274 0.992622 -0.0578 
r3 0 0 0 1 

Frame 83
r0 0.986457 0.120769 -0.110985 -0.0135702 
r1 -0.125026 0.99163 -0.0322079 0.0176777 
r2 0.106166 0.0456477 0.9933 -0.0600815 
r3 0 0 0 1 

Frame 84
r0 0.986123 0.122409 -0.112148 -0.0125781 
r1 -0.126897 0.991341 -0.0337649 0.0181387 
r2 0.107044 0.0475276 0.993118 -0.0610038 
r3 0 0 0 1 

Frame 85
r0 0.985735 0.124549 -0.113203 -0.0113637 
r1 -0.129014 0.991094 -0.0329892 0.0186511 
r2 0.108086 0.0471233 0.993024 -0.062092 
r3 0 0 0 1 

Frame 86
r0 0.985427 0.124716 -0.115675 -0.0139968 
r1 -0.129259 0.991075 -0.0326082 0.0177943 
r2 0.110576 0.0470851 0.992752 -0.0628916 
r3 0 0 0 1 

Frame 87
r0 0.98386 0.128851 -0.12416 -0.0131417 
r1 -0.134003 0.990396 -0.034044 0.0178729 
r2 0.118581 0.0501322 0.991678 -0.0623818 
r3 0 0 0 1 

Frame 88
r0 0.982521 0.133394 -0.129837 -0.0110733 
r1 -0.138675 0.989805 -0.0324797 0.0191161 
r2 0.124181 0.0499171 0.991003 -0.0620573 
r3 0 0 0 1 

Frame 89
r0 0.981674 0.138249 -0.131159 -0.0145101 
r1 -0.143148 0.989287 -0.0286417 0.0180266 
r2 0.125794 0.0468919 0.990948 -0.0632208 
r3 0 0 0 1 

Frame 90
r0 0.980284 0.142808 -0.13656 -0.0172983 
r1 -0.14795 0.988592 -0.0282235 0.0167564 
r2 0.130972 0.0478711 0.99023 -0.0640101 
r3 0 0 0 1 

Frame 91
r0 0.979005 0.146405 -0.141824 -0.0203547 
r1 -0.151977 0.987951 -0.0292345 0.0166912 
r2 0.135836 0.0501749 0.98946 -0.064561 
r3 0 0 0 1 

Frame 92
r0 0.977536 0.15064 -0.147413 -0.0211164 
r1 -0.156868 0.987117 -0.0315146 0.0188155 
r2 0.140766 0.0539311 0.988573 -0.0647107 
r3 0 0 0 1 

Frame 93
r0 0.977038 0.154331 -0.1469 -0.0244829 
r1 -0.160351 0.986604 -0.0299873 0.0179694 
r2 0.140304 0.0528542 0.988697 -0.0665297 
r3 0 0 0 1 

Frame 94
r0 0.976456 0.157527 -0.147374 -0.0284459 
r1 -0.163533 0.986097 -0.0294898 0.0159486 
r2 0.140679 0.052896 0.988641 -0.0691676 
r3 0 0 0 1 

Frame 95
r0 0.974724 0.162856 -0.15294 -0.0312257 
r1 -0.169557 0.985008 -0.0317604 0.0137645 
r2 0.145475 0.0568899 0.987725 -0.0708321 
r3 0 0 0 1 

Frame 96
r0 0.973046 0.1685 -0.157446 -0.0320556 
r1 -0.176398 0.983604 -0.0375087 0.0177435 
r2 0.148545 0.0642709 0.986815 -0.0722502 
r3 0 0 0 1 

Frame 97
r0 0.972404 0.172847 -0.156699 -0.0315796 
r1 -0.180835 0.982774 -0.0381315 0.0179505 
r2 0.147409 0.0654159 0.98691 -0.0742471 
r3 0 0 0 1 

Frame 98
r0 0.972015 0.174874 -0.156864 -0.0316405 
r1 -0.182799 0.982435 -0.0374912 0.0156781 
r2 0.147553 0.0651167 0.986908 -0.0749977 
r3 0 0 0 1 

Frame 99
r0 0.971494 0.17417 -0.160826 -0.0331255 
r1 -0.182555 0.98243 -0.03881 0.0170891 
r2 0.15124 0.0670633 0.98622 -0.0767482 
r3 0 0 0 1 

Frame 100
r0 0.969492 0.178847 -0.16763 -0.035042 
r1 -0.188059 0.981315 -0.0406636 0.0168662 
r2 0.157225 0.0709474 0.985011 -0.0775467 
r3 0 0 0 1 

Frame 101
r0 0.968809 0.181732 -0.168471 -0.0349369 
r1 -0.191282 0.980629 -0.0421635 0.0178268 
r2 0.157545 0.0730737 0.984805 -0.0783952 
r3 0 0 0 1 

Frame 102
r0 0.968868 0.181915 -0.167936 -0.0387777 
r1 -0.191138 0.980734 -0.0403529 0.0155937 
r2 0.15736 0.0711956 0.984971 -0.0801739 
r3 0 0 0 1 

Frame 103
r0 0.968533 0.181965 -0.169802 -0.0355878 
r1 -0.191313 0.980703 -0.0402771 0.014644 
r2 0.159196 0.0714949 0.984655 -0.0796096 
r3 0 0 0 1 

Frame 104
r0 0.965586 0.188327 -0.179376 -0.0379646 
r1 -0.199019 0.979033 -0.0434356 0.0164033 
r2 0.167435 0.0776401 0.982821 -0.0801362 
r3 0 0 0 1 

Frame 105
r0 0.965518 0.189726 -0.178265 -0.0403486 
r1 -0.200249 0.978807 -0.0428515 0.0162636 
r2 0.166357 0.0770714 0.983049 -0.0806715 
r3 0 0 0 1 

Frame 106
r0 0.964832 0.193347 -0.178092 -0.0400107 
r1 -0.203424 0.978273 -0.0399985 0.0140992 
r2 0.16649 0.0748201 0.983201 -0.0810898 
r3 0 0 0 1 

Frame 107
r0 0.964568 0.193367 -0.179488 -0.0410582 
r1 -0.203304 0.978357 -0.0385481 0.0142214 
r2 0.168149 0.0736729 0.983005 -0.0812663 
r3 0 0 0 1 

Frame 108
r0 0.963926 0.194625 -0.181572 -0.0439549 
r1 -0.20442 0.978195 -0.0367079 0.012108 
r2 0.170468 0.0725007 0.982692 -0.0826252 
r3 0 0 0 1 

Frame 109
r0 0.961401 0.198712 -0.190317 -0.0490548 
r1 -0.209821 0.976925 -0.0399062 0.0144156 
r2 0.177996 0.0782984 0.980911 -0.0835898 
r3 0 0 0 1 

Frame 110
r0 0.961221 0.201111 -0.188701 -0.0520769 
r1 -0.212169 0.976408 -0.0401399 0.0143421 
r2 0.176177 0.0786195 0.981214 -0.0852079 
r3 0 0 0 1 

Frame 111
r0 0.960666 0.204779 -0.187579 -0.0537189 
r1 -0.216127 0.975463 -0.0419689 0.0148614 
r2 0.174382 0.0808592 0.981353 -0.0864571 
r3 0 0 0 1 

Frame 112
r0 0.961094 0.204314 -0.185889 -0.0550999 
r1 -0.215727 0.975498 -0.0431766 0.015095 
r2 0.172513 0.0815981 0.981622 -0.0871738 
r3 0 0 0 1 

Frame 113
r0 0.960016 0.205919 -0.189646 -0.0534015 
r1 -0.217816 0.974999 -0.0439563 0.0161096 
r2 0.175853 0.0835065 0.980868 -0.0870131 
r3 0 0 0 1 

Frame 114
r0 0.959277 0.208447 -0.190625 -0.055992 
r1 -0.220304 0.974481 -0.0430388 0.0160441 
r2 0.176789 0.0832815 0.980719 -0.0872909 
r3 0 0 0 1 

Frame 115
r0 0.957904 0.216862 -0.188125 -0.0602926 
r1 -0.227854 0.972928 -0.0386482 0.0132269 
r2 0.174651 0.0798863 0.981384 -0.0864834 
r3 0 0 0 1 

Frame 116
r0 0.956498 0.231449 -0.177601 -0.0648653 
r1 -0.240279 0.970252 -0.0296293 0.00904071 
r2 0.16546 0.0710141 0.983657 -0.0868079 
r3 0 0 0 1 

Frame 117
r0 0.957793 0.236216 -0.163809 -0.0626402 
r1 -0.243356 0.969622 -0.0246939 0.0129309 
r2 0.153 0.0635156 0.986183 -0.0903669 
r3 0 0 0 1 

Frame 118
r0 0.959207 0.236101 -0.15549 -0.0635956 
r1 -0.243006 0.969656 -0.0267308 0.0126722 
r2 0.144461 0.0634254 0.987476 -0.0923881 
r3 0 0 0 1 

Frame 119
r0 0.959411 0.235882 -0.154566 -0.0656478 
r1 -0.242986 0.96961 -0.0285305 0.0147942 
r2 0.143139 0.0649298 0.987571 -0.0933973 
r3 0 0 0 1 

Frame 120
r0 0.959213 0.235682 -0.156091 -0.064928 
r1 -0.242907 0.969626 -0.0286778 0.014603 
r2 0.144591 0.0654236 0.987326 -0.0936713 
r3 0 0 0 1 

Frame 121
r0 0.958177 0.235876 -0.162046 -0.0662671 
r1 -0.243566 0.969449 -0.0290657 0.0144762 
r2 0.150239 0.067319 0.986355 -0.0945432 
r3 0 0 0 1 

Frame 122
r0 0.95749 0.235656 -0.16637 -0.0696566 
r1 -0.243901 0.969314 -0.030705 0.0149793 
r2 0.154029 0.0699775 0.985585 -0.0958469 
r3 0 0 0 1 

Frame 123
r0 0.956182 0.239243 -0.168756 -0.071725 
r1 -0.248174 0.968131 -0.0336618 0.0159857 
r2 0.155325 0.0740676 0.985083 -0.0964715 
r3 0 0 0 1 

Frame 124
r0 0.955361 0.242955 -0.1681 -0.0727774 
r1 -0.252182 0.967026 -0.0355769 0.016822 
r2 0.153914 0.0763807 0.985128 -0.0973461 
r3 0 0 0 1 

Frame 125
r0 0.955522 0.24347 -0.166433 -0.0742656 
r1 -0.252772 0.966823 -0.0368719 0.0167788 
r2 0.151934 0.0773017 0.985363 -0.0989922 
r3 0 0 0 1 

Frame 126
r0 0.955292 0.243344 -0.16793 -0.074277 
r1 -0.252968 0.966721 -0.0381867 0.0150694 
r2 0.153049 0.0789602 0.985059 -0.099226 
r3 0 0 0 1 

Frame 127
r0 0.953945 0.244994 -0.173107 -0.0725231 
r1 -0.255459 0.965964 -0.0406592 0.0160122 
r2 0.157254 0.0830085 0.984063 -0.098398 
r3 0 0 0 1 

Frame 128
r0 0.953127 0.246686 -0.175199 -0.0729763 
r1 -0.257116 0.965585 -0.0392036 0.0153614 
r2 0.159499 0.0824126 0.983752 -0.0992634 
r3 0 0 0 1 

Frame 129
r0 0.952447 0.24723 -0.178105 -0.076706 
r1 -0.258085 0.965284 -0.0402318 0.0142275 
r2 0.161976 0.0842849 0.983189 -0.101146 
r3 0 0 0 1 

Frame 130
r0 0.952233 0.24624 -0.180606 -0.077648 
r1 -0.257965 0.965142 -0.0442159 0.0163236 
r2 0.163423 0.0886938 0.982561 -0.101357 
r3 0 0 0 1 

Frame 131
r0 0.952105 0.246664 -0.180701 -0.0766413 
r1 -0.258632 0.964899 -0.0455934 0.0160899 
r2 0.163112 0.0901448 0.982481 -0.101989 
r3 0 0 0 1 

Frame 132
r0 0.951501 0.248946 -0.180751 -0.0769714 
r1 -0.260803 0.964356 -0.0447124 0.0142123 
r2 0.163177 0.0896843 0.982512 -0.102916 
r3 0 0 0 1 

Frame 133
r0 0.951318 0.249099 -0.181506 -0.0797271 
r1 -0.261188 0.964207 -0.0456715 0.0147397 
r2 0.163632 0.0908551 0.982329 -0.10431 
r3 0 0 0 1 

Frame 134
r0 0.950275 0.251731 -0.183328 -0.0814234 
r1 -0.264292 0.963284 -0.0472498 0.0146869 
r2 0.164702 0.0933524 0.981916 -0.105308 
r3 0 0 0 1 

Frame 135
r0 0.949607 0.252391 -0.185865 -0.0814921 
r1 -0.26536 0.962946 -0.0481482 0.0161521 
r2 0.166826 0.095043 0.981395 -0.106467 
r3 0 0 0 1 

Frame 136
r0 0.949344 0.251663 -0.188177 -0.0841286 
r1 -0.2646 0.963227 -0.0466957 0.0167317 
r2 0.169506 0.094122 0.981025 -0.107403 
r3 0 0 0 1 

Frame 137
r0 0.948856 0.251993 -0.190188 -0.0826672 
r1 -0.264898 0.963209 -0.0453614 0.014439 
r2 0.17176 0.0934217 0.980699 -0.106545 
r3 0 0 0 1 

Frame 138
r0 0.948276 0.252468 -0.192436 -0.0864293 
r1 -0.265641 0.962993 -0.0456065 0.0152011 
r2 0.173801 0.0943667 0.980249 -0.108481 
r3 0 0 0 1 

Frame 139
r0 0.946047 0.257277 -0.196988 -0.0857544 
r1 -0.27157 0.961177 -0.0488842 0.0176002 
r2 0.176763 0.0997426 0.979186 -0.108308 
r3 0 0 0 1 

Frame 140
r0 0.946314 0.257597 -0.195279 -0.0881809 
r1 -0.271596 0.961204 -0.0481951 0.0178567 
r2 0.175288 0.0986446 0.979563 -0.10941 
r3 0 0 0 1 

Frame 141
r0 0.945886 0.259073 -0.195398 -0.089604 
r1 -0.272593 0.961061 -0.0453227 0.0153335 
r2 0.176048 0.0961342 0.979676 -0.110079 
r3 0 0 0 1 

Frame 142
r0 0.943396 0.263562 -0.201343 -0.0955709 
r1 -0.277671 0.959629 -0.0448568 0.0159945 
r2 0.181392 0.0982248 0.978493 -0.112417 
r3 0 0 0 1 

Frame 143
r0 0.942979 0.265403 -0.200879 -0.0973007 
r1 -0.279579 0.959054 -0.0453063 0.0158738 
r2 0.180629 0.0988844 0.978568 -0.113657 
r3 0 0 0 1 

Frame 144
r0 0.942946 0.265588 -0.200787 -0.0990042 
r1 -0.279954 0.958893 -0.0463696 0.0161813 
r2 0.180218 0.0999352 0.978537 -0.114685 
r3 0 0 0 1 

Frame 145
r0 0.941472 0.268385 -0.20396 -0.0981655 
r1 -0.283199 0.957922 -0.0467326 0.0162011 
r2 0.182835 0.101759 0.977863 -0.114947 
r3 0 0 0 1 

Frame 146
r0 0.940822 0.269055 -0.206065 -0.100264 
r1 -0.284155 0.957626 -0.0470004 0.0161935 
r2 0.184687 0.102773 0.977409 -0.116091 
r3 0 0 0 1 

Frame 147
r0 0.940083 0.270144 -0.208008 -0.101674 
r1 -0.285573 0.957178 -0.0475305 0.016743 
r2 0.18626 0.104084 0.976972 -0.117096 
r3 0 0 0 1 

Frame 148
r0 0.938884 0.272833 -0.209901 -0.102543 
r1 -0.288578 0.956261 -0.0478394 0.0175088 
r2 0.187668 0.105488 0.976552 -0.117114 
r3 0 0 0 1 

Frame 149
r0 0.938678 0.273919 -0.20941 -0.104256 
r1 -0.28933 0.95611 -0.0462796 0.0171669 
r2 0.187542 0.10403 0.976732 -0.11781 
r3 0 0 0 1 

Frame 150
r0 0.936955 0.277666 -0.212171 -0.106244 
r1 -0.293258 0.95496 -0.0452913 0.0161244 
r2 0.190039 0.104657 0.976182 -0.118649 
r3 0 0 0 1 

Frame 151
r0 0.936204 0.278283 -0.214665 -0.109206 
r1 -0.294174 0.954675 -0.0453615 0.0165969 
r2 0.192312 0.105617 0.975634 -0.119496 
r3 0 0 0 1 

Frame 152
r0 0.935142 0.280939 -0.21583 -0.111195 
r1 -0.297282 0.953645 -0.0467292 0.0185101 
r2 0.192697 0.107861 0.975312 -0.120789 
r3 0 0 0 1 

Frame 153
r0 0.934347 0.283777 -0.215562 -0.11304 
r1 -0.300144 0.952749 -0.0467136 0.0179245 
r2 0.192119 0.108346 0.975372 -0.122129 
r3 0 0 0 1 

Frame 154
r0 0.932309 0.287906 -0.218883 -0.117473 
r1 -0.304748 0.951283 -0.0467824 0.0168691 
r2 0.194751 0.11032 0.974629 -0.123971 
r3 0 0 0 1 

Frame 155
r0 0.93216 0.287401 -0.220177 -0.115406 
r1 -0.30434 0.951425 -0.0465663 0.0154005 
r2 0.196099 0.110416 0.974347 -0.123327 
r3 0 0 0 1 

Frame 156
r0 0.931393 0.288158 -0.222421 -0.120986 
r1 -0.305493 0.951026 -0.0471565 0.0173892 
r2 0.19794 0.111869 0.97381 -0.124957 
r3 0 0 0 1 

Frame 157
r0 0.929983 0.292428 -0.222753 -0.124261 
r1 -0.309991 0.949545 -0.0476453 0.01849 
r2 0.197581 0.113361 0.97371 -0.126475 
r3 0 0 0 1 

Frame 158
r0 0.928637 0.297552 -0.221577 -0.127368 
r1 -0.31492 0.947962 -0.0468412 0.0178137 
r2 0.196109 0.113277 0.974017 -0.127693 
r3 0 0 0 1 

Frame 159
r0 0.92675 0.30148 -0.224153 -0.127921 
r1 -0.319145 0.94657 -0.0463763 0.017038 
r2 0.198195 0.114517 0.97345 -0.127298 
r3 0 0 0 1 

Frame 160
r0 0.923031 0.30686 -0.232058 -0.133871 
r1 -0.325409 0.944482 -0.0454181 0.0178795 
r2 0.205237 0.117436 0.971641 -0.129028 
r3 0 0 0 1 

Frame 161
r0 0.922553 0.308141 -0.232262 -0.134222 
r1 -0.326505 0.944158 -0.0442796 0.0160924 
r2 0.205648 0.116685 0.971645 -0.127773 
r3 0 0 0 1 

Frame 162
r0 0.919387 0.314712 -0.235974 -0.139905 
r1 -0.333165 0.941941 -0.0418145 0.0172957 
r2 0.209114 0.117062 0.970859 -0.130601 
r3 0 0 0 1 

Frame 163
r0 0.918341 0.317381 -0.236475 -0.139847 
r1 -0.335981 0.940936 -0.0419063 0.0169895 
r2 0.209207 0.117935 0.970734 -0.130825 
r3 0 0 0 1 

Frame 164
r0 0.917673 0.318181 -0.237987 -0.141925 
r1 -0.337097 0.940514 -0.0424038 0.0170711 
r2 0.210339 0.119138 0.970342 -0.131249 
r3 0 0 0 1 

Frame 165
r0 0.916951 0.317925 -0.241092 -0.141954 
r1 -0.337408 0.940366 -0.0432221 0.0173613 
r2 0.212974 0.120979 0.969539 -0.131756 
r3 0 0 0 1 

Frame 166
r0 0.914632 0.319744 -0.247412 -0.148512 
r1 -0.339947 0.93948 -0.0425766 0.017995 
r2 0.218825 0.123049 0.967975 -0.134047 
r3 0 0 0 1 

Frame 167
r0 0.913517 0.321257 -0.249562 -0.146551 
r1 -0.34178 0.938816 -0.0425586 0.0173104 
r2 0.220621 0.124173 0.967423 -0.13411 
r3 0 0 0 1 

Frame 168
r0 0.912722 0.3217 -0.251888 -0.150012 
r1 -0.342883 0.938346 -0.0440264 0.018019 
r2 0.222194 0.126552 0.966754 -0.135293 
r3 0 0 0 1 

Frame 169
r0 0.91144 0.324073 -0.253485 -0.151839 
r1 -0.345987 0.937112 -0.0459753 0.0205812 
r2 0.222645 0.129606 0.966246 -0.136571 
r3 0 0 0 1 

Frame 170
r0 0.910139 0.327962 -0.253154 -0.153436 
r1 -0.349791 0.93573 -0.0453253 0.019403 
r2 0.222019 0.129803 0.966364 -0.137898 
r3 0 0 0 1 

Frame 171
r0 0.909161 0.329663 -0.254459 -0.153107 
r1 -0.351534 0.935117 -0.0445134 0.0173017 
r2 0.223275 0.129921 0.966058 -0.137063 
r3 0 0 0 1 

Frame 172
r0 0.908361 0.330989 -0.25559 -0.157054 
r1 -0.353066 0.934537 -0.0445649 0.0158297 
r2 0.224108 0.130721 0.965757 -0.137815 
r3 0 0 0 1 

Frame 173
r0 0.907905 0.331597 -0.256424 -0.159725 
r1 -0.354154 0.934052 -0.0460543 0.0180567 
r2 0.224242 0.132627 0.965467 -0.138183 
r3 0 0 0 1 

Frame 174
r0 0.906379 0.336343 -0.255636 -0.160026 
r1 -0.358425 0.932526 -0.0438921 0.0167814 
r2 0.223625 0.131409 0.965776 -0.137989 
r3 0 0 0 1 

Frame 175
r0 0.907066 0.336521 -0.252952 -0.163708 
r1 -0.358199 0.93262 -0.0437382 0.0175562 
r2 0.221189 0.130281 0.96649 -0.139167 
r3 0 0 0 1 

Frame 176
r0 0.906944 0.338353 -0.250936 -0.165032 
r1 -0.359638 0.932101 -0.0430063 0.0153127 
r2 0.219346 0.12925 0.967048 -0.138398 
r3 0 0 0 1 

Frame 177
r0 0.907421 0.338134 -0.249506 -0.16542 
r1 -0.359081 0.932343 -0.0424058 0.0149278 
r2 0.218286 0.128073 0.967444 -0.13768 
r3 0 0 0 1 

Frame 178
r0 0.906702 0.338336 -0.251835 -0.16562 
r1 -0.359206 0.932373 -0.0406519 0.0130523 
r2 0.22105 0.12732 0.966916 -0.136225 
r3 0 0 0 1 

Frame 179
r0 0.905689 0.3403 -0.252832 -0.171777 
r1 -0.360612 0.931966 -0.0373937 0.0144019 
r2 0.222906 0.125041 0.966787 -0.137885 
r3 0 0 0 1 

Frame 180
r0 0.90571 0.341365 -0.251316 -0.174392 
r1 -0.361452 0.93165 -0.0371568 0.0134454 
r2 0.221455 0.124492 0.967192 -0.137787 
r3 0 0 0 1 

Frame 181
r0 0.905079 0.344079 -0.249882 -0.177384 
r1 -0.364188 0.93056 -0.0377477 0.0143937 
r2 0.219542 0.125168 0.96754 -0.138692 
r3 0 0 0 1 

Frame 182
r0 0.904479 0.346511 -0.248694 -0.18113 
r1 -0.366576 0.929613 -0.0379575 0.0141678 
r2 0.218037 0.125497 0.967838 -0.13944 
r3 0 0 0 1 

Frame 183
r0 0.902635 0.350792 -0.249388 -0.182235 
r1 -0.370928 0.927911 -0.0373301 0.0133454 
r2 0.218315 0.1262 0.967684 -0.139719 
r3 0 0 0 1 

Frame 184
r0 0.899633 0.35471 -0.254641 -0.184398 
r1 -0.375318 0.926205 -0.0357921 0.0110422 
r2 0.223154 0.127771 0.966373 -0.141073 
r3 0 0 0 1 

Frame 185
r0 0.898205 0.353197 -0.261687 -0.188527 
r1 -0.375072 0.926247 -0.0372361 0.0115552 
r2 0.229236 0.131597 0.964434 -0.142212 
r3 0 0 0 1 

Frame 186
r0 0.895635 0.356383 -0.266139 -0.195374 
r1 -0.379488 0.924362 -0.0392902 0.0138263 
r2 0.232006 0.136186 0.963134 -0.14549 
r3 0 0 0 1 

Frame 187
r0 0.893893 0.362786 -0.263326 -0.198015 
r1 -0.38549 0.92191 -0.0384726 0.0141291 
r2 0.228805 0.1359 0.96394 -0.147641 
r3 0 0 0 1 

Frame 188
r0 0.889846 0.372817 -0.263024 -0.200657 
r1 -0.395623 0.917636 -0.0377648 0.0111243 
r2 0.227281 0.137663 0.96405 -0.149495 
r3 0 0 0 1 

Frame 189
r0 0.88808 0.377314 -0.262579 -0.203924 
r1 -0.400794 0.91528 -0.0403303 0.0128651 
r2 0.225116 0.141057 0.964068 -0.151191 
r3 0 0 0 1 

Frame 190
r0 0.886767 0.380033 -0.263095 -0.207108 
r1 -0.403895 0.913874 -0.0412734 0.0149839 
r2 0.22475 0.142863 0.963887 -0.15229 
r3 0 0 0 1 

Frame 191
r0 0.884723 0.383425 -0.265048 -0.207411 
r1 -0.407539 0.912284 -0.0406207 0.0147014 
r2 0.226224 0.143955 0.963379 -0.150876 
r3 0 0 0 1 

Frame 192
r0 0.879034 0.391743 -0.271731 -0.213671 
r1 -0.416632 0.908265 -0.038372 0.0167474 
r2 0.231771 0.146942 0.961608 -0.153726 
r3 0 0 0 1 

Frame 193
r0 0.877582 0.394113 -0.272992 -0.217584 
r1 -0.419065 0.907182 -0.0374799 0.0170606 
r2 0.232882 0.147293 0.961286 -0.155802 
r3 0 0 0 1 

Frame 194
r0 0.873013 0.40107 -0.277474 -0.223659 
r1 -0.427364 0.903236 -0.0390442 0.0193711 
r2 0.234965 0.152668 0.95994 -0.159466 
r3 0 0 0 1 

Frame 195
r0 0.867989 0.410137 -0.279968 -0.229785 
r1 -0.437025 0.898625 -0.0384827 0.0166129 
r2 0.235804 0.155756 0.959238 -0.162539 
r3 0 0 0 1 

Frame 196
r0 0.867837 0.410392 -0.280068 -0.229307 
r1 -0.437463 0.898385 -0.0391226 0.0164136 
r2 0.235553 0.156472 0.959183 -0.16412 
r3 0 0 0 1 

Frame 197
r0 0.865645 0.411712 -0.284872 -0.230609 
r1 -0.440545 0.896714 -0.0427131 0.0191112 
r2 0.237863 0.162473 0.957613 -0.164652 
r3 0 0 0 1 

Frame 198
r0 0.863199 0.413664 -0.289429 -0.231148 
r1 -0.443674 0.895113 -0.0438922 0.0205458 
r2 0.240915 0.1663 0.956193 -0.165309 
r3 0 0 0 1 

Frame 199
r0 0.857899 0.418554 -0.298031 -0.235432 
r1 -0.450439 0.891707 -0.0443029 0.0209273 
r2 0.247214 0.172252 0.953527 -0.167925 
r3 0 0 0 1 

Frame 200
r0 0.857424 0.420366 -0.296845 -0.238464 
r1 -0.452088 0.890875 -0.0442558 0.0209064 
r2 0.245848 0.172146 0.9539 -0.168901 
r3 0 0 0 1 

Frame 201
r0 0.852483 0.427364 -0.301053 -0.240437 
r1 -0.460115 0.886765 -0.0440746 0.0216824 
r2 0.248127 0.176092 0.952588 -0.170835 
r3 0 0 0 1 

Frame 202
r0 0.849625 0.431227 -0.303613 -0.241984 
r1 -0.464458 0.884531 -0.0434148 0.021022 
r2 0.249834 0.177902 0.951806 -0.171428 
r3 0 0 0 1 

Frame 203
r0 0.847908 0.432897 -0.306025 -0.24335 
r1 -0.466672 0.883364 -0.0434234 0.0208338 
r2 0.251534 0.179632 0.951033 -0.172625 
r3 0 0 0 1 

Frame 204
r0 0.846964 0.433326 -0.308028 -0.244009 
r1 -0.467735 0.88276 -0.0442568 0.0228001 
r2 0.252737 0.18156 0.950347 -0.173027 
r3 0 0 0 1 

Frame 205
r0 0.845565 0.434719 -0.309901 -0.246021 
r1 -0.469602 0.881761 -0.0444015 0.0226242 
r2 0.253957 0.183074 0.949731 -0.17356 
r3 0 0 0 1 

Frame 206
r0 0.843578 0.436823 -0.31235 -0.247996 
r1 -0.472271 0.880338 -0.0443287 0.0221898 
r2 0.25561 0.184909 0.948932 -0.174369 
r3 0 0 0 1 

Frame 207
r0 0.839188 0.444123 -0.313875 -0.250079 
r1 -0.480025 0.876168 -0.0436619 0.0238243 
r2 0.255616 0.187308 0.94846 -0.175196 
r3 0 0 0 1 

Frame 208
r0 0.838708 0.445761 -0.312835 -0.253165 
r1 -0.481512 0.875353 -0.0436309 0.0237895 
r2 0.254392 0.187227 0.948805 -0.175789 
r3 0 0 0 1 

Frame 209
r0 0.836416 0.449489 -0.313637 -0.254896 
r1 -0.485353 0.873269 -0.0428272 0.0231183 
r2 0.254639 0.188046 0.948577 -0.176821 
r3 0 0 0 1 

Frame 210
r0 0.830864 0.455253 -0.320015 -0.260781 
r1 -0.492622 0.869207 -0.0424757 0.0231219 
r2 0.258822 0.192938 0.94646 -0.177948 
r3 0 0 0 1 

Frame 211
r0 0.83019 0.455069 -0.32202 -0.25901 
r1 -0.492894 0.869046 -0.0426053 0.0227027 
r2 0.260462 0.194092 0.945774 -0.176736 
r3 0 0 0 1 

Frame 212
r0 0.820625 0.466032 -0.330742 -0.265033 
r1 -0.506098 0.861459 -0.0418727 0.0251242 
r2 0.265407 0.201749 0.942792 -0.179665 
r3 0 0 0 1 

Frame 213
r0 0.817988 0.471215 -0.329928 -0.269828 
r1 -0.511456 0.858271 -0.0422344 0.0252501 
r2 0.263266 0.203291 0.943061 -0.181754 
r3 0 0 0 1 

Frame 214
r0 0.814781 0.474656 -0.332918 -0.276128 
r1 -0.51582 0.855642 -0.0424879 0.0262114 
r2 0.264692 0.206344 0.941998 -0.18337 
r3 0 0 0 1 

Frame 215
r0 0.810317 0.476261 -0.34141 -0.278998 
r1 -0.519377 0.853508 -0.0420829 0.0253269 
r2 0.271354 0.211422 0.938972 -0.184663 
r3 0 0 0 1 

Frame 216
r0 0.807785 0.476506 -0.347024 -0.275222 
r1 -0.521548 0.852086 -0.0440152 0.0272547 
r2 0.27472 0.216544 0.936823 -0.184976 
r3 0 0 0 1 

Frame 217
r0 0.808563 0.477135 -0.344338 -0.278023 
r1 -0.521587 0.852057 -0.0441138 0.027581 
r2 0.272347 0.215271 0.937809 -0.187307 
r3 0 0 0 1 

Frame 218
r0 0.807762 0.479376 -0.343102 -0.279863 
r1 -0.523901 0.85059 -0.0449891 0.0282299 
r2 0.270273 0.216092 0.93822 -0.187699 
r3 0 0 0 1 

Frame 219
r0 0.804888 0.483236 -0.344439 -0.28039 
r1 -0.528181 0.84796 -0.0446004 0.028339 
r2 0.270518 0.217824 0.937749 -0.188199 
r3 0 0 0 1 

Frame 220
r0 0.802158 0.486554 -0.346131 -0.282569 
r1 -0.531982 0.845601 -0.0442105 0.0285507 
r2 0.271178 0.219599 0.937144 -0.188731 
r3 0 0 0 1 

Frame 221
r0 0.799513 0.487672 -0.35065 -0.281961 
r1 -0.534196 0.84422 -0.0439037 0.0283416 
r2 0.274615 0.222417 0.935477 -0.188144 
r3 0 0 0 1 

Frame 222
r0 0.796823 0.487774 -0.356581 -0.282338 
r1 -0.535604 0.843363 -0.0432185 0.0288456 
r2 0.279646 0.225423 0.933264 -0.188515 
r3 0 0 0 1 

Frame 223
r0 0.793267 0.489259 -0.362426 -0.284157 
r1 -0.538487 0.841559 -0.0425576 0.028809 
r2 0.284181 0.228921 0.93104 -0.190039 
r3 0 0 0 1 

Frame 224
r0 0.791214 0.48865 -0.367697 -0.287384 
r1 -0.539571 0.840807 -0.0436657 0.0302837 
r2 0.287825 0.232948 0.92892 -0.192239 
r3 0 0 0 1 

Frame 225
r0 0.788344 0.491666 -0.369835 -0.288199 
r1 -0.543545 0.838211 -0.044292 0.031511 
r2 0.288223 0.235939 0.928041 -0.193951 
r3 0 0 0 1 

Frame 226
r0 0.781743 0.499857 -0.372855 -0.294257 
r1 -0.553288 0.831776 -0.0449515 0.0319927 
r2 0.287663 0.241437 0.9268 -0.197437 
r3 0 0 0 1 

Frame 227
r0 0.780255 0.499722 -0.376138 -0.290535 
r1 -0.553955 0.831351 -0.044617 0.0312806 
r2 0.290407 0.243176 0.925489 -0.195535 
r3 0 0 0 1 

Frame 228
r0 0.776982 0.500644 -0.381648 -0.292663 
r1 -0.556406 0.829727 -0.0443337 0.032321 
r2 0.294468 0.246798 0.923244 -0.197119 
r3 0 0 0 1 

Frame 229
r0 0.774598 0.501383 -0.385504 -0.293797 
r1 -0.558351 0.828412 -0.0444774 0.0335912 
r2 0.297056 0.249698 0.921634 -0.198867 
r3 0 0 0 1 

Frame 230
r0 0.774227 0.501772 -0.385743 -0.296285 
r1 -0.558928 0.828007 -0.0447634 0.034682 
r2 0.296937 0.25026 0.92152 -0.201199 
r3 0 0 0 1 

Frame 231
r0 0.773189 0.503397 -0.385709 -0.297484 
r1 -0.56112 0.826443 -0.0462087 0.0357958 
r2 0.295505 0.252157 0.921463 -0.203638 
r3 0 0 0 1 

Frame 232
r0 0.772052 0.504485 -0.386563 -0.297834 
r1 -0.562924 0.825147 -0.0474222 0.0351514 
r2 0.295048 0.254218 0.921043 -0.204421 
r3 0 0 0 1 

Frame 233
r0 0.76975 0.506431 -0.388602 -0.300474 
r1 -0.565949 0.823013 -0.0484818 0.0365362 
r2 0.295272 0.257248 0.920129 -0.205964 
r3 0 0 0 1 

Frame 234
r0 0.766943 0.508518 -0.391418 -0.301253 
r1 -0.569015 0.820899 -0.0484385 0.0369738 
r2 0.296683 0.259872 0.918937 -0.207465 
r3 0 0 0 1 

Frame 235
r0 0.764558 0.510625 -0.393336 -0.303327 
r1 -0.572323 0.818509 -0.0498893 0.0382934 
r2 0.296474 0.263259 0.91804 -0.208482 
r3 0 0 0 1 

Frame 236
r0 0.762748 0.511749 -0.395383 -0.305693 
r1 -0.574557 0.816867 -0.0511181 0.040172 
r2 0.296816 0.26616 0.917093 -0.210157 
r3 0 0 0 1 

Frame 237
r0 0.760792 0.513387 -0.397025 -0.307093 
r1 -0.57706 0.815054 -0.0518475 0.0411504 
r2 0.296979 0.268553 0.916342 -0.210999 
r3 0 0 0 1 

Frame 238
r0 0.756639 0.514221 -0.403825 -0.298896 
r1 -0.57915 0.813751 -0.0489302 0.0383771 
r2 0.303452 0.270898 0.913527 -0.208448 
r3 0 0 0 1 

Frame 239
r0 0.753539 0.516776 -0.406352 -0.302664 
r1 -0.581411 0.812362 -0.0450525 0.0385251 
r2 0.306823 0.270207 0.912605 -0.210215 
r3 0 0 0 1 

Frame 240
r0 0.752609 0.516233 -0.408759 -0.29984 
r1 -0.581571 0.812251 -0.0449773 0.0376142 
r2 0.308796 0.271573 0.911533 -0.208597 
r3 0 0 0 1 

Frame 241
r0 0.751977 0.515675 -0.410622 -0.301188 
r1 -0.581491 0.812321 -0.0447483 0.0379615 
r2 0.310481 0.272422 0.910707 -0.209298 
r3 0 0 0 1 

Frame 242
r0 0.750562 0.517542 -0.410861 -0.30303 
r1 -0.583516 0.810879 -0.0445431 0.039544 
r2 0.310106 0.273177 0.910609 -0.211198 
r3 0 0 0 1 

Frame 243
r0 0.74938 0.518837 -0.411384 -0.30384 
r1 -0.585055 0.809774 -0.0444539 0.0390573 
r2 0.310064 0.273995 0.910378 -0.212191 
r3 0 0 0 1 

Frame 244
r0 0.747684 0.520754 -0.412048 -0.303744 
r1 -0.587589 0.807897 -0.0451782 0.0381722 
r2 0.309366 0.275894 0.910042 -0.213333 
r3 0 0 0 1 

Frame 245
r0 0.747562 0.520596 -0.41247 -0.305126 
r1 -0.587876 0.807636 -0.0461173 0.0380883 
r2 0.309117 0.276957 0.909803 -0.213741 
r3 0 0 0 1 

Frame 246
r0 0.748091 0.519144 -0.41334 -0.307557 
r1 -0.58684 0.808347 -0.0468402 0.0386448 
r2 0.309805 0.277605 0.909371 -0.214352 
r3 0 0 0 1 

Frame 247
r0 0.748208 0.518165 -0.414353 -0.309712 
r1 -0.586161 0.808832 -0.0469704 0.0391199 
r2 0.310804 0.278022 0.908903 -0.215028 
r3 0 0 0 1 

Frame 248
r0 0.747693 0.51827 -0.415152 -0.310076 
r1 -0.586513 0.808582 -0.046893 0.0385724 
r2 0.311381 0.278553 0.908543 -0.215154 
r3 0 0 0 1 

Frame 249
r0 0.748026 0.51706 -0.416062 -0.312549 
r1 -0.585592 0.809234 -0.0471463 0.0395497 
r2 0.312313 0.278909 0.908114 -0.215408 
r3 0 0 0 1 

Frame 250
r0 0.74725 0.516513 -0.418128 -0.313508 
r1 -0.585489 0.809341 -0.0465697 0.0394678 
r2 0.314355 0.279609 0.907194 -0.214977 
r3 0 0 0 1 

Frame 251
r0 0.746229 0.516044 -0.420525 -0.316356 
r1 -0.585302 0.809556 -0.0451876 0.0402194 
r2 0.317119 0.279854 0.906155 -0.214526 
r3 0 0 0 1 

Frame 252
r0 0.745049 0.517341 -0.421023 -0.318799 
r1 -0.585715 0.809435 -0.0418783 0.037403 
r2 0.319125 0.2778 0.906083 -0.215188 
r3 0 0 0 1 

Frame 253
r0 0.745269 0.517039 -0.421005 -0.320684 
r1 -0.585218 0.809817 -0.0414196 0.036108 
r2 0.319522 0.277249 0.906112 -0.216015 
r3 0 0 0 1 

Frame 254
r0 0.74541 0.516206 -0.421777 -0.322788 
r1 -0.584818 0.81007 -0.0421228 0.0349186 
r2 0.319925 0.278061 0.905721 -0.216519 
r3 0 0 0 1 

Frame 255
r0 0.745946 0.516783 -0.420118 -0.326187 
r1 -0.585466 0.809515 -0.0437551 0.0336538 
r2 0.31748 0.278604 0.906414 -0.217816 
r3 0 0 0 1 

Frame 256
r0 0.746799 0.517425 -0.417807 -0.325643 
r1 -0.585655 0.809338 -0.0445056 0.0332756 
r2 0.315118 0.277927 0.907445 -0.218267 
r3 0 0 0 1 

Frame 257
r0 0.747425 0.519028 -0.414688 -0.330329 
r1 -0.586318 0.808864 -0.0443851 0.0320516 
r2 0.312389 0.276313 0.908881 -0.220408 
r3 0 0 0 1 

Frame 258
r0 0.748181 0.519616 -0.412583 -0.330027 
r1 -0.586386 0.808795 -0.0447432 0.0314533 
r2 0.310446 0.275409 0.909821 -0.220754 
r3 0 0 0 1 

Frame 259
r0 0.74965 0.518202 -0.411694 -0.334867 
r1 -0.585348 0.809417 -0.0470358 0.0310154 
r2 0.308858 0.276244 0.910107 -0.221688 
r3 0 0 0 1 

Frame 260
r0 0.75048 0.517553 -0.410997 -0.335583 
r1 -0.585039 0.809532 -0.0488666 0.0320795 
r2 0.307424 0.277123 0.910326 -0.221919 
r3 0 0 0 1 

Frame 261
r0 0.753449 0.517506 -0.405588 -0.334698 
r1 -0.583379 0.810701 -0.0493187 0.0297976 
r2 0.303288 0.273771 0.912724 -0.221813 
r3 0 0 0 1 

Frame 262
r0 0.754932 0.517777 -0.402473 -0.337938 
r1 -0.582899 0.811004 -0.050016 0.0314252 
r2 0.30051 0.27236 0.914065 -0.224546 
r3 0 0 0 1 

Frame 263
r0 0.75717 0.516995 -0.399262 -0.339757 
r1 -0.581265 0.812133 -0.050712 0.0299037 
r2 0.298036 0.270474 0.915433 -0.224363 
r3 0 0 0 1 

Frame 264
r0 0.757753 0.516139 -0.399263 -0.339862 
r1 -0.580204 0.812919 -0.0502716 0.0306985 
r2 0.298621 0.269747 0.915457 -0.224335 
r3 0 0 0 1 

Frame 265
r0 0.757185 0.517195 -0.398974 -0.342701 
r1 -0.580666 0.812696 -0.0484978 0.0316299 
r2 0.299161 0.268392 0.915679 -0.227139 
r3 0 0 0 1 

Frame 266
