NumPatterns 4 
PN Data/hiro.patt 
PN Data/kanji.patt 
PN Data/sample1.patt 
PN Data/sample2.patt 
Frame 1 
Patt 0 
r0 0.687276 0.716712 0.118217 -17.221285 
r1 0.647477 -0.530666 -0.546962 329.929664 
r2 -0.329280 0.452457 -0.828768 1212.300030 

Frame 2 
Patt 0 
r0 0.687276 0.716712 0.118217 -17.221285 
r1 0.647477 -0.530666 -0.546962 329.929664 
r2 -0.329280 0.452457 -0.828768 1212.300030 

Frame 3 
Patt 0 
r0 0.691538 0.714167 0.108359 -17.555898 
r1 0.627812 -0.520048 -0.579139 327.892132 
r2 -0.357250 0.468526 -0.807995 1203.137311 

Frame 4 
Patt 0 
r0 0.691538 0.714167 0.108359 -17.555898 
r1 0.627812 -0.520048 -0.579139 327.892132 
r2 -0.357250 0.468526 -0.807995 1203.137311 

Frame 5 
Patt 0 
r0 0.699348 0.707504 0.101737 -22.579151 
r1 0.625343 -0.536673 -0.566505 326.264519 
r2 -0.346205 0.459804 -0.817754 1208.095602 

Frame 6 
Patt 0 
r0 0.705494 0.699594 0.113340 -23.800162 
r1 0.630941 -0.547151 -0.550036 325.971839 
r2 -0.322788 0.459558 -0.827415 1213.881632 

Frame 7 
Patt 0 
r0 0.707641 0.698059 0.109351 -21.517568 
r1 0.619933 -0.539136 -0.570101 325.006785 
r2 -0.339009 0.471217 -0.814265 1206.062552 

Frame 8 
Patt 0 
r0 0.711396 0.696704 0.092299 -24.550335 
r1 0.616875 -0.556096 -0.556976 327.653841 
r2 -0.336720 0.453168 -0.825384 1212.565635 

Frame 9 
Patt 0 
r0 0.714278 0.689002 0.122813 -29.683928 
r1 0.616342 -0.536142 -0.576780 321.057838 
r2 -0.331557 0.487676 -0.807615 1200.488144 

Frame 10 
Patt 0 
r0 0.713566 0.692321 0.107309 -38.247275 
r1 0.620718 -0.553732 -0.555058 320.140388 
r2 -0.324858 0.462680 -0.824860 1211.035133 

Frame 11 
Patt 0 
r0 0.715113 0.692111 0.097954 -43.143270 
r1 0.621886 -0.565950 -0.541257 322.161540 
r2 -0.319173 0.447976 -0.835132 1215.832402 

Frame 12 
Patt 0 
r0 0.718432 0.686921 0.109523 -46.709710 
r1 0.620253 -0.561351 -0.547879 323.592616 
r2 -0.314869 0.461546 -0.829357 1215.614283 

Frame 13 
Patt 0 
r0 0.720658 0.685060 0.106509 -48.410949 
r1 0.616943 -0.563599 -0.549306 323.736990 
r2 -0.316280 0.461572 -0.828805 1218.165596 

Frame 14 
Patt 0 
r0 0.720955 0.678164 0.142540 -51.361435 
r1 0.626406 -0.549787 -0.552584 314.288433 
r2 -0.296377 0.487676 -0.821178 1205.851977 

Frame 15 
Patt 0 
r0 0.720955 0.678164 0.142540 -51.361435 
r1 0.626406 -0.549787 -0.552584 314.288433 
r2 -0.296377 0.487676 -0.821178 1205.851977 

Frame 16 
Patt 0 
r0 0.722231 0.678295 0.135273 -61.531224 
r1 0.627704 -0.560660 -0.540045 311.661383 
r2 -0.290467 0.474948 -0.830694 1210.999272 

Frame 17 
Patt 0 
r0 0.725647 0.676407 0.126135 -68.239100 
r1 0.627058 -0.574634 -0.525922 311.846489 
r2 -0.283255 0.460728 -0.841128 1222.884506 

Frame 18 
Patt 0 
r0 0.730745 0.668027 0.140541 -65.771110 
r1 0.624453 -0.570950 -0.532986 309.470947 
r2 -0.275807 0.477238 -0.834371 1218.007381 

Frame 19 
Patt 0 
r0 0.732253 0.663620 0.153019 -57.826116 
r1 0.624308 -0.564322 -0.540168 309.221075 
r2 -0.272114 0.491070 -0.827529 1210.858243 

Frame 20 
Patt 0 
r0 0.729621 0.674508 0.112663 -54.491230 
r1 0.618326 -0.580324 -0.529997 314.360535 
r2 -0.292106 0.456359 -0.840482 1220.542849 

Frame 21 
Patt 0 
r0 0.732786 0.670772 0.114407 -57.117886 
r1 0.606264 -0.567247 -0.557382 310.467990 
r2 -0.308979 0.477803 -0.822336 1211.704476 

Frame 22 
Patt 0 
r0 0.738032 0.651492 0.175690 -66.516639 
r1 0.620679 -0.553320 -0.555513 299.830699 
r2 -0.264699 0.519034 -0.812735 1195.579707 

Frame 23 
Patt 0 
r0 0.742892 0.658108 0.122500 -75.725170 
r1 0.608136 -0.587008 -0.534408 298.500331 
r2 -0.279789 0.471504 -0.836303 1220.097131 

Frame 24 
Patt 0 
r0 0.749984 0.632948 0.192095 -69.357697 
r1 0.622361 -0.576882 -0.529031 293.113384 
r2 -0.224033 0.516317 -0.826575 1198.540458 

Frame 25 
Patt 0 
r0 0.750271 0.652073 0.109059 -65.734214 
r1 0.597487 -0.598141 -0.534075 305.411277 
r2 -0.283023 0.465863 -0.838373 1212.186789 

Frame 26 
Patt 0 
r0 0.754318 0.638515 0.152651 -70.166494 
r1 0.592811 -0.562549 -0.576293 298.298519 
r2 -0.282098 0.525202 -0.802860 1188.258746 

Frame 27 
Patt 0 
r0 0.761327 0.628243 0.160287 -82.904603 
r1 0.596107 -0.580995 -0.554168 290.817222 
r2 -0.255026 0.517451 -0.816827 1194.701130 

Frame 28 
Patt 0 
r0 0.764296 0.631133 0.132370 -93.132146 
r1 0.591865 -0.605049 -0.532552 287.929499 
r2 -0.256021 0.485373 -0.835982 1209.852576 

Frame 29 
Patt 0 
r0 0.765955 0.633658 0.108587 -97.517170 
r1 0.588134 -0.622431 -0.516409 286.637288 
r2 -0.259639 0.459410 -0.849429 1218.523129 

Frame 30 
Patt 0 
r0 0.771846 0.621022 0.136332 -94.808554 
r1 0.586209 -0.612052 -0.530802 285.722061 
r2 -0.246198 0.489616 -0.836459 1205.122160 

Frame 31 
Patt 0 
r0 0.772765 0.627078 0.098014 -92.969784 
r1 0.574405 -0.625284 -0.528279 289.467230 
r2 -0.269986 0.464536 -0.843395 1213.886795 

Frame 32 
Patt 0 
r0 0.774110 0.618006 0.137192 -95.513960 
r1 0.576081 -0.597855 -0.557404 278.500422 
r2 -0.262458 0.510526 -0.818828 1192.889170 

Frame 33 
Patt 0 
r0 0.774421 0.619298 0.129395 -105.493060 
r1 0.582253 -0.617634 -0.528686 273.134207 
r2 -0.247496 0.484766 -0.838897 1202.888068 

Frame 34 
Patt 0 
r0 0.775590 0.622187 0.106505 -109.832158 
r1 0.577618 -0.631484 -0.517287 272.915281 
r2 -0.254592 0.462722 -0.849159 1209.142579 

Frame 34 
Patt 1 
r0 0.939843 0.239120 0.243961 408.348525 
r1 0.330685 -0.815985 -0.474148 230.332010 
r2 0.085690 0.526299 -0.845971 1401.471774 

Frame 35 
Patt 0 
r0 0.777783 0.619881 0.103924 -111.148091 
r1 0.574550 -0.634157 -0.517433 274.383482 
r2 -0.254842 0.462160 -0.849390 1207.789127 

Frame 35 
Patt 1 
r0 0.940076 0.227867 0.253641 405.095324 
r1 0.326505 -0.815951 -0.477093 229.072645 
r2 0.098245 0.531319 -0.841456 1396.483453 

Frame 36 
Patt 0 
r0 0.780816 0.613914 0.115914 -111.131029 
r1 0.575672 -0.634884 -0.515291 275.530706 
r2 -0.242752 0.469076 -0.849140 1208.354632 

Frame 37 
Patt 0 
r0 0.780865 0.612861 0.121038 -106.769406 
r1 0.578393 -0.636075 -0.510755 277.492110 
r2 -0.236032 0.468838 -0.851164 1204.925901 

Frame 38 
Patt 0 
r0 0.776901 0.623847 0.085087 -104.733086 
r1 0.573340 -0.645114 -0.505084 282.455130 
r2 -0.260204 0.441183 -0.858866 1187.676008 

Frame 38 
Patt 1 
r0 0.936888 0.224116 0.268352 404.078845 
r1 0.327166 -0.832653 -0.446824 235.405936 
r2 0.123304 0.506420 -0.853426 1365.327051 

Frame 39 
Patt 0 
r0 0.777634 0.622308 0.089547 -109.402441 
r1 0.562303 -0.624684 -0.541836 290.935264 
r2 -0.281251 0.471702 -0.835700 1194.092476 

Frame 40 
Patt 0 
r0 0.784284 0.609505 0.115767 -124.713858 
r1 0.568542 -0.631417 -0.527325 284.584268 
r2 -0.248310 0.479391 -0.841740 1206.027001 

Frame 40 
Patt 1 
r0 0.941566 0.222348 0.253010 391.728055 
r1 0.321985 -0.814684 -0.482302 239.078641 
r2 0.098884 0.535585 -0.838672 1404.006427 

Frame 41 
Patt 0 
r0 0.784284 0.609505 0.115767 -124.713858 
r1 0.568542 -0.631417 -0.527325 284.584268 
r2 -0.248310 0.479391 -0.841740 1206.027001 

Frame 41 
Patt 1 
r0 0.941566 0.222348 0.253010 391.728055 
r1 0.321985 -0.814684 -0.482302 239.078641 
r2 0.098884 0.535585 -0.838672 1404.006427 

Frame 42 
Patt 0 
r0 0.785194 0.609199 0.111115 -125.592677 
r1 0.569262 -0.639467 -0.516742 282.179339 
r2 -0.243745 0.468996 -0.848900 1208.429772 

Frame 42 
Patt 1 
r0 0.942349 0.220202 0.251972 390.049506 
r1 0.319581 -0.815501 -0.482521 234.771167 
r2 0.099231 0.535228 -0.838859 1402.358025 

Frame 43 
Patt 0 
r0 0.777599 0.614485 0.133223 -123.050056 
r1 0.570561 -0.600572 -0.560155 279.184200 
r2 -0.264197 0.511588 -0.817605 1193.978982 

Frame 43 
Patt 1 
r0 0.941028 0.220290 0.256786 390.798246 
r1 0.321730 -0.817469 -0.477738 235.438505 
r2 0.104674 0.532181 -0.840135 1401.430729 

Frame 44 
Patt 0 
r0 0.785795 0.608681 0.109703 -125.189791 
r1 0.565683 -0.635596 -0.525377 283.695059 
r2 -0.250060 0.474895 -0.843768 1206.002500 

Frame 44 
Patt 1 
r0 0.942362 0.220258 0.251873 390.620068 
r1 0.319821 -0.814166 -0.484612 236.144610 
r2 0.098326 0.537234 -0.837682 1402.400287 

Frame 45 
Patt 0 
r0 0.788054 0.599139 0.141433 -126.522406 
r1 0.559318 -0.600871 -0.571067 274.612035 
r2 -0.257166 0.529138 -0.808628 1185.164542 

Frame 46 
Patt 0 
r0 0.791047 0.600551 0.116544 -134.293671 
r1 0.563583 -0.641311 -0.520667 273.472082 
r2 -0.237946 0.477554 -0.845768 1204.203976 

Frame 46 
Patt 1 
r0 0.943236 0.211690 0.255916 378.577528 
r1 0.314642 -0.816254 -0.484488 221.807486 
r2 0.106331 0.537509 -0.836527 1399.128114 

Frame 47 
Patt 0 
r0 0.791921 0.598922 0.118965 -133.650629 
r1 0.562774 -0.640279 -0.522808 271.304617 
r2 -0.236951 0.480973 -0.844109 1202.772707 

Frame 47 
Patt 1 
r0 0.943161 0.207383 0.259691 378.468534 
r1 0.313437 -0.814832 -0.487653 218.391174 
r2 0.110474 0.541333 -0.833519 1397.247907 

Frame 48 
Patt 0 
r0 0.792486 0.598115 0.119267 -132.036263 
r1 0.558310 -0.632747 -0.536583 270.927152 
r2 -0.245473 0.491822 -0.835376 1198.694916 

Frame 48 
Patt 1 
r0 0.944742 0.211519 0.250446 382.020478 
r1 0.310774 -0.821017 -0.478906 218.651045 
r2 0.104323 0.530274 -0.841383 1403.728018 

Frame 49 
Patt 0 
r0 0.797835 0.588664 0.130131 -135.387492 
r1 0.545277 -0.612527 -0.572262 262.944579 
r2 -0.257161 0.527528 -0.809680 1181.142581 

Frame 49 
Patt 1 
r0 0.949811 0.206249 0.235205 376.617429 
r1 0.299007 -0.819553 -0.488802 209.675882 
r2 0.091948 0.534597 -0.840090 1404.778745 

Frame 50 
Patt 0 
r0 0.797835 0.588664 0.130131 -135.387492 
r1 0.545277 -0.612527 -0.572262 262.944579 
r2 -0.257161 0.527528 -0.809680 1181.142581 

Frame 50 
Patt 1 
r0 0.949811 0.206249 0.235205 376.617429 
r1 0.299007 -0.819553 -0.488802 209.675882 
r2 0.091948 0.534597 -0.840090 1404.778745 

Frame 51 
Patt 0 
r0 0.801560 0.584750 0.124781 -143.766688 
r1 0.547191 -0.633288 -0.547292 260.956005 
r2 -0.241006 0.506966 -0.827588 1191.263043 

Frame 51 
Patt 1 
r0 0.950649 0.204512 0.233327 368.967777 
r1 0.295290 -0.827200 -0.478062 204.240818 
r2 0.095239 0.523368 -0.846768 1411.911752 

Frame 52 
Patt 1 
r0 0.950248 0.199880 0.238908 364.151363 
r1 0.293934 -0.829265 -0.475313 201.287803 
r2 0.103112 0.521888 -0.846759 1413.801589 

Frame 53 
Patt 0 
r0 0.804363 0.579985 0.128909 -155.870198 
r1 0.541389 -0.626116 -0.561139 253.835845 
r2 -0.244740 0.521150 -0.817622 1185.027984 

Frame 53 
Patt 1 
r0 0.948965 0.194020 0.248639 354.581551 
r1 0.293665 -0.831079 -0.472301 196.669556 
r2 0.115003 0.521214 -0.845642 1414.945408 

Frame 54 
Patt 0 
r0 0.804363 0.579985 0.128909 -155.870198 
r1 0.541389 -0.626116 -0.561139 253.835845 
r2 -0.244740 0.521150 -0.817622 1185.027984 

Frame 54 
Patt 1 
r0 0.948965 0.194020 0.248639 354.581551 
r1 0.293665 -0.831079 -0.472301 196.669556 
r2 0.115003 0.521214 -0.845642 1414.945408 

Frame 55 
Patt 1 
r0 0.948285 0.195849 0.249797 350.264180 
r1 0.296673 -0.826695 -0.478081 190.037110 
r2 0.112874 0.527465 -0.842045 1413.111654 

Frame 56 
Patt 0 
r0 0.806246 0.578407 0.124148 -163.562143 
r1 0.550220 -0.656089 -0.516532 249.172090 
r2 -0.217314 0.484761 -0.847220 1196.562627 

Frame 56 
Patt 1 
r0 0.947966 0.184275 0.259621 344.984094 
r1 0.292100 -0.827788 -0.479004 184.393482 
r2 0.126643 0.529915 -0.838541 1405.629860 

Frame 57 
Patt 1 
r0 0.950036 0.182054 0.253551 348.332121 
r1 0.285416 -0.835521 -0.469514 182.657732 
r2 0.126371 0.518422 -0.845736 1412.365700 

Frame 58 
Patt 1 
r0 0.954700 0.188994 0.229847 338.983920 
r1 0.281847 -0.822074 -0.494730 172.200131 
r2 0.095450 0.537100 -0.838101 1395.015618 

Frame 59 
Patt 1 
r0 0.962193 0.187249 0.197793 303.303031 
r1 0.266897 -0.793037 -0.547593 155.954567 
r2 0.054321 0.579680 -0.813031 1363.583683 

Frame 60 
Patt 1 
r0 0.959626 0.154706 0.234913 277.929756 
r1 0.257072 -0.821330 -0.509246 146.133783 
r2 0.114158 0.549075 -0.827940 1401.567524 

Frame 61 
Patt 1 
r0 0.955140 0.135274 0.263454 289.422033 
r1 0.252905 -0.835446 -0.487923 148.005898 
r2 0.154099 0.532663 -0.832180 1416.750582 

Frame 62 
Patt 1 
r0 0.955140 0.135274 0.263454 289.422033 
r1 0.252905 -0.835446 -0.487923 148.005898 
r2 0.154099 0.532663 -0.832180 1416.750582 

Frame 63 
Patt 1 
r0 0.957068 0.134830 0.256595 288.074429 
r1 0.249798 -0.832710 -0.494161 147.608007 
r2 0.147042 0.537043 -0.830640 1415.381756 

Frame 64 
Patt 1 
r0 0.957531 0.136921 0.253746 279.510413 
r1 0.250163 -0.832094 -0.495013 144.260839 
r2 0.143362 0.537468 -0.831009 1418.720912 

Frame 65 
Patt 1 
r0 0.953045 0.130337 0.273343 277.811424 
r1 0.251439 -0.843632 -0.474408 145.075886 
r2 0.168768 0.520862 -0.836792 1427.230578 

Frame 66 
Patt 1 
r0 0.955485 0.127157 0.266233 282.090536 
r1 0.249046 -0.831423 -0.496701 154.018741 
r2 0.158193 0.540895 -0.826080 1427.366824 

Frame 67 
Patt 1 
r0 0.955485 0.127157 0.266233 282.090536 
r1 0.249046 -0.831423 -0.496701 154.018741 
r2 0.158193 0.540895 -0.826080 1427.366824 

Frame 68 
Patt 1 
r0 0.956727 0.119748 0.265204 284.587966 
r1 0.242804 -0.830826 -0.500774 153.010325 
r2 0.160372 0.543497 -0.823949 1423.642908 

Frame 69 
Patt 1 
r0 0.958550 0.121384 0.257776 285.758233 
r1 0.239682 -0.832706 -0.499153 151.996072 
r2 0.154062 0.540247 -0.827284 1427.247358 

Frame 70 
Patt 1 
r0 0.960082 0.124569 0.250449 279.079321 
r1 0.238919 -0.830821 -0.502647 150.507873 
r2 0.145464 0.542419 -0.827419 1426.070499 

Frame 71 
Patt 1 
r0 0.960050 0.127000 0.249349 267.617923 
r1 0.239507 -0.833740 -0.497508 151.384161 
r2 0.144709 0.537354 -0.830849 1432.194088 

Frame 72 
Patt 1 
r0 0.957786 0.120459 0.261030 259.603027 
r1 0.240755 -0.832304 -0.499307 150.720374 
r2 0.157110 0.541073 -0.826170 1439.409158 

Frame 73 
Patt 1 
r0 0.956735 0.112204 0.268457 257.543135 
r1 0.235227 -0.841319 -0.486673 148.679474 
r2 0.171251 0.528765 -0.831312 1445.653625 

Frame 74 
Patt 1 
r0 0.956735 0.112204 0.268457 257.543135 
r1 0.235227 -0.841319 -0.486673 148.679474 
r2 0.171251 0.528765 -0.831312 1445.653625 

Frame 75 
Patt 1 
r0 0.956124 0.104329 0.273755 252.180093 
r1 0.234086 -0.833934 -0.499758 151.116015 
r2 0.176154 0.541913 -0.821767 1434.506616 

Frame 76 
Patt 1 
r0 0.957353 0.100421 0.270906 247.928672 
r1 0.230397 -0.831126 -0.506110 150.822726 
r2 0.174333 0.546942 -0.818818 1438.334789 

Frame 77 
Patt 1 
r0 0.958819 0.104292 0.264178 242.753596 
r1 0.225316 -0.845592 -0.483949 138.568026 
r2 0.172915 0.523542 -0.834268 1450.447786 

Frame 78 
Patt 1 
r0 0.958819 0.104292 0.264178 242.753596 
r1 0.225316 -0.845592 -0.483949 138.568026 
r2 0.172915 0.523542 -0.834268 1450.447786 

Frame 79 
Patt 1 
r0 0.960948 0.095110 0.259872 244.026596 
r1 0.217351 -0.840652 -0.496047 130.648049 
r2 0.171283 0.533159 -0.828495 1441.558070 

Frame 80 
Patt 1 
r0 0.962817 0.095939 0.252544 249.397785 
r1 0.214411 -0.840074 -0.498300 127.142562 
r2 0.164349 0.533920 -0.829409 1439.970901 

Frame 81 
Patt 1 
r0 0.965374 0.092954 0.243745 251.232232 
r1 0.205252 -0.847341 -0.489781 121.466378 
r2 0.161008 0.522851 -0.837080 1446.090239 

Frame 82 
Patt 1 
r0 0.963037 0.084655 0.255720 246.081530 
r1 0.205652 -0.844195 -0.495018 116.375829 
r2 0.173972 0.529310 -0.830400 1440.132559 

Frame 83 
Patt 1 
r0 0.964725 0.083789 0.249569 242.608659 
r1 0.200675 -0.847652 -0.491137 111.081959 
r2 0.170396 0.523894 -0.834566 1444.787174 

Frame 84 
Patt 1 
r0 0.967293 0.086970 0.238285 240.280271 
r1 0.196736 -0.850197 -0.488323 108.600548 
r2 0.160119 0.519231 -0.839501 1447.425859 

Frame 85 
Patt 1 
r0 0.965700 0.070962 0.249775 236.113966 
r1 0.189316 -0.850778 -0.490240 103.177653 
r2 0.177715 0.520712 -0.835031 1441.152970 

Frame 86 
Patt 1 
r0 0.965768 0.060088 0.252354 230.948703 
r1 0.181070 -0.852761 -0.489911 94.390142 
r2 0.185759 0.518834 -0.834449 1439.681623 

Frame 87 
Patt 1 
r0 0.969364 0.062212 0.237619 230.313948 
r1 0.174307 -0.855822 -0.487018 87.737395 
r2 0.173061 0.513516 -0.840447 1444.647603 

Frame 88 
Patt 1 
r0 0.970834 0.048768 0.234738 231.152951 
r1 0.162890 -0.852584 -0.496555 79.306309 
r2 0.175918 0.520309 -0.835662 1434.189764 

Frame 89 
Patt 1 
r0 0.975671 0.048381 0.213833 236.630420 
r1 0.151142 -0.854958 -0.496188 73.356415 
r2 0.158812 0.516435 -0.841471 1434.442370 

Frame 90 
Patt 1 
r0 0.978147 0.048760 0.202115 237.511757 
r1 0.145012 -0.856632 -0.495129 69.801848 
r2 0.148996 0.513618 -0.844983 1440.197686 

Frame 91 
Patt 1 
r0 0.980770 0.051528 0.188241 232.715646 
r1 0.140567 -0.855609 -0.498172 65.495448 
r2 0.135391 0.515052 -0.846399 1442.526564 

Frame 92 
Patt 1 
r0 0.975112 0.031806 0.219420 222.331653 
r1 0.139540 -0.857107 -0.495879 64.687025 
r2 0.172294 0.514156 -0.840213 1437.699261 

Frame 93 
Patt 1 
r0 0.975112 0.031806 0.219420 222.331653 
r1 0.139540 -0.857107 -0.495879 64.687025 
r2 0.172294 0.514156 -0.840213 1437.699261 

Frame 94 
Patt 1 
r0 0.975987 0.027271 0.216116 216.195912 
r1 0.134081 -0.857123 -0.497355 67.504111 
r2 0.171675 0.514389 -0.840197 1443.473427 

Frame 95 
Patt 1 
r0 0.978707 0.027164 0.203455 208.058742 
r1 0.126920 -0.859091 -0.495836 68.063786 
r2 0.161318 0.511101 -0.844246 1450.259408 

Frame 96 
Patt 1 
r0 0.976288 0.013859 0.216032 203.672040 
r1 0.123606 -0.854961 -0.503749 66.753449 
r2 0.177717 0.518507 -0.836401 1449.387749 

Frame 97 
Patt 1 
r0 0.978157 0.016507 0.207211 202.134122 
r1 0.119753 -0.859548 -0.496826 66.712736 
r2 0.169907 0.510788 -0.842750 1454.088691 

Frame 98 
Patt 1 
r0 0.977872 0.007411 0.209075 193.901773 
r1 0.114687 -0.854813 -0.506104 65.558628 
r2 0.174969 0.518883 -0.836748 1446.976006 

Frame 99 
Patt 1 
r0 0.975579 -0.010040 0.219418 178.672936 
r1 0.103742 -0.859449 -0.500585 55.951894 
r2 0.193604 0.511123 -0.837419 1451.550157 

Frame 100 
Patt 1 
r0 0.977727 -0.009625 0.209658 178.508463 
r1 0.098010 -0.862397 -0.496654 54.309238 
r2 0.185589 0.506141 -0.842246 1455.923533 

Frame 101 
Patt 1 
r0 0.980918 -0.012428 0.194023 169.403132 
r1 0.090204 -0.854950 -0.510807 52.510133 
r2 0.172228 0.518561 -0.837515 1449.232874 

Frame 102 
Patt 1 
r0 0.976833 -0.026289 0.212383 161.652374 
r1 0.086368 -0.859584 -0.503643 50.199956 
r2 0.195801 0.510318 -0.837399 1450.925237 

Frame 103 
Patt 1 
r0 0.977617 -0.028878 0.208403 155.843170 
r1 0.082407 -0.858838 -0.505576 50.462475 
r2 0.193584 0.511433 -0.837234 1445.712712 

Frame 104 
Patt 1 
r0 0.980213 -0.025526 0.196292 144.549147 
r1 0.080267 -0.855204 -0.512039 53.475439 
r2 0.180940 0.517663 -0.836233 1441.120520 

Frame 105 
Patt 1 
r0 0.979852 -0.028870 0.197626 132.284608 
r1 0.079087 -0.852527 -0.516665 56.157661 
r2 0.183397 0.521885 -0.833067 1444.148507 

Frame 106 
Patt 1 
r0 0.981357 -0.031273 0.189630 118.202390 
r1 0.071888 -0.855324 -0.513082 57.710357 
r2 0.178240 0.517149 -0.837130 1450.310663 

Frame 107 
Patt 1 
r0 0.973269 -0.047477 0.224708 108.721374 
r1 0.076351 -0.855870 -0.511525 55.107643 
r2 0.216606 0.515008 -0.829367 1448.199311 

Frame 108 
Patt 1 
r0 0.976479 -0.050589 0.209593 106.679613 
r1 0.064938 -0.857945 -0.509621 51.977689 
r2 0.205601 0.511245 -0.834480 1449.409350 

Frame 109 
Patt 1 
r0 0.974726 -0.056811 0.216059 105.174114 
r1 0.062995 -0.857986 -0.509796 48.270733 
r2 0.214337 0.510522 -0.832722 1446.621535 

Frame 110 
Patt 1 
r0 0.977590 -0.060878 0.201525 95.313383 
r1 0.051556 -0.858890 -0.509559 44.766464 
r2 0.204108 0.508529 -0.836503 1442.508749 

Frame 111 
Patt 1 
r0 0.976228 -0.065872 0.206496 82.497726 
r1 0.051926 -0.853882 -0.517870 41.113922 
r2 0.210436 0.516282 -0.830162 1439.740658 

Frame 112 
Patt 1 
r0 0.970456 -0.076387 0.228868 75.038678 
r1 0.052548 -0.858878 -0.509477 37.535102 
r2 0.235487 0.506451 -0.829490 1437.850001 

Frame 113 
Patt 1 
r0 0.970400 -0.078661 0.228332 72.651864 
r1 0.050186 -0.859145 -0.509266 36.363927 
r2 0.236229 0.505651 -0.829767 1436.650297 

Frame 114 
Patt 1 
r0 0.972458 -0.076659 0.220110 65.076098 
r1 0.048417 -0.857324 -0.512494 36.639056 
r2 0.227993 0.509037 -0.830001 1431.912364 

Frame 115 
Patt 1 
r0 0.973133 -0.082654 0.214894 53.675288 
r1 0.040191 -0.858031 -0.512023 36.360114 
r2 0.226707 0.506904 -0.831657 1437.338420 

Frame 116 
Patt 1 
r0 0.975401 -0.089550 0.201427 43.773101 
r1 0.027819 -0.856455 -0.515472 35.246097 
r2 0.218674 0.508396 -0.832896 1443.571812 

Frame 117 
Patt 1 
r0 0.970387 -0.108959 0.215586 21.724416 
r1 0.013173 -0.867289 -0.497630 31.811963 
r2 0.241197 0.485734 -0.840171 1448.399161 

Frame 118 
Patt 1 
r0 0.970387 -0.108959 0.215586 21.724416 
r1 0.013173 -0.867289 -0.497630 31.811963 
r2 0.241197 0.485734 -0.840171 1448.399161 

Frame 119 
Patt 1 
r0 0.964742 -0.118658 0.234934 10.104055 
r1 0.022151 -0.852839 -0.521703 34.126392 
r2 0.262265 0.508513 -0.820141 1430.708030 

Frame 120 
Patt 1 
r0 0.964742 -0.118658 0.234934 10.104055 
r1 0.022151 -0.852839 -0.521703 34.126392 
r2 0.262265 0.508513 -0.820141 1430.708030 

Frame 121 
Patt 1 
r0 0.970034 -0.124109 0.208879 -1.079552 
r1 0.005304 -0.848676 -0.528886 30.392608 
r2 0.242911 0.514146 -0.822587 1438.155961 

Frame 122 
Patt 1 
r0 0.970745 -0.130875 0.201309 -10.927859 
r1 -0.011931 -0.863651 -0.503949 26.400342 
r2 0.239815 0.486804 -0.839947 1448.254087 

Frame 123 
Patt 1 
r0 0.967148 -0.136907 0.214198 -16.270183 
r1 -0.008357 -0.859260 -0.511470 26.059920 
r2 0.254076 0.492878 -0.832176 1444.983516 

Frame 124 
Patt 1 
r0 0.967757 -0.144717 0.206163 -30.508618 
r1 -0.014229 -0.848581 -0.528874 25.125927 
r2 0.251483 0.508888 -0.823280 1439.186089 

Frame 125 
Patt 1 
r0 0.967757 -0.144717 0.206163 -30.508618 
r1 -0.014229 -0.848581 -0.528874 25.125927 
r2 0.251483 0.508888 -0.823280 1439.186089 

Frame 126 
Patt 1 
r0 0.959113 -0.157719 0.235004 -37.946923 
r1 -0.016396 -0.859904 -0.510193 21.297344 
r2 0.282548 0.485480 -0.827331 1433.406397 

Frame 127 
Patt 1 
r0 0.963236 -0.161051 0.215033 -43.881342 
r1 -0.029254 -0.858517 -0.511951 20.323838 
r2 0.267060 0.486838 -0.831665 1441.058151 

Frame 128 
Patt 1 
r0 0.964656 -0.165269 0.205246 -49.732618 
r1 -0.037915 -0.857824 -0.512543 19.683128 
r2 0.260772 0.486646 -0.833771 1440.569397 

Frame 129 
Patt 1 
r0 0.966092 -0.167528 0.196471 -56.582004 
r1 -0.043641 -0.855930 -0.515246 18.187055 
r2 0.254484 0.489201 -0.834218 1439.239114 

Frame 130 
Patt 1 
r0 0.957287 -0.175745 0.229596 -63.773869 
r1 -0.031861 -0.853353 -0.520360 15.438947 
r2 0.287377 0.490818 -0.822503 1429.810535 

Frame 131 
Patt 1 
r0 0.961474 -0.179995 0.207773 -69.260654 
r1 -0.050180 -0.858044 -0.511118 12.995751 
r2 0.270277 0.481001 -0.834019 1439.085332 

Frame 132 
Patt 1 
r0 0.956747 -0.183869 0.225450 -72.193478 
r1 -0.042260 -0.854570 -0.517614 11.555318 
r2 0.287836 0.485698 -0.825378 1429.046209 

Frame 133 
Patt 1 
r0 0.960259 -0.189766 0.204672 -79.461685 
r1 -0.058412 -0.853702 -0.517476 16.911138 
r2 0.272929 0.484956 -0.830860 1435.429317 

Frame 134 
Patt 1 
r0 0.960259 -0.189766 0.204672 -79.461685 
r1 -0.058412 -0.853702 -0.517476 16.911138 
r2 0.272929 0.484956 -0.830860 1435.429317 

Frame 135 
Patt 1 
r0 0.957882 -0.195388 0.210440 -87.579292 
r1 -0.059609 -0.852158 -0.519879 13.626908 
r2 0.280906 0.485439 -0.827914 1429.006087 

Frame 136 
Patt 1 
r0 0.956234 -0.203464 0.210281 -94.184506 
r1 -0.067132 -0.852047 -0.519143 12.190805 
r2 0.284796 0.482306 -0.828416 1431.455956 

Frame 137 
Patt 1 
r0 0.954623 -0.209956 0.211220 -100.156678 
r1 -0.072999 -0.852549 -0.517524 12.158163 
r2 0.288733 0.478622 -0.829189 1431.103009 

Frame 138 
Patt 1 
r0 0.954819 -0.213453 0.206780 -106.506464 
r1 -0.076817 -0.849410 -0.522113 12.800937 
r2 0.287088 0.482640 -0.827430 1427.626389 

Frame 139 
Patt 1 
r0 0.953298 -0.228990 0.196942 -129.116712 
r1 -0.093349 -0.843519 -0.528925 9.171893 
r2 0.287244 0.485839 -0.825501 1425.095661 

Frame 140 
Patt 1 
r0 0.953298 -0.228990 0.196942 -129.116712 
r1 -0.093349 -0.843519 -0.528925 9.171893 
r2 0.287244 0.485839 -0.825501 1425.095661 

Frame 141 
Patt 1 
r0 0.948124 -0.238429 0.210269 -135.178381 
r1 -0.096225 -0.845642 -0.525005 6.305045 
r2 0.302989 0.477536 -0.824716 1424.737007 

Frame 142 
Patt 1 
r0 0.945856 -0.243539 0.214580 -138.347164 
r1 -0.099583 -0.846938 -0.522283 5.257529 
r2 0.308932 0.472636 -0.825334 1423.734361 

Frame 143 
Patt 1 
r0 0.947757 -0.243963 0.205521 -143.121771 
r1 -0.105434 -0.847642 -0.519987 4.227469 
r2 0.301066 0.471152 -0.829081 1423.366507 

Frame 144 
Patt 1 
r0 0.946303 -0.251458 0.203172 -151.305267 
r1 -0.111195 -0.843301 -0.525813 2.070602 
r2 0.303555 0.474987 -0.825979 1416.677623 

Frame 145 
Patt 1 
r0 0.941558 -0.257682 0.216951 -158.066220 
r1 -0.111491 -0.846153 -0.521148 0.227357 
r2 0.317864 0.466503 -0.825431 1418.905635 

Frame 146 
Patt 1 
r0 0.942423 -0.259470 0.210984 -162.413355 
r1 -0.116034 -0.845400 -0.521378 -0.316581 
r2 0.313648 0.466878 -0.826832 1415.821570 

Frame 147 
Patt 1 
r0 0.944746 -0.262765 0.195981 -170.500951 
r1 -0.124540 -0.840753 -0.526900 -0.891495 
r2 0.303223 0.473379 -0.827023 1410.850805 

Frame 148 
Patt 1 
r0 0.940534 -0.270749 0.205161 -181.608445 
r1 -0.129227 -0.843711 -0.521011 -3.664092 
r2 0.314160 0.463516 -0.828527 1411.677744 

Frame 149 
Patt 1 
r0 0.937866 -0.276934 0.209082 -188.314458 
r1 -0.135566 -0.847082 -0.513882 -5.517226 
r2 0.319421 0.453608 -0.831992 1414.899592 

Frame 150 
Patt 1 
r0 0.936300 -0.279768 0.212303 -192.490516 
r1 -0.135418 -0.845350 -0.516764 -7.380143 
r2 0.324044 0.455096 -0.829387 1409.477055 

Frame 151 
Patt 1 
r0 0.936793 -0.283609 0.204903 -200.502077 
r1 -0.143625 -0.845719 -0.513937 -9.351591 
r2 0.319047 0.452024 -0.832997 1407.163977 

Frame 152 
Patt 1 
r0 0.927488 -0.295868 0.228533 -206.215302 
r1 -0.142421 -0.844826 -0.515737 -11.833314 
r2 0.345661 0.445792 -0.825705 1403.136203 

Frame 152 
Patt 2 
r0 0.971333 0.100637 0.215369 167.246456 
r1 0.193904 -0.859522 -0.472889 349.455697 
r2 0.137524 0.501093 -0.854396 1255.192431 

Frame 153 
Patt 1 
r0 0.931415 -0.296839 0.210601 -210.968376 
r1 -0.153313 -0.844788 -0.512669 -14.394621 
r2 0.330093 0.445219 -0.832357 1403.101864 

Frame 154 
Patt 1 
r0 0.927494 -0.307029 0.213278 -220.858253 
r1 -0.163018 -0.845580 -0.508349 -21.210656 
r2 0.336422 0.436723 -0.834322 1399.873802 

Frame 155 
Patt 1 
r0 0.927494 -0.307029 0.213278 -220.858253 
r1 -0.163018 -0.845580 -0.508349 -21.210656 
r2 0.336422 0.436723 -0.834322 1399.873802 

Frame 156 
Patt 1 
r0 0.928061 -0.307560 0.210024 -224.449826 
r1 -0.171506 -0.853514 -0.492035 -21.362871 
r2 0.330589 0.420619 -0.844862 1403.314409 

Frame 156 
Patt 2 
r0 0.973144 0.080488 0.215666 157.911333 
r1 0.174847 -0.867833 -0.465075 335.054395 
r2 0.149729 0.490294 -0.858599 1252.662970 

Frame 157 
Patt 1 
r0 0.927741 -0.313005 0.203282 -229.454646 
r1 -0.171559 -0.841359 -0.512525 -20.649412 
r2 0.331457 0.440616 -0.834263 1389.887764 

Frame 158 
Patt 1 
r0 0.925710 -0.315668 0.208360 -238.434021 
r1 -0.173183 -0.843486 -0.508467 -22.160108 
r2 0.336256 0.434609 -0.835492 1390.391971 

Frame 158 
Patt 2 
r0 0.973881 0.075330 0.214198 144.445872 
r1 0.169703 -0.868234 -0.466231 332.367812 
r2 0.150853 0.490404 -0.858340 1254.776608 

Frame 159 
Patt 1 
r0 0.921424 -0.320203 0.220109 -245.489076 
r1 -0.174043 -0.846587 -0.502990 -23.510004 
r2 0.347400 0.425159 -0.835795 1392.653573 

Frame 159 
Patt 2 
r0 0.970441 0.066469 0.232005 140.062156 
r1 0.170034 -0.870520 -0.461825 331.132789 
r2 0.171268 0.487623 -0.856091 1253.751554 

Frame 160 
Patt 1 
r0 0.917682 -0.329418 0.222133 -247.586860 
r1 -0.176064 -0.838358 -0.515905 -21.871067 
r2 0.356176 0.434327 -0.827344 1383.989608 

Frame 160 
Patt 2 
r0 0.973542 0.068587 0.217973 138.460431 
r1 0.164788 -0.871566 -0.461755 331.964412 
r2 0.158307 0.485457 -0.859808 1255.101167 

Frame 161 
Patt 1 
r0 0.916636 -0.330851 0.224313 -254.225657 
r1 -0.180735 -0.843577 -0.505680 -21.517867 
r2 0.356530 0.422984 -0.833049 1387.364867 

Frame 161 
Patt 2 
r0 0.974199 0.065157 0.216079 133.893237 
r1 0.161649 -0.869579 -0.466585 330.403548 
r2 0.157496 0.489476 -0.857676 1255.024262 

Frame 162 
Patt 1 
r0 0.917016 -0.332551 0.220207 -260.367115 
r1 -0.184913 -0.843659 -0.504030 -22.290590 
r2 0.353396 0.421485 -0.835142 1388.406481 

Frame 162 
Patt 2 
r0 0.976683 0.063040 0.205224 130.271124 
r1 0.152633 -0.876131 -0.457272 329.973285 
r2 0.150976 0.477934 -0.865324 1259.548565 

Frame 163 
Patt 1 
r0 0.912238 -0.341565 0.226177 -268.450863 
r1 -0.191353 -0.843451 -0.501970 -24.079683 
r2 0.362225 0.414637 -0.834787 1384.976820 

Frame 163 
Patt 2 
r0 0.972758 0.053443 0.225576 125.007571 
r1 0.154421 -0.875134 -0.458578 325.611659 
r2 0.172902 0.480920 -0.859547 1253.219079 

Frame 164 
Patt 1 
r0 0.912238 -0.341565 0.226177 -268.450863 
r1 -0.191353 -0.843451 -0.501970 -24.079683 
r2 0.362225 0.414637 -0.834787 1384.976820 

Frame 164 
Patt 2 
r0 0.972758 0.053443 0.225576 125.007571 
r1 0.154421 -0.875134 -0.458578 325.611659 
r2 0.172902 0.480920 -0.859547 1253.219079 

Frame 165 
Patt 1 
r0 0.913963 -0.342852 0.217080 -270.782668 
r1 -0.195220 -0.840461 -0.505484 -21.818093 
r2 0.355754 0.419615 -0.835082 1380.020626 

Frame 165 
Patt 2 
r0 0.973895 0.048087 0.221848 121.972547 
r1 0.149878 -0.870211 -0.469329 325.687993 
r2 0.170485 0.490328 -0.854701 1251.205165 

Frame 166 
Patt 1 
r0 0.914102 -0.345854 0.211668 -278.138856 
r1 -0.199812 -0.838435 -0.507053 -22.592295 
r2 0.352836 0.421204 -0.835520 1377.423018 

Frame 166 
Patt 2 
r0 0.976779 0.047993 0.208806 117.371688 
r1 0.141226 -0.877116 -0.459045 325.240845 
r2 0.161116 0.477875 -0.863526 1259.593968 

Frame 167 
Patt 1 
r0 0.909518 -0.351936 0.221175 -284.588957 
r1 -0.204776 -0.842422 -0.498390 -23.599538 
r2 0.361724 0.408003 -0.838266 1381.871591 

Frame 167 
Patt 2 
r0 0.973463 0.035441 0.226086 114.115746 
r1 0.140074 -0.873526 -0.466188 320.880785 
r2 0.180970 0.485485 -0.855309 1252.438421 

Frame 168 
Patt 1 
r0 0.908595 -0.356100 0.218283 -287.118658 
r1 -0.208254 -0.839253 -0.502280 -22.911888 
r2 0.362056 0.410911 -0.836700 1378.307587 

Frame 168 
Patt 2 
r0 0.974639 0.031887 0.221500 113.216862 
r1 0.134118 -0.875573 -0.464095 320.948139 
r2 0.179141 0.482032 -0.857644 1253.890403 

Frame 169 
Patt 1 
r0 0.904849 -0.365053 0.219053 -295.610267 
r1 -0.215185 -0.836136 -0.504551 -20.296257 
r2 0.367346 0.409406 -0.835131 1373.975985 

Frame 169 
Patt 2 
r0 0.976291 0.024784 0.215038 106.567024 
r1 0.125086 -0.875360 -0.467011 318.979472 
r2 0.176661 0.482837 -0.857706 1251.790285 

Frame 170 
Patt 1 
r0 0.904849 -0.365053 0.219053 -295.610267 
r1 -0.215185 -0.836136 -0.504551 -20.296257 
r2 0.367346 0.409406 -0.835131 1373.975985 

Frame 170 
Patt 2 
r0 0.976291 0.024784 0.215038 106.567024 
r1 0.125086 -0.875360 -0.467011 318.979472 
r2 0.176661 0.482837 -0.857706 1251.790285 

Frame 171 
Patt 1 
r0 0.904293 -0.368724 0.215168 -301.415565 
r1 -0.220440 -0.834914 -0.504306 -21.229382 
r2 0.365597 0.408609 -0.836288 1375.661855 

Frame 171 
Patt 2 
r0 0.975374 0.017486 0.219862 103.884073 
r1 0.122011 -0.873208 -0.471828 316.263500 
r2 0.183735 0.487035 -0.853838 1250.118038 

Frame 172 
Patt 1 
r0 0.905018 -0.374629 0.201484 -304.186025 
r1 -0.229151 -0.828436 -0.511061 -20.439968 
r2 0.358375 0.416349 -0.835596 1365.671790 

Frame 172 
Patt 2 
r0 0.982962 0.016268 0.183090 99.846085 
r1 0.103830 -0.871081 -0.480039 313.937395 
r2 0.151677 0.490870 -0.857928 1249.290376 

Frame 173 
Patt 1 
r0 0.905018 -0.374629 0.201484 -304.186025 
r1 -0.229151 -0.828436 -0.511061 -20.439968 
r2 0.358375 0.416349 -0.835596 1365.671790 

Frame 173 
Patt 2 
r0 0.982962 0.016268 0.183090 99.846085 
r1 0.103830 -0.871081 -0.480039 313.937395 
r2 0.151677 0.490870 -0.857928 1249.290376 

Frame 174 
Patt 2 
r0 0.983909 0.016136 0.177938 87.619551 
r1 0.102448 -0.866881 -0.487875 310.773982 
r2 0.146378 0.498255 -0.854585 1245.361571 

Frame 175 
Patt 2 
r0 0.975655 -0.004417 0.219264 82.963608 
r1 0.099292 -0.882560 -0.459596 311.272249 
r2 0.195544 0.470179 -0.860636 1252.393432 

Frame 176 
Patt 2 
r0 0.975655 -0.004417 0.219264 82.963608 
r1 0.099292 -0.882560 -0.459596 311.272249 
r2 0.195544 0.470179 -0.860636 1252.393432 

Frame 177 
Patt 2 
r0 0.974040 -0.010008 0.226154 80.973559 
r1 0.097311 -0.883499 -0.458214 311.728330 
r2 0.204393 0.468326 -0.859590 1253.040738 

Frame 178 
Patt 2 
r0 0.976854 -0.011232 0.213613 74.664843 
r1 0.092493 -0.878261 -0.469151 311.848918 
r2 0.192877 0.478050 -0.856894 1250.195571 

Frame 179 
Patt 2 
r0 0.978086 -0.015029 0.207658 70.204446 
r1 0.084914 -0.881874 -0.463776 314.014919 
r2 0.190098 0.471246 -0.861272 1254.896040 

Frame 180 
Patt 2 
r0 0.973065 -0.024692 0.229203 64.635500 
r1 0.091904 -0.870270 -0.483926 309.991546 
r2 0.211417 0.491956 -0.844560 1246.521355 

Frame 181 
Patt 2 
r0 0.976717 -0.022794 0.213318 59.364384 
r1 0.085832 -0.869769 -0.485937 308.887942 
r2 0.196614 0.492933 -0.847561 1246.425005 

Frame 182 
Patt 2 
r0 0.977312 -0.026926 0.210088 54.856854 
r1 0.078602 -0.874953 -0.477786 309.167673 
r2 0.196682 0.483459 -0.852985 1249.301406 

Frame 183 
Patt 2 
r0 0.976731 -0.029110 0.212483 50.233895 
r1 0.074884 -0.882102 -0.465068 309.931575 
r2 0.200970 0.470158 -0.859397 1253.021297 

Frame 184 
Patt 2 
r0 0.975336 -0.038170 0.217400 45.978662 
r1 0.072610 -0.874632 -0.479319 305.291340 
r2 0.208441 0.483282 -0.850289 1251.167505 

Frame 185 
Patt 2 
r0 0.975336 -0.038170 0.217400 45.978662 
r1 0.072610 -0.874632 -0.479319 305.291340 
r2 0.208441 0.483282 -0.850289 1251.167505 

Frame 186 
Patt 2 
r0 0.969801 -0.045136 0.239685 48.108746 
r1 0.069352 -0.891129 -0.448418 303.395962 
r2 0.233830 0.451499 -0.861088 1247.194528 

Frame 187 
Patt 2 
r0 0.980711 -0.041462 0.191018 36.763912 
r1 0.055077 -0.879030 -0.473574 301.797386 
r2 0.187545 0.474960 -0.859791 1254.905512 

Frame 188 
Patt 2 
r0 0.980711 -0.041462 0.191018 36.763912 
r1 0.055077 -0.879030 -0.473574 301.797386 
r2 0.187545 0.474960 -0.859791 1254.905512 

Frame 189 
Patt 2 
r0 0.968432 -0.051658 0.243868 33.340363 
r1 0.072178 -0.878279 -0.472669 297.020150 
r2 0.238601 0.475350 -0.846825 1239.666735 

Frame 190 
Patt 2 
r0 0.973615 -0.061918 0.219635 30.487693 
r1 0.049421 -0.882426 -0.467847 296.464848 
r2 0.222780 0.466358 -0.856084 1248.713726 

Frame 191 
Patt 2 
r0 0.974740 -0.057941 0.215694 26.966096 
r1 0.054526 -0.874804 -0.481399 293.960285 
r2 0.216582 0.481000 -0.849547 1243.116082 

Frame 192 
Patt 2 
r0 0.968908 -0.063188 0.239217 22.105047 
r1 0.062026 -0.873933 -0.482073 292.698020 
r2 0.239521 0.481922 -0.842841 1239.097067 

Frame 193 
Patt 2 
r0 0.973908 -0.070486 0.215720 13.099579 
r1 0.040699 -0.880887 -0.471573 290.262566 
r2 0.223265 0.468048 -0.855034 1243.167104 

Frame 194 
Patt 2 
r0 0.973908 -0.070486 0.215720 13.099579 
r1 0.040699 -0.880887 -0.471573 290.262566 
r2 0.223265 0.468048 -0.855034 1243.167104 

Frame 195 
Patt 2 
r0 0.971165 -0.079448 0.224781 7.567691 
r1 0.036454 -0.882267 -0.469335 288.292223 
r2 0.235604 0.463996 -0.853931 1240.584092 

Frame 196 
Patt 2 
r0 0.971165 -0.079448 0.224781 7.567691 
r1 0.036454 -0.882267 -0.469335 288.292223 
r2 0.235604 0.463996 -0.853931 1240.584092 

Frame 197 
Patt 2 
r0 0.971139 -0.081772 0.224058 3.591016 
r1 0.033612 -0.883100 -0.467979 287.271701 
r2 0.236133 0.462004 -0.854865 1238.815132 

Frame 198 
Patt 2 
r0 0.973448 -0.082205 0.213638 -3.258562 
r1 0.028817 -0.881860 -0.470630 284.285006 
r2 0.227087 0.464291 -0.856076 1235.429104 

Frame 199 
Patt 2 
r0 0.962632 -0.098548 0.252247 -7.772862 
r1 0.035368 -0.877713 -0.477879 278.882671 
r2 0.268495 0.468943 -0.841429 1230.312015 

Frame 200 
Patt 2 
r0 0.962632 -0.098548 0.252247 -7.772862 
r1 0.035368 -0.877713 -0.477879 278.882671 
r2 0.268495 0.468943 -0.841429 1230.312015 

Frame 201 
Patt 2 
r0 0.967414 -0.098334 0.233326 -9.485964 
r1 0.021389 -0.886476 -0.462281 280.355651 
r2 0.252296 0.452207 -0.855485 1233.012411 

Frame 202 
Patt 2 
r0 0.972965 -0.097856 0.209198 -13.557899 
r1 0.012570 -0.882020 -0.471044 280.517396 
r2 0.230611 0.460939 -0.856944 1233.966155 

Frame 203 
Patt 2 
r0 0.974077 -0.103874 0.200960 -19.648211 
r1 -0.000014 -0.888373 -0.459122 278.744829 
r2 0.226219 0.447217 -0.865345 1239.569042 

Frame 204 
Patt 2 
r0 0.967623 -0.109173 0.227568 -23.864832 
r1 0.009930 -0.884451 -0.466527 275.643580 
r2 0.252205 0.453682 -0.854731 1234.408584 

Frame 205 
Patt 2 
r0 0.963647 -0.116468 0.240457 -26.312318 
r1 0.011304 -0.881408 -0.472220 274.106867 
r2 0.266939 0.457771 -0.848050 1230.586055 

Frame 206 
Patt 2 
r0 0.968632 -0.114928 0.220327 -28.833447 
r1 -0.002139 -0.890450 -0.455077 276.039307 
r2 0.248491 0.440331 -0.862764 1235.469362 

Frame 207 
Patt 2 
r0 0.974383 -0.116099 0.192612 -33.846784 
r1 -0.013139 -0.884372 -0.466598 274.953629 
r2 0.224512 0.452114 -0.863242 1231.936765 

Frame 208 
Patt 2 
r0 0.974510 -0.121348 0.188695 -44.137324 
r1 -0.015154 -0.874772 -0.484298 270.669851 
r2 0.223834 0.469094 -0.854312 1225.257451 

Frame 209 
Patt 2 
r0 0.966753 -0.132656 0.218612 -50.426925 
r1 -0.018179 -0.888404 -0.458702 271.098506 
r2 0.255065 0.439478 -0.861279 1234.566663 

Frame 210 
Patt 2 
r0 0.967200 -0.135758 0.214695 -53.312161 
r1 -0.021160 -0.885324 -0.464492 269.463683 
r2 0.253133 0.444714 -0.859158 1231.746261 

Frame 210 
Patt 3 
r0 0.919261 0.337987 0.201803 423.959415 
r1 0.393649 -0.788796 -0.472061 86.194243 
r2 -0.000369 0.513387 -0.858157 1482.611954 

Frame 211 
Patt 2 
r0 0.969901 -0.138015 0.200609 -59.260282 
r1 -0.026814 -0.879384 -0.475358 268.361692 
r2 0.242019 0.455671 -0.856616 1226.460745 

Frame 211 
Patt 3 
r0 0.922969 0.331416 0.195685 415.765115 
r1 0.384868 -0.791607 -0.474590 83.533699 
r2 -0.002381 0.513344 -0.858179 1479.346782 

Frame 212 
Patt 2 
r0 0.973127 -0.138940 0.183630 -69.528821 
r1 -0.034056 -0.875524 -0.481974 264.917111 
r2 0.227738 0.462768 -0.856727 1223.154449 

Frame 212 
Patt 3 
r0 0.918934 0.331470 0.213748 398.108586 
r1 0.394412 -0.772028 -0.498409 78.658373 
r2 -0.000188 0.542310 -0.840178 1460.097627 

Frame 213 
Patt 2 
r0 0.959805 -0.157160 0.232539 -82.823702 
r1 -0.035121 -0.889266 -0.456040 258.790352 
r2 0.278460 0.429543 -0.859042 1232.144754 

Frame 213 
Patt 3 
r0 0.923784 0.317166 0.214541 387.538268 
r1 0.382321 -0.795133 -0.470739 66.793518 
r2 0.021286 0.516884 -0.855791 1490.964968 

Frame 214 
Patt 2 
r0 0.959805 -0.157160 0.232539 -82.823702 
r1 -0.035121 -0.889266 -0.456040 258.790352 
r2 0.278460 0.429543 -0.859042 1232.144754 

Frame 214 
Patt 3 
r0 0.923784 0.317166 0.214541 387.538268 
r1 0.382321 -0.795133 -0.470739 66.793518 
r2 0.021286 0.516884 -0.855791 1490.964968 

Frame 215 
Patt 2 
r0 0.957947 -0.162922 0.236208 -83.256476 
r1 -0.039296 -0.889911 -0.454438 258.486770 
r2 0.284242 0.426046 -0.858890 1229.507603 

Frame 215 
Patt 3 
r0 0.925461 0.310121 0.217592 385.233716 
r1 0.377855 -0.797034 -0.471128 63.777605 
r2 0.027322 0.518229 -0.854805 1487.844311 

Frame 216 
Patt 2 
r0 0.960148 -0.167460 0.223772 -85.611290 
r1 -0.046503 -0.885189 -0.462902 258.580428 
r2 0.275598 0.434048 -0.857699 1229.273168 

Frame 216 
Patt 3 
r0 0.927248 0.312885 0.205705 383.859256 
r1 0.374146 -0.796273 -0.475358 62.266938 
r2 0.015065 0.517738 -0.855407 1493.017848 

Frame 217 
Patt 2 
r0 0.973846 -0.159071 0.162237 -91.120987 
r1 -0.060696 -0.870222 -0.488906 252.598621 
r2 0.218953 0.466272 -0.857117 1216.972096 

Frame 217 
Patt 3 
r0 0.928563 0.309457 0.204956 373.947183 
r1 0.370969 -0.792133 -0.484672 55.699431 
r2 0.012367 0.526081 -0.850345 1477.705760 

Frame 218 
Patt 2 
r0 0.975201 -0.164358 0.148222 -106.977735 
r1 -0.069876 -0.864106 -0.498436 241.287195 
r2 0.210001 0.475718 -0.854162 1195.217582 

Frame 218 
Patt 3 
r0 0.928075 0.311953 0.203377 343.010603 
r1 0.372317 -0.766189 -0.523769 45.039686 
r2 -0.007566 0.561818 -0.827226 1432.404478 

Frame 219 
Patt 2 
r0 0.956598 -0.179922 0.229235 -124.022388 
r1 -0.056704 -0.886527 -0.459189 240.598964 
r2 0.285841 0.426261 -0.858252 1224.323473 

Frame 219 
Patt 3 
r0 0.927911 0.294678 0.228355 332.765358 
r1 0.370844 -0.792293 -0.484506 37.645817 
r2 0.038151 0.534263 -0.844457 1476.745704 

Frame 220 
Patt 2 
r0 0.943403 -0.193733 0.269180 -123.711961 
r1 -0.051700 -0.887630 -0.457646 239.431720 
r2 0.327593 0.417829 -0.847409 1220.627911 

Frame 220 
Patt 3 
r0 0.930198 0.284089 0.232432 332.893106 
