NumPatterns 4 
PN Data/hiro.patt 
PN Data/kanji.patt 
PN Data/sample1.patt 
PN Data/sample2.patt 
Frame 5 
Patt 0 
r0 0.032680 0.940441 0.338384 175.180912 
r1 0.984632 0.027820 -0.172411 400.526305 
r2 -0.171556 0.338818 -0.925079 1210.373058 

Frame 6 
Patt 0 
r0 0.039397 0.937349 0.346156 173.798310 
r1 0.984630 0.022574 -0.173190 388.683246 
r2 -0.170154 0.347659 -0.922053 1208.085050 

Frame 7 
Patt 0 
r0 0.040219 0.939294 0.340748 172.282332 
r1 0.987277 0.015148 -0.158287 379.430039 
r2 -0.153840 0.342779 -0.926734 1211.987402 

Frame 8 
Patt 0 
r0 0.046702 0.944697 0.324602 168.040659 
r1 0.988912 0.002134 -0.148490 374.744957 
r2 -0.140971 0.327938 -0.934122 1219.721969 

Frame 9 
Patt 0 
r0 0.056931 0.941367 0.332547 165.674820 
r1 0.986726 -0.002314 -0.162375 369.651745 
r2 -0.152085 0.337377 -0.929003 1220.893985 

Frame 10 
Patt 0 
r0 0.060154 0.933576 0.353294 162.887808 
r1 0.988056 -0.005386 -0.154000 353.338905 
r2 -0.141868 0.358338 -0.922750 1207.591817 

Frame 11 
Patt 0 
r0 0.064934 0.938042 0.340384 157.532890 
r1 0.989276 -0.015791 -0.145205 341.759127 
r2 -0.130833 0.346163 -0.929007 1216.406063 

Frame 12 
Patt 0 
r0 0.072657 0.939019 0.336100 153.376491 
r1 0.989841 -0.026599 -0.139667 333.600908 
r2 -0.122210 0.342834 -0.931413 1225.929763 

Frame 13 
Patt 0 
r0 0.080871 0.938233 0.336419 151.863419 
r1 0.988752 -0.032911 -0.145898 325.907907 
r2 -0.125814 0.344434 -0.930342 1229.317125 

Frame 14 
Patt 0 
r0 0.088306 0.937822 0.335695 151.018223 
r1 0.988642 -0.041374 -0.144482 317.405978 
r2 -0.121609 0.344641 -0.930824 1229.623943 

Frame 15 
Patt 0 
r0 0.094886 0.934122 0.344111 138.521705 
r1 0.989923 -0.052037 -0.131702 295.132823 
r2 -0.105119 0.353140 -0.929646 1229.587502 

Frame 16 
Patt 0 
r0 0.094886 0.934122 0.344111 138.521705 
r1 0.989923 -0.052037 -0.131702 295.132823 
r2 -0.105119 0.353140 -0.929646 1229.587502 

Frame 17 
Patt 0 
r0 0.107109 0.936170 0.334833 134.634993 
r1 0.989225 -0.066535 -0.130414 289.326723 
r2 -0.099811 0.345194 -0.933209 1239.548292 

Frame 18 
Patt 0 
r0 0.122224 0.935167 0.332453 131.814732 
r1 0.986748 -0.078476 -0.142023 284.404946 
r2 -0.106725 0.345405 -0.932365 1243.288462 

Frame 19 
Patt 0 
r0 0.132907 0.933793 0.332214 131.679539 
r1 0.984619 -0.086042 -0.152061 279.696364 
r2 -0.113409 0.347314 -0.930866 1241.781218 

Frame 20 
Patt 0 
r0 0.137135 0.929368 0.342737 126.228443 
r1 0.986235 -0.095832 -0.134750 265.983897 
r2 -0.092387 0.356498 -0.929717 1234.054768 

Frame 21 
Patt 0 
r0 0.146861 0.932127 0.331015 118.259003 
r1 0.985850 -0.110589 -0.125976 258.212791 
r2 -0.080819 0.344833 -0.935178 1241.193704 

Frame 22 
Patt 0 
r0 0.158366 0.929548 0.332956 108.659703 
r1 0.983847 -0.120053 -0.132788 251.322455 
r2 -0.083461 0.348607 -0.933546 1245.623321 

Frame 23 
Patt 0 
r0 0.169846 0.920952 0.350712 100.595904 
r1 0.981364 -0.125609 -0.145421 241.624620 
r2 -0.089873 0.368876 -0.925124 1246.184875 

Frame 24 
Patt 0 
r0 0.177103 0.921864 0.344675 97.337211 
r1 0.980034 -0.133029 -0.147769 233.519311 
r2 -0.090371 0.363964 -0.927019 1252.707479 

Frame 25 
Patt 0 
r0 0.182799 0.922393 0.340258 94.396657 
r1 0.979688 -0.141877 -0.141715 226.491989 
r2 -0.082442 0.359252 -0.929592 1256.293784 

Frame 26 
Patt 0 
r0 0.200311 0.921163 0.333666 90.986473 
r1 0.975475 -0.155802 -0.155482 217.518699 
r2 -0.091238 0.356628 -0.929781 1258.602073 

Frame 27 
Patt 0 
r0 0.200311 0.921163 0.333666 90.986473 
r1 0.975475 -0.155802 -0.155482 217.518699 
r2 -0.091238 0.356628 -0.929781 1258.602073 

Frame 28 
Patt 0 
r0 0.204867 0.917375 0.341252 90.420169 
r1 0.975341 -0.162096 -0.149781 211.154176 
r2 -0.082089 0.363523 -0.927962 1253.256391 

Frame 29 
Patt 0 
r0 0.210956 0.916441 0.340050 87.229406 
r1 0.973490 -0.165510 -0.157870 199.788221 
r2 -0.088397 0.364339 -0.927062 1254.302281 

Frame 30 
Patt 0 
r0 0.222306 0.916544 0.332457 83.083091 
r1 0.972286 -0.183090 -0.145387 189.815237 
r2 -0.072384 0.355564 -0.931845 1255.483706 

Frame 31 
Patt 0 
r0 0.222306 0.916544 0.332457 83.083091 
r1 0.972286 -0.183090 -0.145387 189.815237 
r2 -0.072384 0.355564 -0.931845 1255.483706 

Frame 32 
Patt 0 
r0 0.229972 0.912494 0.338331 79.453827 
r1 0.970255 -0.187962 -0.152566 183.362234 
r2 -0.075622 0.363353 -0.928577 1252.811130 

Frame 33 
Patt 0 
r0 0.229579 0.908094 0.350227 73.758119 
r1 0.970911 -0.188530 -0.147611 170.985523 
r2 -0.068016 0.373927 -0.924961 1246.535051 

Frame 34 
Patt 0 
r0 0.228122 0.914474 0.334212 69.350519 
r1 0.972210 -0.195402 -0.128938 162.814928 
r2 -0.052604 0.354338 -0.933637 1257.132183 

Frame 35 
Patt 0 
r0 0.227306 0.921153 0.315927 60.567379 
r1 0.973393 -0.205277 -0.101816 162.457149 
r2 -0.028936 0.330665 -0.943305 1252.618270 

Frame 36 
Patt 0 
r0 0.233907 0.909636 0.343293 44.607181 
r1 0.971842 -0.208410 -0.109948 154.281770 
r2 -0.028467 0.359344 -0.932771 1243.006311 

Frame 37 
Patt 0 
r0 0.251673 0.902216 0.350240 37.223107 
r1 0.965931 -0.211606 -0.148998 145.562253 
r2 -0.060315 0.375806 -0.924733 1258.322362 

Frame 38 
Patt 0 
r0 0.263897 0.909316 0.321719 44.440578 
r1 0.961885 -0.223315 -0.157824 140.643474 
r2 -0.071667 0.351106 -0.933589 1251.270039 

Frame 39 
Patt 0 
r0 0.266497 0.904029 0.334232 57.305335 
r1 0.960619 -0.220819 -0.168672 141.862455 
r2 -0.078680 0.366020 -0.927275 1242.928590 

Frame 40 
Patt 0 
r0 0.258254 0.910583 0.322712 58.578115 
r1 0.964718 -0.225360 -0.136136 142.965605 
r2 -0.051237 0.346484 -0.936656 1249.788185 

Frame 41 
Patt 0 
r0 0.257717 0.906952 0.333197 43.935917 
r1 0.965813 -0.231795 -0.116086 133.287784 
r2 -0.028051 0.351723 -0.935684 1246.486670 

Frame 42 
Patt 0 
r0 0.271986 0.900528 0.339224 36.770223 
r1 0.960552 -0.232818 -0.152105 127.397576 
r2 -0.057997 0.367213 -0.928327 1257.096906 

Frame 43 
Patt 0 
r0 0.280627 0.897645 0.339826 39.935043 
r1 0.957879 -0.239433 -0.158553 123.678213 
r2 -0.060959 0.370007 -0.927027 1254.809021 

Frame 44 
Patt 0 
r0 0.281710 0.899068 0.335137 40.956902 
r1 0.957746 -0.242377 -0.154842 122.995399 
r2 -0.057984 0.364597 -0.929358 1255.020651 

Frame 45 
Patt 0 
r0 0.282853 0.896421 0.341208 36.619459 
r1 0.958023 -0.246694 -0.146062 119.747573 
r2 -0.046759 0.368199 -0.928570 1252.352928 

Frame 46 
Patt 0 
r0 0.290069 0.894231 0.340897 30.715133 
r1 0.955794 -0.252777 -0.150208 112.390370 
r2 -0.048150 0.369398 -0.928023 1253.759497 

Frame 47 
Patt 0 
r0 0.297525 0.893213 0.337120 27.614690 
r1 0.953729 -0.262039 -0.147432 104.010770 
r2 -0.043350 0.365386 -0.929846 1252.953351 

Frame 48 
Patt 0 
r0 0.297525 0.893213 0.337120 27.614690 
r1 0.953729 -0.262039 -0.147432 104.010770 
r2 -0.043350 0.365386 -0.929846 1252.953351 

Frame 49 
Patt 0 
r0 0.310454 0.891183 0.330773 22.409821 
r1 0.949179 -0.271680 -0.158898 101.356073 
r2 -0.051743 0.363293 -0.930237 1252.513041 

Frame 50 
Patt 0 
r0 0.310454 0.891183 0.330773 22.409821 
r1 0.949179 -0.271680 -0.158898 101.356073 
r2 -0.051743 0.363293 -0.930237 1252.513041 

Frame 51 
Patt 0 
r0 0.319991 0.887904 0.330504 20.883761 
r1 0.945850 -0.279316 -0.165378 95.458995 
r2 -0.054525 0.365527 -0.929202 1250.640222 

Frame 52 
Patt 0 
r0 0.323036 0.885186 0.334804 23.135148 
r1 0.945397 -0.285652 -0.156932 92.185612 
r2 -0.043277 0.367217 -0.929128 1248.003961 

Frame 53 
Patt 0 
r0 0.325907 0.886655 0.328067 22.800375 
r1 0.944083 -0.286907 -0.162454 91.130303 
r2 -0.049916 0.362667 -0.930581 1247.235691 

Frame 54 
Patt 0 
r0 0.330314 0.884450 0.329606 21.579284 
r1 0.942726 -0.291945 -0.161359 88.365007 
r2 -0.046487 0.364027 -0.930228 1245.310444 

Frame 55 
Patt 0 
r0 0.334833 0.880686 0.335080 16.034859 
r1 0.941417 -0.297472 -0.158883 80.366362 
r2 -0.040249 0.368650 -0.928697 1242.186416 

Frame 56 
Patt 0 
r0 0.339885 0.881441 0.327932 11.895504 
r1 0.939621 -0.303482 -0.158149 75.045179 
r2 -0.039878 0.361884 -0.931370 1245.496850 

Frame 57 
Patt 0 
r0 0.343207 0.880394 0.327284 9.326467 
r1 0.938492 -0.307351 -0.157377 71.745289 
r2 -0.037963 0.361167 -0.931728 1244.474364 

Frame 58 
Patt 0 
r0 0.357642 0.872851 0.332000 1.790322 
r1 0.933124 -0.319912 -0.164124 61.805897 
r2 -0.037045 0.368495 -0.928892 1238.279590 

Frame 59 
Patt 0 
r0 0.357642 0.872851 0.332000 1.790322 
r1 0.933124 -0.319912 -0.164124 61.805897 
r2 -0.037045 0.368495 -0.928892 1238.279590 

Frame 60 
Patt 0 
r0 0.366339 0.872035 0.324579 -0.055231 
r1 0.929597 -0.327793 -0.168527 53.605547 
r2 -0.040566 0.363465 -0.930724 1237.755788 

Frame 61 
Patt 0 
r0 0.371674 0.870938 0.321444 0.502679 
r1 0.927608 -0.334437 -0.166417 47.082228 
r2 -0.037436 0.360027 -0.932190 1237.544649 

Frame 62 
Patt 0 
r0 0.378688 0.869562 0.316949 -2.982683 
r1 0.925089 -0.345113 -0.158456 42.557009 
r2 -0.028404 0.353211 -0.935112 1235.407793 

Frame 63 
Patt 0 
r0 0.393356 0.858044 0.330199 -10.599075 
r1 0.918912 -0.355390 -0.171167 33.960194 
r2 -0.029520 0.370753 -0.928262 1223.029340 

Frame 64 
Patt 0 
r0 0.407587 0.850401 0.332702 -21.196693 
r1 0.913039 -0.373442 -0.164013 23.202406 
r2 -0.015232 0.370619 -0.928660 1221.668576 

Frame 65 
Patt 0 
r0 0.423179 0.850246 0.313052 -27.779406 
r1 0.905638 -0.386565 -0.174321 14.387069 
r2 -0.027200 0.357281 -0.933601 1231.625885 

Frame 66 
Patt 0 
r0 0.435260 0.853726 0.285833 -34.723439 
r1 0.900178 -0.407349 -0.154100 7.702570 
r2 -0.015126 0.324374 -0.945808 1225.825724 

Frame 67 
Patt 0 
r0 0.435260 0.853726 0.285833 -34.723439 
r1 0.900178 -0.407349 -0.154100 7.702570 
r2 -0.015126 0.324374 -0.945808 1225.825724 

Frame 68 
Patt 0 
r0 0.445167 0.842034 0.304640 -46.824627 
r1 0.895335 -0.413152 -0.166377 2.716332 
r2 -0.014233 0.346821 -0.937824 1223.707736 

Frame 69 
Patt 0 
r0 0.460613 0.829179 0.316698 -53.793535 
r1 0.887433 -0.423274 -0.182486 -3.368684 
r2 -0.017264 0.365103 -0.930807 1223.076901 

Frame 70 
Patt 0 
r0 0.481240 0.820661 0.308098 -53.456551 
r1 0.876323 -0.441734 -0.192170 -5.546939 
r2 -0.021609 0.362473 -0.931744 1219.152015 

Frame 71 
Patt 0 
r0 0.490144 0.823153 0.286667 -55.563077 
r1 0.870542 -0.445778 -0.208421 -6.380802 
r2 -0.043772 0.351712 -0.935084 1221.539127 

Frame 72 
Patt 0 
r0 0.494797 0.818998 0.290546 -61.043853 
r1 0.868412 -0.453618 -0.200229 -13.148424 
r2 -0.032190 0.351386 -0.935677 1216.815312 

Frame 73 
Patt 0 
r0 0.494797 0.818998 0.290546 -61.043853 
r1 0.868412 -0.453618 -0.200229 -13.148424 
r2 -0.032190 0.351386 -0.935677 1216.815312 

Frame 74 
Patt 0 
r0 0.497279 0.818264 0.288370 -66.762687 
r1 0.867177 -0.458520 -0.194328 -17.650850 
r2 -0.026788 0.346703 -0.937592 1218.606448 

Frame 75 
Patt 0 
r0 0.502857 0.814462 0.289460 -72.780819 
r1 0.863975 -0.463482 -0.196806 -22.066914 
r2 -0.026131 0.349052 -0.936739 1216.347207 

Frame 76 
Patt 0 
r0 0.518103 0.808082 0.280309 -84.462442 
r1 0.855095 -0.481871 -0.191345 -30.463981 
r2 -0.019550 0.338827 -0.940646 1211.439036 

Frame 77 
Patt 0 
r0 0.518103 0.808082 0.280309 -84.462442 
r1 0.855095 -0.481871 -0.191345 -30.463981 
r2 -0.019550 0.338827 -0.940646 1211.439036 

Frame 78 
Patt 0 
r0 0.526108 0.801674 0.283778 -90.898308 
r1 0.850012 -0.485410 -0.204588 -35.491345 
r2 -0.026264 0.348851 -0.936810 1214.875388 

Frame 79 
Patt 0 
r0 0.532489 0.799718 0.277321 -92.072476 
r1 0.846205 -0.495294 -0.196522 -37.875952 
r2 -0.019807 0.339316 -0.940464 1213.759188 

Frame 80 
Patt 0 
r0 0.532489 0.799718 0.277321 -92.072476 
r1 0.846205 -0.495294 -0.196522 -37.875952 
r2 -0.019807 0.339316 -0.940464 1213.759188 

Frame 81 
Patt 0 
r0 0.538915 0.794700 0.279325 -96.625263 
r1 0.841889 -0.497046 -0.210163 -40.605114 
r2 -0.028180 0.348420 -0.936915 1210.083804 

Frame 82 
Patt 0 
r0 0.547071 0.790764 0.274601 -98.869213 
r1 0.836469 -0.503819 -0.215607 -44.591876 
r2 -0.032145 0.347648 -0.937074 1210.007359 

Frame 83 
Patt 0 
r0 0.551823 0.788582 0.271348 -96.778741 
r1 0.833365 -0.509117 -0.215182 -47.482474 
r2 -0.031540 0.344874 -0.938119 1209.098352 

Frame 84 
Patt 0 
r0 0.560533 0.784109 0.266412 -91.154764 
r1 0.827325 -0.516018 -0.221943 -47.707072 
r2 -0.036555 0.344816 -0.937958 1203.830613 

Frame 85 
Patt 0 
r0 0.582842 0.786028 0.206045 -76.758449 
r1 0.808705 -0.536350 -0.241507 -57.392164 
r2 -0.079319 0.307391 -0.948272 1196.910650 

Frame 86 
Patt 0 
r0 0.582842 0.786028 0.206045 -76.758449 
r1 0.808705 -0.536350 -0.241507 -57.392164 
r2 -0.079319 0.307391 -0.948272 1196.910650 

Frame 87 
Patt 0 
r0 0.588121 0.784132 0.198119 -71.574541 
r1 0.806323 -0.549423 -0.219038 -71.896484 
r2 -0.062904 0.288568 -0.955391 1199.024880 

Frame 88 
Patt 0 
r0 0.590008 0.778346 0.214633 -65.233137 
r1 0.806380 -0.554720 -0.205030 -78.844679 
r2 -0.040523 0.294046 -0.954932 1206.550769 

Frame 89 
Patt 0 
r0 0.593403 0.775539 0.215434 -61.495517 
r1 0.804005 -0.558454 -0.204219 -80.825368 
r2 -0.038070 0.294394 -0.954926 1207.053284 

Frame 90 
Patt 0 
r0 0.601561 0.773087 0.201150 -60.922040 
r1 0.797109 -0.564419 -0.214589 -84.351818 
r2 -0.052363 0.289426 -0.955767 1205.058290 

Frame 91 
Patt 0 
r0 0.609144 0.777074 0.158429 -55.735229 
r1 0.791210 -0.581837 -0.188287 -90.214832 
r2 -0.054134 0.240044 -0.969251 1202.239367 

Frame 92 
Patt 0 
r0 0.619123 0.770967 0.149323 -43.869404 
r1 0.781907 -0.587563 -0.208307 -98.371093 
r2 -0.072861 0.245725 -0.966598 1194.402697 

Frame 93 
Patt 0 
r0 0.626449 0.758577 0.179225 -36.182605 
r1 0.778296 -0.596180 -0.197038 -101.317552 
r2 -0.042618 0.262925 -0.963875 1199.696038 

Frame 94 
Patt 0 
r0 0.637600 0.753127 0.162068 -32.526400 
r1 0.768604 -0.607676 -0.199944 -101.455306 
r2 -0.052099 0.252050 -0.966311 1201.314135 

Frame 95 
Patt 0 
r0 0.663504 0.744608 0.072951 -21.221957 
r1 0.747239 -0.654647 -0.114331 -120.771226 
r2 -0.037374 0.130371 -0.990761 1188.224577 

Frame 96 
Patt 0 
r0 0.663504 0.744608 0.072951 -21.221957 
r1 0.747239 -0.654647 -0.114331 -120.771226 
r2 -0.037374 0.130371 -0.990761 1188.224577 

Frame 104 
Patt 0 
r0 0.724684 0.686289 0.061977 32.361247 
r1 0.688001 -0.715581 -0.120826 -139.707901 
r2 -0.038572 0.130201 -0.990737 1194.089054 

Frame 105 
Patt 0 
r0 0.724684 0.686289 0.061977 32.361247 
r1 0.688001 -0.715581 -0.120826 -139.707901 
r2 -0.038572 0.130201 -0.990737 1194.089054 

Frame 114 
Patt 0 
r0 0.773768 0.633148 -0.020168 -21.366479 
r1 0.631072 -0.767680 0.111427 -127.333073 
r2 0.055067 -0.098946 -0.993568 1216.422105 

Frame 162 
Patt 2 
r0 0.959081 0.236236 0.156067 313.323494 
r1 0.266804 -0.938560 -0.218909 37.907597 
r2 0.094764 0.251590 -0.963183 1232.661409 

Frame 163 
Patt 2 
r0 0.964621 0.227803 0.132711 299.609215 
r1 0.253126 -0.940998 -0.224611 32.093074 
r2 0.073714 0.250257 -0.965369 1234.595159 

Frame 164 
Patt 2 
r0 0.965928 0.219248 0.137527 291.561926 
r1 0.246002 -0.942875 -0.224656 26.695061 
r2 0.080415 0.250833 -0.964684 1233.501585 

Frame 165 
Patt 2 
r0 0.965928 0.219248 0.137527 291.561926 
r1 0.246002 -0.942875 -0.224656 26.695061 
r2 0.080415 0.250833 -0.964684 1233.501585 

Frame 166 
Patt 2 
r0 0.968060 0.204032 0.145710 276.155717 
r1 0.232684 -0.947560 -0.219062 23.879649 
r2 0.093373 0.245970 -0.964770 1230.667766 

Frame 167 
Patt 2 
r0 0.968060 0.204032 0.145710 276.155717 
r1 0.232684 -0.947560 -0.219062 23.879649 
r2 0.093373 0.245970 -0.964770 1230.667766 

Frame 168 
Patt 2 
r0 0.972693 0.194397 0.126798 259.386116 
r1 0.219590 -0.947712 -0.231564 18.812879 
r2 0.075153 0.253084 -0.964521 1234.254103 

Frame 169 
Patt 2 
r0 0.972693 0.194397 0.126798 259.386116 
r1 0.219590 -0.947712 -0.231564 18.812879 
r2 0.075153 0.253084 -0.964521 1234.254103 

Frame 170 
Patt 2 
r0 0.971875 0.184295 0.146612 252.020399 
r1 0.213723 -0.951699 -0.220433 15.227581 
r2 0.098905 0.245568 -0.964321 1237.055656 

Frame 171 
Patt 2 
r0 0.972791 0.173979 0.153001 245.324308 
r1 0.205896 -0.951976 -0.226602 12.983245 
r2 0.106229 0.251939 -0.961895 1232.719057 

Frame 172 
Patt 2 
r0 0.975761 0.171927 0.135395 238.431816 
r1 0.200235 -0.951052 -0.235384 11.836071 
r2 0.088299 0.256789 -0.962425 1232.462766 

Frame 173 
Patt 2 
r0 0.976542 0.156334 0.148071 216.902045 
r1 0.187988 -0.954325 -0.232217 3.189586 
r2 0.105005 0.254605 -0.961327 1233.599170 

Frame 174 
Patt 2 
r0 0.976542 0.156334 0.148071 216.902045 
r1 0.187988 -0.954325 -0.232217 3.189586 
r2 0.105005 0.254605 -0.961327 1233.599170 

Frame 175 
Patt 2 
r0 0.975071 0.147325 0.165926 210.814408 
r1 0.181696 -0.959352 -0.215940 4.195205 
r2 0.127368 0.240704 -0.962205 1232.669243 

Frame 176 
Patt 2 
r0 0.972825 0.136108 0.187315 205.073404 
r1 0.175481 -0.961176 -0.212950 10.104995 
r2 0.151059 0.240033 -0.958940 1220.609446 

Frame 177 
Patt 2 
r0 0.985039 0.139815 0.100750 186.020499 
r1 0.162447 -0.948485 -0.272005 11.671220 
r2 0.057530 0.284302 -0.957007 1228.248249 

Frame 178 
Patt 2 
r0 0.985039 0.139815 0.100750 186.020499 
r1 0.162447 -0.948485 -0.272005 11.671220 
r2 0.057530 0.284302 -0.957007 1228.248249 

Frame 179 
Patt 2 
r0 0.978703 0.106673 0.175389 173.139690 
r1 0.149085 -0.956686 -0.250052 9.549712 
r2 0.141119 0.270875 -0.952214 1228.951876 

Frame 180 
Patt 2 
r0 0.978703 0.106673 0.175389 173.139690 
r1 0.149085 -0.956686 -0.250052 9.549712 
r2 0.141119 0.270875 -0.952214 1228.951876 

Frame 181 
Patt 2 
r0 0.980155 0.102019 0.169968 172.411455 
r1 0.142414 -0.958813 -0.245757 13.789283 
r2 0.137896 0.265086 -0.954313 1228.517643 

Frame 182 
Patt 2 
r0 0.987618 0.110348 0.111509 164.963206 
r1 0.137927 -0.949433 -0.282051 14.020919 
r2 0.074747 0.293939 -0.952897 1226.558146 

Frame 183 
Patt 2 
r0 0.987143 0.101338 0.123609 153.005981 
r1 0.130667 -0.957022 -0.258913 12.210795 
r2 0.092059 0.271736 -0.957959 1232.133044 

Frame 184 
Patt 2 
r0 0.983005 0.077830 0.166264 139.357319 
r1 0.115537 -0.966106 -0.230849 16.232027 
r2 0.142662 0.246135 -0.958679 1234.200064 

Frame 185 
Patt 2 
r0 0.985814 0.072493 0.151380 134.640037 
r1 0.112876 -0.953841 -0.278293 20.399743 
r2 0.124218 0.291432 -0.948492 1227.474281 

Frame 186 
Patt 2 
r0 0.992064 0.082860 0.094571 121.578228 
r1 0.107357 -0.949737 -0.294065 17.876929 
r2 0.065452 0.301884 -0.951095 1227.821332 

Frame 187 
Patt 2 
r0 0.987259 0.060993 0.146965 109.117152 
r1 0.101620 -0.952410 -0.287382 15.174122 
r2 0.122442 0.298656 -0.946474 1229.271582 

Frame 188 
Patt 2 
r0 0.985867 0.057077 0.157504 104.483832 
r1 0.096027 -0.962919 -0.252122 16.735606 
r2 0.137273 0.263683 -0.954792 1237.290466 

Frame 189 
Patt 2 
r0 0.984378 0.048785 0.169177 102.654710 
r1 0.089693 -0.965771 -0.243396 18.571965 
r2 0.151512 0.254768 -0.955059 1239.846702 

Frame 190 
Patt 2 
r0 0.990873 0.050974 0.124792 95.168028 
r1 0.085860 -0.952330 -0.292739 16.379156 
r2 0.103921 0.300782 -0.948014 1230.184259 

Frame 191 
Patt 2 
r0 0.989304 0.047550 0.137901 83.988685 
r1 0.081776 -0.963638 -0.254389 14.011133 
r2 0.120790 0.262945 -0.957220 1239.090596 

Frame 192 
Patt 2 
r0 0.985610 0.027889 0.166720 81.885943 
r1 0.074406 -0.957185 -0.279752 14.329698 
r2 0.151780 0.288131 -0.945486 1226.389943 

Frame 193 
Patt 2 
r0 0.986625 0.026548 0.160833 81.610675 
r1 0.071400 -0.957347 -0.279979 16.966970 
r2 0.146540 0.287718 -0.946438 1227.024927 

Frame 194 
Patt 2 
r0 0.994823 0.031067 0.096757 62.965611 
r1 0.059689 -0.949212 -0.308925 13.005112 
r2 0.082246 0.313101 -0.946152 1222.872243 

Frame 195 
Patt 2 
r0 0.990566 0.016157 0.136082 50.258765 
r1 0.056546 -0.952735 -0.298493 9.041796 
r2 0.124828 0.303372 -0.944661 1224.744614 

Frame 196 
Patt 2 
r0 0.990566 0.016157 0.136082 50.258765 
r1 0.056546 -0.952735 -0.298493 9.041796 
r2 0.124828 0.303372 -0.944661 1224.744614 

Frame 197 
Patt 2 
r0 0.983283 -0.003394 0.182053 48.095348 
r1 0.047181 -0.960929 -0.272744 9.949093 
r2 0.175866 0.276774 -0.944705 1225.811035 

Frame 198 
Patt 2 
r0 0.987459 -0.002230 0.157857 48.842009 
r1 0.040570 -0.962736 -0.267382 13.552954 
r2 0.152571 0.270433 -0.950572 1228.702929 

Frame 199 
Patt 2 
r0 0.989433 0.003564 0.144945 45.258600 
r1 0.045914 -0.955951 -0.289912 14.401907 
r2 0.137527 0.293504 -0.946014 1227.617499 

Frame 200 
Patt 2 
r0 0.993007 -0.004326 0.117979 36.498238 
r1 0.029624 -0.958224 -0.284481 12.185960 
r2 0.114281 0.285987 -0.951395 1229.915838 

Frame 201 
Patt 2 
r0 0.986389 -0.014762 0.163766 33.357524 
r1 0.030821 -0.961712 -0.272325 11.791035 
r2 0.161516 0.273665 -0.948167 1229.158599 

Frame 202 
Patt 2 
r0 0.991001 -0.007058 0.133668 31.839801 
r1 0.031346 -0.958603 -0.283016 13.430354 
r2 0.130132 0.284659 -0.949755 1226.954792 

Frame 203 
Patt 2 
r0 0.991806 -0.011845 0.127203 27.609472 
r1 0.024513 -0.959545 -0.280486 16.027533 
r2 0.125380 0.281306 -0.951392 1227.062640 

Frame 204 
Patt 2 
r0 0.989391 -0.017047 0.144277 22.518090 
r1 0.025622 -0.957050 -0.288790 15.003615 
r2 0.143003 0.289423 -0.946459 1226.002685 

Frame 205 
Patt 2 
r0 0.991258 -0.022842 0.129942 18.152733 
r1 0.015434 -0.958061 -0.286149 14.166916 
r2 0.131028 0.285653 -0.949333 1226.034139 

Frame 206 
Patt 2 
r0 0.984706 -0.027541 0.172034 17.678776 
r1 0.021387 -0.960851 -0.276240 18.193423 
r2 0.172907 0.275694 -0.945566 1227.501705 

Frame 207 
Patt 2 
r0 0.989086 -0.027627 0.144729 13.633023 
r1 0.015009 -0.958264 -0.285491 22.705290 
r2 0.146576 0.284547 -0.947390 1226.814969 

Frame 208 
Patt 2 
r0 0.993111 -0.036714 0.111280 13.457848 
r1 -0.004777 -0.961544 -0.274608 23.914203 
r2 0.117083 0.272184 -0.955095 1229.885197 

Frame 209 
Patt 2 
r0 0.993111 -0.036714 0.111280 13.457848 
r1 -0.004777 -0.961544 -0.274608 23.914203 
r2 0.117083 0.272184 -0.955095 1229.885197 

Frame 210 
Patt 2 
r0 0.991282 -0.040594 0.125351 7.869495 
r1 -0.006191 -0.964655 -0.263442 23.995163 
r2 0.131615 0.260369 -0.956497 1232.642394 

Frame 211 
Patt 2 
r0 0.982579 -0.047394 0.179700 3.115429 
r1 0.010897 -0.950580 -0.310289 25.573706 
r2 0.185525 0.306841 -0.933504 1225.633485 

Frame 212 
Patt 2 
r0 0.985922 -0.043685 0.161397 0.890349 
r1 0.007036 -0.953573 -0.301080 28.997045 
r2 0.167056 0.297977 -0.939842 1223.617474 

Frame 213 
Patt 2 
r0 0.987390 -0.053715 0.148914 -5.725325 
r1 -0.009930 -0.959838 -0.280379 28.533545 
r2 0.157994 0.275364 -0.948268 1230.936425 

Frame 214 
Patt 2 
r0 0.984764 -0.061782 0.162549 -9.923323 
r1 -0.012308 -0.957178 -0.289238 27.573750 
r2 0.173458 0.282831 -0.943355 1228.621615 

Frame 215 
Patt 2 
r0 0.986536 -0.060853 0.151800 -11.498992 
r1 -0.014380 -0.956878 -0.290133 29.428212 
r2 0.162910 0.284043 -0.944870 1229.563924 

Frame 216 
Patt 2 
r0 0.984202 -0.066311 0.164162 -14.261295 
r1 -0.014300 -0.953957 -0.299604 32.039685 
r2 0.176471 0.292523 -0.939834 1225.379237 

Frame 217 
Patt 2 
r0 0.988759 -0.069574 0.132341 -20.270675 
r1 -0.025117 -0.949849 -0.311698 32.540852 
r2 0.147390 0.304870 -0.940920 1229.414453 

Frame 218 
Patt 2 
r0 0.986846 -0.078384 0.141391 -25.412102 
r1 -0.032031 -0.952057 -0.304238 30.376878 
r2 0.158460 0.295707 -0.942044 1232.608842 

Frame 219 
Patt 2 
r0 0.988814 -0.077701 0.127314 -30.549684 
r1 -0.034873 -0.950368 -0.309168 28.215672 
r2 0.145018 0.301270 -0.942447 1229.411776 

Frame 220 
Patt 2 
r0 0.988353 -0.085351 0.125988 -37.832492 
r1 -0.042213 -0.949185 -0.311876 28.846833 
r2 0.146205 0.302925 -0.941733 1227.113627 

Frame 221 
Patt 2 
r0 0.984411 -0.094762 0.148174 -42.886166 
r1 -0.044522 -0.949269 -0.311297 30.465224 
r2 0.170156 0.299848 -0.938690 1228.703142 

Frame 222 
Patt 2 
r0 0.985733 -0.096692 0.137774 -48.076863 
r1 -0.048214 -0.946439 -0.319264 29.724895 
r2 0.161265 0.308066 -0.937597 1226.156526 

Frame 223 
Patt 2 
r0 0.982310 -0.111228 0.150652 -60.309716 
r1 -0.059763 -0.948626 -0.310704 24.358105 
r2 0.177471 0.296205 -0.938492 1227.154873 

Frame 224 
Patt 2 
r0 0.982310 -0.111228 0.150652 -60.309716 
r1 -0.059763 -0.948626 -0.310704 24.358105 
r2 0.177471 0.296205 -0.938492 1227.154873 

Frame 225 
Patt 2 
r0 0.984492 -0.111997 0.135025 -64.622373 
r1 -0.063547 -0.945090 -0.320573 25.312798 
r2 0.163514 0.307021 -0.937551 1223.672908 

Frame 226 
Patt 2 
r0 0.984970 -0.118588 0.125581 -72.942625 
r1 -0.071471 -0.941722 -0.328713 24.718535 
r2 0.157244 0.314797 -0.936043 1223.657568 

Frame 227 
Patt 2 
r0 0.981013 -0.129082 0.144749 -78.361091 
r1 -0.077679 -0.945375 -0.316594 22.771224 
r2 0.177708 0.299339 -0.937452 1228.237963 

Frame 228 
Patt 2 
r0 0.981255 -0.133449 0.139034 -81.718915 
r1 -0.084640 -0.946572 -0.311189 20.263747 
r2 0.173133 0.293587 -0.940123 1227.381608 

Frame 229 
Patt 2 
r0 0.979339 -0.144223 0.141755 -93.833551 
r1 -0.093299 -0.944155 -0.316016 21.627074 
r2 0.179416 0.296261 -0.938104 1224.050641 

Frame 230 
Patt 2 
r0 0.979339 -0.144223 0.141755 -93.833551 
r1 -0.093299 -0.944155 -0.316016 21.627074 
r2 0.179416 0.296261 -0.938104 1224.050641 

Frame 231 
Patt 2 
r0 0.977502 -0.151636 0.146618 -97.887248 
r1 -0.098804 -0.943309 -0.316868 22.078051 
r2 0.186355 0.295252 -0.937069 1225.501517 

Frame 232 
Patt 2 
r0 0.978361 -0.155988 0.135933 -101.337558 
r1 -0.105516 -0.941281 -0.320714 21.230834 
r2 0.177978 0.299431 -0.937371 1225.314891 

Frame 233 
Patt 2 
r0 0.976576 -0.169294 0.132811 -117.822846 
r1 -0.119922 -0.940707 -0.317314 21.693976 
r2 0.178656 0.293955 -0.938974 1223.243869 

Frame 234 
Patt 2 
r0 0.973302 -0.186109 0.134337 -124.436765 
r1 -0.132214 -0.933014 -0.334669 26.732541 
r2 0.187623 0.307973 -0.932711 1226.012725 

Frame 235 
Patt 2 
r0 0.973302 -0.186109 0.134337 -124.436765 
r1 -0.132214 -0.933014 -0.334669 26.732541 
r2 0.187623 0.307973 -0.932711 1226.012725 

Frame 236 
Patt 2 
r0 0.975200 -0.191312 0.111289 -133.003792 
r1 -0.141040 -0.924676 -0.353670 24.862770 
r2 0.170568 0.329203 -0.928726 1215.868881 

Frame 237 
Patt 2 
r0 0.965255 -0.213090 0.151246 -149.950385 
r1 -0.156061 -0.934337 -0.320404 28.407839 
r2 0.209590 0.285668 -0.935129 1225.905767 

Frame 238 
Patt 2 
r0 0.967754 -0.219657 0.123298 -155.371126 
r1 -0.164908 -0.922477 -0.349058 32.321398 
r2 0.190413 0.317470 -0.928954 1221.893122 

Frame 239 
Patt 2 
r0 0.966349 -0.227124 0.120766 -164.634027 
r1 -0.170938 -0.917817 -0.358317 31.779330 
r2 0.192223 0.325616 -0.925756 1219.226971 

Frame 240 
Patt 2 
r0 0.961733 -0.235811 0.139510 -172.916735 
r1 -0.176773 -0.923063 -0.341623 29.773812 
r2 0.209335 0.303889 -0.929425 1226.142729 

Frame 241 
Patt 2 
r0 0.961733 -0.235811 0.139510 -172.916735 
r1 -0.176773 -0.923063 -0.341623 29.773812 
r2 0.209335 0.303889 -0.929425 1226.142729 

Frame 242 
Patt 2 
r0 0.959630 -0.241414 0.144327 -176.235255 
r1 -0.184604 -0.927737 -0.324386 31.582313 
r2 0.212209 0.284647 -0.934849 1227.459979 

Frame 243 
Patt 2 
r0 0.959351 -0.248231 0.134265 -178.677472 
r1 -0.193942 -0.925502 -0.325318 36.709182 
r2 0.205017 0.286055 -0.936024 1227.055422 

Frame 244 
Patt 2 
r0 0.959552 -0.257405 0.114029 -184.229912 
r1 -0.200185 -0.908617 -0.366526 39.521730 
r2 0.197955 0.328874 -0.923394 1218.538698 

Frame 245 
Patt 2 
r0 0.957591 -0.268052 0.105674 -193.822603 
r1 -0.212502 -0.904711 -0.369243 41.349213 
r2 0.194581 0.331128 -0.923305 1215.716320 

Frame 246 
Patt 2 
r0 0.951649 -0.290916 0.098655 -217.965929 
r1 -0.230662 -0.888823 -0.395965 47.023405 
r2 0.202879 0.354064 -0.912951 1206.119634 

Frame 247 
Patt 2 
r0 0.943517 -0.303449 0.133016 -229.682162 
r1 -0.237942 -0.899965 -0.365304 49.641823 
r2 0.230561 0.313021 -0.921336 1222.983054 

Frame 248 
Patt 2 
r0 0.943517 -0.303449 0.133016 -229.682162 
r1 -0.237942 -0.899965 -0.365304 49.641823 
r2 0.230561 0.313021 -0.921336 1222.983054 

Frame 249 
Patt 2 
r0 0.945171 -0.310084 0.102467 -236.117742 
r1 -0.247213 -0.884373 -0.395943 50.739510 
r2 0.213395 0.348903 -0.912540 1210.657125 

Frame 250 
Patt 2 
r0 0.941837 -0.317751 0.109441 -248.417436 
r1 -0.252784 -0.884401 -0.392346 49.816784 
r2 0.221459 0.341861 -0.913284 1209.551367 

Frame 251 
Patt 2 
r0 0.936694 -0.327749 0.123225 -259.813773 
r1 -0.260519 -0.887479 -0.380145 50.762104 
r2 0.233952 0.323977 -0.916682 1214.844356 

Frame 252 
Patt 2 
r0 0.931210 -0.342095 0.125773 -277.303450 
r1 -0.273358 -0.883747 -0.379824 50.679649 
r2 0.241087 0.319314 -0.916469 1213.715734 

Frame 253 
Patt 2 
r0 0.931210 -0.342095 0.125773 -277.303450 
r1 -0.273358 -0.883747 -0.379824 50.679649 
r2 0.241087 0.319314 -0.916469 1213.715734 

Frame 254 
Patt 2 
r0 0.926397 -0.352103 0.133462 -285.843518 
r1 -0.279156 -0.880070 -0.384120 48.272030 
r2 0.252706 0.318591 -0.913586 1210.838765 

Frame 255 
Patt 2 
r0 0.924091 -0.358194 0.133244 -294.669381 
r1 -0.287492 -0.881248 -0.375167 47.556132 
r2 0.251803 0.308381 -0.917331 1211.954543 

Frame 256 
Patt 2 
r0 0.924632 -0.361789 0.119017 -301.746960 
r1 -0.297984 -0.881812 -0.365532 47.277704 
r2 0.237196 0.302517 -0.923158 1210.443770 

Frame 257 
Patt 2 
r0 0.923255 -0.369338 0.105785 -306.660202 
r1 -0.303448 -0.869910 -0.388813 45.453497 
r2 0.235627 0.326874 -0.915223 1195.068066 

Frame 258 
Patt 2 
r0 0.919413 -0.377046 0.111879 -318.247523 
r1 -0.311803 -0.872172 -0.376956 44.193000 
r2 0.239707 0.311694 -0.919450 1197.160967 

Frame 259 
Patt 2 
r0 0.916836 -0.383359 0.111568 -326.241014 
r1 -0.315128 -0.866393 -0.387373 43.030906 
r2 0.245165 0.320000 -0.915147 1191.652366 

