NumPatterns 4 
PN Data/hiro.patt 
PN Data/kanji.patt 
PN Data/sample1.patt 
PN Data/sample2.patt 
Frame 52 
Patt 3 
r0 0.991691 -0.107937 0.069995 -149.667163 
r1 -0.059958 -0.869181 -0.490846 -38.149646 
r2 0.113819 0.482571 -0.868430 1291.492377 

Frame 53 
Patt 3 
r0 0.991691 -0.107937 0.069995 -149.667163 
r1 -0.059958 -0.869181 -0.490846 -38.149646 
r2 0.113819 0.482571 -0.868430 1291.492377 

Frame 54 
Patt 3 
r0 0.991693 -0.103269 0.076678 -145.602405 
r1 -0.053407 -0.872926 -0.484920 -39.785736 
r2 0.117012 0.476797 -0.871190 1302.431842 

Frame 55 
Patt 3 
r0 0.993304 -0.093125 0.068367 -143.217322 
r1 -0.048053 -0.871209 -0.488556 -39.192422 
r2 0.105059 0.481999 -0.869850 1298.681366 

Frame 56 
Patt 3 
r0 0.994470 -0.090767 0.052820 -138.282707 
r1 -0.052757 -0.866691 -0.496048 -38.040921 
r2 0.090804 0.490519 -0.866687 1296.484717 

Frame 57 
Patt 3 
r0 0.991958 -0.103488 0.072871 -130.006266 
r1 -0.053736 -0.865615 -0.497819 -37.103751 
r2 0.114597 0.489900 -0.864214 1296.555695 

Frame 58 
Patt 3 
r0 0.993646 -0.093152 0.063164 -123.367885 
r1 -0.050712 -0.871585 -0.487615 -37.221798 
r2 0.100475 0.481314 -0.870771 1311.139013 

Frame 59 
Patt 3 
r0 0.995452 -0.082380 0.047844 -121.460628 
r1 -0.047814 -0.866421 -0.497020 -36.920686 
r2 0.082398 0.492472 -0.866419 1305.771735 

Frame 60 
Patt 3 
r0 0.995520 -0.081047 0.048690 -121.683288 
r1 -0.046131 -0.865886 -0.498110 -36.955477 
r2 0.082530 0.493633 -0.865746 1307.743849 

Frame 61 
Patt 3 
r0 0.995792 -0.077151 0.049466 -118.406607 
r1 -0.043057 -0.870305 -0.490627 -37.584156 
r2 0.080903 0.486432 -0.869965 1315.773166 

Frame 62 
Patt 3 
r0 0.994402 -0.082574 0.065920 -105.003613 
r1 -0.037477 -0.858975 -0.510645 -32.839953 
r2 0.098790 0.505316 -0.857261 1275.685242 

Frame 63 
Patt 3 
r0 0.996790 -0.068835 0.040874 -95.871026 
r1 -0.039663 -0.868130 -0.494750 -28.540716 
r2 0.069540 0.491541 -0.868073 1322.259656 

Frame 64 
Patt 3 
r0 0.995837 -0.067038 0.061765 -86.741490 
r1 -0.027675 -0.867960 -0.495862 -32.120234 
r2 0.086851 0.492088 -0.866202 1325.277938 

Frame 65 
Patt 3 
r0 0.996883 -0.064273 0.045743 -80.747395 
r1 -0.032370 -0.862042 -0.505803 -34.564960 
r2 0.071942 0.502746 -0.861436 1315.382631 

Frame 66 
Patt 3 
r0 0.996883 -0.064273 0.045743 -80.747395 
r1 -0.032370 -0.862042 -0.505803 -34.564960 
r2 0.071942 0.502746 -0.861436 1315.382631 

Frame 67 
Patt 3 
r0 0.996802 -0.058593 0.054334 -72.659030 
r1 -0.023274 -0.863356 -0.504058 -35.726175 
r2 0.076444 0.501181 -0.861959 1319.392910 

Frame 68 
Patt 3 
r0 0.997060 -0.054779 0.053576 -68.073137 
r1 -0.020949 -0.867460 -0.497066 -35.727101 
r2 0.073704 0.494482 -0.866057 1325.674549 

Frame 69 
Patt 3 
r0 0.996931 -0.051216 0.059211 -68.946938 
r1 -0.015840 -0.872637 -0.488112 -36.455997 
r2 0.076669 0.485676 -0.870770 1332.381092 

Frame 70 
Patt 3 
r0 0.997931 -0.054831 0.033582 -63.468197 
r1 -0.030336 -0.862013 -0.505977 -33.735201 
r2 0.056691 0.503911 -0.861893 1325.427269 

Frame 71 
Patt 3 
r0 0.997931 -0.054831 0.033582 -63.468197 
r1 -0.030336 -0.862013 -0.505977 -33.735201 
r2 0.056691 0.503911 -0.861893 1325.427269 

Frame 72 
Patt 3 
r0 0.998930 -0.037744 0.026710 -61.685682 
r1 -0.019594 -0.868757 -0.494852 -31.597459 
r2 0.041882 0.493799 -0.868567 1335.268217 

Frame 73 
Patt 3 
r0 0.997894 -0.043963 0.047693 -60.883267 
r1 -0.014704 -0.869453 -0.493797 -30.691634 
r2 0.063176 0.492055 -0.868269 1339.636480 

Frame 74 
Patt 3 
r0 0.997894 -0.043963 0.047693 -60.883267 
r1 -0.014704 -0.869453 -0.493797 -30.691634 
r2 0.063176 0.492055 -0.868269 1339.636480 

Frame 75 
Patt 3 
r0 0.998737 -0.043629 0.024933 -60.340245 
r1 -0.025420 -0.866659 -0.498253 -31.611099 
r2 0.043346 0.496990 -0.866673 1338.926533 

Frame 76 
Patt 3 
r0 0.998896 -0.033750 0.032683 -51.757394 
r1 -0.012608 -0.862713 -0.505536 -37.792165 
r2 0.045258 0.504566 -0.862186 1334.682843 

Frame 77 
Patt 3 
r0 0.998896 -0.033750 0.032683 -51.757394 
r1 -0.012608 -0.862713 -0.505536 -37.792165 
r2 0.045258 0.504566 -0.862186 1334.682843 

Frame 78 
Patt 3 
r0 0.998369 -0.035192 0.044963 -46.344774 
r1 -0.007528 -0.861728 -0.507315 -38.926380 
r2 0.056600 0.506149 -0.860587 1340.136511 

Frame 79 
Patt 3 
r0 0.999713 -0.020708 0.012049 -44.019028 
r1 -0.012298 -0.875144 -0.483706 -41.819968 
r2 0.020562 0.483419 -0.875148 1341.199210 

Frame 80 
Patt 3 
r0 0.999138 -0.027043 0.031491 -40.714363 
r1 -0.008782 -0.879189 -0.476392 -46.640210 
r2 0.040570 0.475705 -0.878669 1343.497639 

Frame 81 
Patt 3 
r0 0.999209 -0.021421 0.033500 -33.688325 
r1 -0.001844 -0.866545 -0.499095 -49.099137 
r2 0.039720 0.498639 -0.865899 1330.499383 

Frame 82 
Patt 3 
r0 0.999923 -0.008023 0.009508 -17.763822 
r1 -0.001967 -0.856636 -0.515918 -52.538997 
r2 0.012284 0.515859 -0.856585 1325.737086 

Frame 83 
Patt 3 
r0 0.999923 -0.008023 0.009508 -17.763822 
r1 -0.001967 -0.856636 -0.515918 -52.538997 
r2 0.012284 0.515859 -0.856585 1325.737086 

Frame 84 
Patt 3 
r0 0.999795 0.007097 0.018947 -8.969612 
r1 0.015342 -0.876414 -0.481314 -56.757887 
r2 0.013189 0.481506 -0.876343 1344.646845 

Frame 85 
Patt 3 
r0 0.999795 0.007097 0.018947 -8.969612 
r1 0.015342 -0.876414 -0.481314 -56.757887 
r2 0.013189 0.481506 -0.876343 1344.646845 

Frame 86 
Patt 3 
r0 0.998646 0.002061 0.051979 -6.534610 
r1 0.027121 -0.873292 -0.486442 -59.612343 
r2 0.044390 0.487193 -0.872165 1343.708955 

Frame 87 
Patt 3 
r0 0.999384 0.008024 0.034170 -1.184852 
r1 0.023883 -0.868861 -0.494479 -63.353103 
r2 0.025722 0.494991 -0.868517 1334.005408 

Frame 88 
Patt 3 
r0 0.999308 0.014389 0.034296 6.323822 
r1 0.029127 -0.876186 -0.481092 -68.277882 
r2 0.023127 0.481758 -0.875999 1342.150225 

Frame 89 
Patt 3 
r0 0.999222 0.026304 0.029383 11.016520 
r1 0.037133 -0.878460 -0.476372 -69.214097 
r2 0.013282 0.477092 -0.878753 1349.328073 

Frame 90 
Patt 3 
r0 0.999257 0.030003 0.024186 14.652272 
r1 0.037885 -0.879807 -0.473818 -67.613739 
r2 0.007063 0.474383 -0.880290 1345.195572 

Frame 91 
Patt 3 
r0 0.998883 0.023305 0.041113 20.579044 
r1 0.040428 -0.871899 -0.488014 -66.700891 
r2 0.024473 0.489131 -0.871867 1337.122230 

Frame 92 
Patt 3 
r0 0.998982 0.034507 0.029047 31.595037 
r1 0.044434 -0.863603 -0.502211 -66.230372 
r2 0.007755 0.502990 -0.864257 1320.429416 

Frame 93 
Patt 3 
r0 0.998972 0.033149 0.030932 44.165639 
r1 0.043955 -0.875400 -0.481396 -65.685818 
r2 0.011120 0.482261 -0.875957 1346.168546 

Frame 94 
Patt 3 
r0 0.998470 0.050136 0.023316 48.791495 
r1 0.055169 -0.875196 -0.480613 -66.051200 
r2 -0.003690 0.481164 -0.876623 1349.979128 

Frame 95 
Patt 3 
r0 0.998141 0.053211 0.029730 48.659527 
r1 0.060954 -0.871483 -0.486624 -67.303232 
r2 0.000015 0.487531 -0.873106 1346.742776 

Frame 96 
Patt 3 
r0 0.997907 0.053299 0.036606 51.998459 
r1 0.064365 -0.872746 -0.483912 -72.116007 
r2 0.006156 0.485256 -0.874351 1333.806347 

Frame 97 
Patt 3 
r0 0.997938 0.057082 0.029358 63.332736 
r1 0.064143 -0.869388 -0.489949 -80.492531 
r2 -0.002444 0.490822 -0.871257 1311.102434 

Frame 98 
Patt 3 
r0 0.997514 0.059963 0.037025 82.805000 
r1 0.070471 -0.852639 -0.517727 -85.187666 
r2 0.000524 0.519049 -0.854744 1286.653015 

Frame 99 
Patt 3 
r0 0.997261 0.066990 0.031340 102.968644 
r1 0.073802 -0.873867 -0.480530 -88.724321 
r2 -0.004804 0.481527 -0.876418 1329.687084 

Frame 100 
Patt 3 
r0 0.995248 0.097197 -0.005801 108.672232 
r1 0.084202 -0.889052 -0.449996 -93.101215 
r2 -0.048896 0.447369 -0.893012 1356.712073 

Frame 101 
Patt 3 
r0 0.994736 0.101922 0.010570 105.571002 
r1 0.095592 -0.885877 -0.453965 -95.666667 
r2 -0.036906 0.452586 -0.890957 1352.022368 

Frame 102 
Patt 3 
r0 0.994470 0.102510 0.022820 104.023289 
r1 0.101842 -0.888307 -0.447816 -99.940068 
r2 -0.025634 0.447663 -0.893835 1352.729951 

Frame 103 
Patt 3 
r0 0.993885 0.106406 0.029517 110.389033 
r1 0.108302 -0.887148 -0.448596 -103.213249 
r2 -0.021548 0.449049 -0.893247 1342.945074 

Frame 104 
Patt 3 
r0 0.993161 0.112768 0.030255 116.808420 
r1 0.114485 -0.889732 -0.441893 -109.555865 
r2 -0.022913 0.442335 -0.896557 1335.661363 

Frame 106 
Patt 3 
r0 0.991125 0.122040 0.052709 141.828445 
r1 0.132566 -0.877765 -0.460386 -115.625356 
r2 -0.009920 0.463287 -0.886153 1305.529325 

Frame 114 
Patt 2 
r0 0.958322 -0.285011 0.019673 -208.747612 
r1 -0.254520 -0.883018 -0.394334 190.482834 
r2 0.129762 0.372892 -0.918757 1174.399697 

Frame 115 
Patt 2 
r0 0.959411 -0.280195 0.031973 -204.604945 
r1 -0.244257 -0.882276 -0.402402 190.022477 
r2 0.140960 0.378259 -0.914904 1174.141233 

Frame 116 
Patt 2 
r0 0.965083 -0.261275 0.018739 -191.077849 
r1 -0.230957 -0.882484 -0.409733 184.314763 
r2 0.123590 0.391099 -0.912013 1174.868637 

Frame 117 
Patt 2 
r0 0.965083 -0.261275 0.018739 -191.077849 
r1 -0.230957 -0.882484 -0.409733 184.314763 
r2 0.123590 0.391099 -0.912013 1174.868637 

Frame 118 
Patt 2 
r0 0.967706 -0.250015 0.032200 -181.101371 
r1 -0.217434 -0.892495 -0.395190 182.253631 
r2 0.127541 0.375426 -0.918035 1178.815206 

Frame 119 
Patt 2 
r0 0.967706 -0.250015 0.032200 -181.101371 
r1 -0.217434 -0.892495 -0.395190 182.253631 
r2 0.127541 0.375426 -0.918035 1178.815206 

Frame 120 
Patt 2 
r0 0.969382 -0.242785 0.036789 -175.983462 
r1 -0.209010 -0.894433 -0.395353 180.373407 
r2 0.128891 0.375559 -0.917792 1182.424551 

Frame 121 
Patt 2 
r0 0.971258 -0.235469 0.034829 -171.749640 
r1 -0.202999 -0.895808 -0.395373 176.056559 
r2 0.124298 0.376938 -0.917860 1180.708347 

Frame 122 
Patt 2 
r0 0.971728 -0.232415 0.041575 -164.433333 
r1 -0.196678 -0.894235 -0.402072 172.938218 
r2 0.130626 0.382527 -0.914664 1175.774957 

Frame 123 
Patt 2 
r0 0.973940 -0.223915 0.036082 -156.837137 
r1 -0.192524 -0.900305 -0.390366 172.842289 
r2 0.119894 0.373246 -0.919953 1179.118134 

Frame 124 
Patt 2 
r0 0.975659 -0.216444 0.035235 -149.942869 
r1 -0.188094 -0.908581 -0.372962 174.902728 
r2 0.112740 0.357256 -0.927177 1179.839215 

Frame 125 
Patt 2 
r0 0.978839 -0.203367 0.022733 -147.389087 
r1 -0.179770 -0.907659 -0.379260 175.944106 
r2 0.097763 0.367147 -0.925011 1182.940015 

Frame 126 
Patt 2 
r0 0.978839 -0.203367 0.022733 -147.389087 
r1 -0.179770 -0.907659 -0.379260 175.944106 
r2 0.097763 0.367147 -0.925011 1182.940015 

Frame 127 
Patt 2 
r0 0.979509 -0.197137 0.041209 -143.102286 
r1 -0.167555 -0.911199 -0.376354 173.102590 
r2 0.111743 0.361738 -0.925559 1179.273217 

Frame 128 
Patt 2 
r0 0.979509 -0.197137 0.041209 -143.102286 
r1 -0.167555 -0.911199 -0.376354 173.102590 
r2 0.111743 0.361738 -0.925559 1179.273217 

Frame 129 
Patt 2 
r0 0.980056 -0.195076 0.037892 -138.823484 
r1 -0.165985 -0.908428 -0.383677 172.674657 
r2 0.109268 0.369735 -0.922690 1174.922641 

Frame 130 
Patt 2 
r0 0.980088 -0.193857 0.042968 -132.255326 
r1 -0.163314 -0.910091 -0.380873 172.587509 
r2 0.112940 0.366271 -0.923629 1173.768371 

Frame 131 
Patt 2 
r0 0.982505 -0.185659 0.014623 -128.048243 
r1 -0.167823 -0.916683 -0.362667 175.419813 
r2 0.080737 0.353868 -0.931804 1176.694341 

Frame 132 
Patt 2 
r0 0.982781 -0.182871 0.026454 -125.839673 
r1 -0.160160 -0.914481 -0.371583 177.692010 
r2 0.092144 0.360948 -0.928023 1175.867769 

Frame 133 
Patt 2 
r0 0.983732 -0.178114 0.023372 -123.654409 
r1 -0.156379 -0.913100 -0.376557 177.982573 
r2 0.088411 0.366776 -0.926099 1177.945236 

Frame 134 
Patt 2 
r0 0.983979 -0.175380 0.032043 -122.681067 
r1 -0.151168 -0.916023 -0.371550 177.443618 
r2 0.094515 0.360753 -0.927860 1177.845428 

Frame 135 
Patt 2 
r0 0.984470 -0.173110 0.029176 -120.452500 
r1 -0.150751 -0.918800 -0.364803 179.507484 
r2 0.089958 0.354739 -0.930628 1176.959049 

Frame 136 
Patt 2 
r0 0.984949 -0.171639 0.020403 -117.948532 
r1 -0.151476 -0.913988 -0.376405 181.882060 
r2 0.083254 0.367649 -0.926231 1177.131868 

Frame 137 
Patt 2 
r0 0.984471 -0.171338 0.038202 -112.927053 
r1 -0.143892 -0.912274 -0.383474 182.589460 
r2 0.100554 0.372022 -0.922761 1175.914411 

Frame 138 
Patt 2 
r0 0.986159 -0.164039 0.024116 -108.258903 
r1 -0.143047 -0.915307 -0.376499 184.783761 
r2 0.083834 0.367838 -0.926103 1178.140876 

Frame 139 
Patt 2 
r0 0.987438 -0.156927 0.018455 -107.558478 
r1 -0.139025 -0.918366 -0.370508 187.426599 
r2 0.075092 0.363288 -0.928646 1180.443249 

Frame 140 
Patt 2 
r0 0.987438 -0.156927 0.018455 -107.558478 
r1 -0.139025 -0.918366 -0.370508 187.426599 
r2 0.075092 0.363288 -0.928646 1180.443249 

Frame 141 
Patt 2 
r0 0.986412 -0.158907 0.041712 -105.774475 
r1 -0.130961 -0.913837 -0.384383 189.010620 
r2 0.099199 0.373698 -0.922231 1179.665552 

Frame 142 
Patt 2 
r0 0.988675 -0.148471 0.021854 -94.107908 
r1 -0.128727 -0.913876 -0.385046 188.841112 
r2 0.077140 0.377872 -0.922639 1180.574844 

Frame 143 
Patt 2 
r0 0.988675 -0.148471 0.021854 -94.107908 
r1 -0.128727 -0.913876 -0.385046 188.841112 
r2 0.077140 0.377872 -0.922639 1180.574844 

Frame 144 
Patt 2 
r0 0.989982 -0.141126 0.004457 -94.014583 
r1 -0.128105 -0.911015 -0.391971 188.310488 
r2 0.059378 0.387473 -0.919967 1178.895782 

Frame 145 
Patt 2 
r0 0.989244 -0.143061 0.030494 -94.943338 
r1 -0.121073 -0.917797 -0.378140 189.021510 
r2 0.082084 0.370380 -0.925246 1180.676857 

Frame 146 
Patt 2 
r0 0.988708 -0.140583 0.051889 -81.272986 
r1 -0.110427 -0.917582 -0.381901 190.520768 
r2 0.101302 0.371859 -0.922745 1169.609987 

Frame 147 
Patt 2 
r0 0.988708 -0.140583 0.051889 -81.272986 
r1 -0.110427 -0.917582 -0.381901 190.520768 
r2 0.101302 0.371859 -0.922745 1169.609987 

Frame 148 
Patt 2 
r0 0.990264 -0.134608 0.035480 -71.263212 
r1 -0.115072 -0.934979 -0.335520 199.781268 
r2 0.078337 0.328170 -0.941365 1168.478994 

Frame 149 
Patt 2 
r0 0.992003 -0.124745 -0.019190 -73.839652 
r1 -0.120167 -0.887014 -0.445833 203.930947 
r2 0.038593 0.444573 -0.894911 1159.819093 

Frame 150 
Patt 2 
r0 0.991761 -0.128072 -0.002698 -84.384729 
r1 -0.117178 -0.898487 -0.423072 207.192326 
r2 0.051759 0.419903 -0.906092 1170.513581 

Frame 151 
Patt 2 
r0 0.988751 -0.140621 0.050957 -85.878535 
r1 -0.106736 -0.902049 -0.418229 207.106642 
r2 0.104778 0.408085 -0.906911 1175.723762 

Frame 152 
Patt 2 
r0 0.989970 -0.135124 0.041254 -76.033340 
r1 -0.105353 -0.900600 -0.421688 206.765556 
r2 0.094133 0.413112 -0.905802 1168.465155 

Frame 153 
Patt 2 
r0 0.991595 -0.126483 0.027228 -67.801924 
r1 -0.104430 -0.906683 -0.408682 210.992356 
r2 0.076378 0.402403 -0.912271 1174.906662 

Frame 154 
Patt 2 
r0 0.992648 -0.119917 0.016437 -64.957777 
r1 -0.103545 -0.911643 -0.397726 214.597025 
r2 0.062679 0.393099 -0.917357 1182.743781 

Frame 155 
Patt 2 
r0 0.992993 -0.117291 0.014428 -68.001959 
r1 -0.102087 -0.912898 -0.395216 216.277958 
r2 0.059527 0.390974 -0.918475 1182.671202 

Frame 156 
Patt 2 
r0 0.992689 -0.118319 0.023855 -65.241617 
r1 -0.097782 -0.904207 -0.415750 216.933984 
r2 0.070761 0.410378 -0.909166 1179.118374 

Frame 157 
Patt 2 
r0 0.992773 -0.117248 0.025571 -58.096986 
r1 -0.095107 -0.898682 -0.428165 215.860539 
r2 0.073182 0.422639 -0.903339 1175.330666 

Frame 158 
Patt 2 
r0 0.993137 -0.113996 0.026165 -51.800830 
r1 -0.093998 -0.911053 -0.401432 218.218918 
r2 0.069600 0.396217 -0.915515 1182.393111 

Frame 159 
Patt 2 
r0 0.993469 -0.109816 0.030995 -48.029892 
r1 -0.088618 -0.913664 -0.396693 220.651329 
r2 0.071882 0.391356 -0.917428 1184.073806 

Frame 160 
Patt 2 
r0 0.994683 -0.102841 0.005411 -46.416411 
r1 -0.092019 -0.911143 -0.401685 222.184626 
r2 0.046240 0.399052 -0.915762 1184.724341 

Frame 161 
Patt 2 
r0 0.994973 -0.099875 0.007268 -45.610295 
r1 -0.088414 -0.910234 -0.404545 223.522384 
r2 0.047020 0.401869 -0.914489 1184.636612 

Frame 162 
Patt 2 
r0 0.994123 -0.102904 0.033632 -43.755584 
r1 -0.081143 -0.913891 -0.397768 224.307019 
r2 0.071668 0.392701 -0.916870 1185.073623 

Frame 163 
Patt 2 
r0 0.995225 -0.094986 0.022490 -31.694759 
r1 -0.076483 -0.901979 -0.424952 227.054353 
r2 0.060650 0.421203 -0.904936 1171.089862 

Frame 164 
Patt 2 
r0 0.995962 -0.086886 0.022609 -26.613208 
r1 -0.070315 -0.911472 -0.405309 231.502429 
r2 0.055823 0.402082 -0.913900 1186.513173 

Frame 165 
Patt 2 
r0 0.995962 -0.086886 0.022609 -26.613208 
r1 -0.070315 -0.911472 -0.405309 231.502429 
r2 0.055823 0.402082 -0.913900 1186.513173 

Frame 166 
Patt 2 
r0 0.996644 -0.081146 0.010750 -27.064910 
r1 -0.069665 -0.909830 -0.409092 229.755510 
r2 0.042977 0.406971 -0.912430 1185.706164 

Frame 167 
Patt 2 
r0 0.996803 -0.079614 0.006718 -27.775150 
r1 -0.070165 -0.912503 -0.403008 228.937327 
r2 0.038215 0.401248 -0.915172 1185.327655 

Frame 168 
Patt 2 
r0 0.996780 -0.077105 0.022027 -26.438945 
r1 -0.061506 -0.911373 -0.406960 229.435363 
r2 0.051453 0.404294 -0.913180 1185.315364 

Frame 169 
Patt 2 
r0 0.996741 -0.077183 0.023441 -21.947289 
r1 -0.059742 -0.901613 -0.428398 228.425931 
r2 0.054200 0.425602 -0.903286 1175.285342 

Frame 170 
Patt 2 
r0 0.997268 -0.073085 0.010698 -11.388451 
r1 -0.060269 -0.888872 -0.454175 228.445949 
r2 0.042702 0.452289 -0.890848 1156.628374 

Frame 171 
Patt 2 
r0 0.997335 -0.069013 0.023657 1.218941 
r1 -0.051976 -0.899697 -0.433409 235.493868 
r2 0.051195 0.431025 -0.900887 1162.172998 

Frame 172 
Patt 2 
r0 0.997752 -0.043412 -0.051048 0.043962 
r1 -0.062373 -0.880131 -0.470616 239.500435 
r2 -0.024499 0.472742 -0.880860 1161.861365 

Frame 173 
Patt 2 
r0 0.998404 -0.056369 0.003584 -10.868357 
r1 -0.049949 -0.910754 -0.409917 243.298006 
r2 0.026371 0.409083 -0.912116 1179.045385 

Frame 174 
Patt 2 
r0 0.998694 -0.048041 0.017396 1.825948 
r1 -0.034341 -0.883238 -0.467666 244.147043 
r2 0.037832 0.466458 -0.883734 1153.536825 

Frame 175 
Patt 2 
r0 0.998694 -0.048041 0.017396 1.825948 
r1 -0.034341 -0.883238 -0.467666 244.147043 
r2 0.037832 0.466458 -0.883734 1153.536825 

Frame 176 
Patt 2 
r0 0.998960 -0.041501 0.018895 9.716613 
r1 -0.030265 -0.913357 -0.406034 254.696117 
r2 0.034109 0.405040 -0.913663 1183.052534 

Frame 177 
Patt 2 
r0 0.999058 -0.030097 -0.031262 5.988640 
r1 -0.040516 -0.904964 -0.423554 254.083591 
r2 -0.015543 0.424422 -0.905331 1179.975832 

Frame 178 
Patt 2 
r0 0.999145 -0.038320 0.015518 3.413528 
r1 -0.028763 -0.913923 -0.404867 255.752030 
r2 0.029697 0.404075 -0.914244 1185.121173 

Frame 179 
Patt 2 
r0 0.998963 -0.034836 0.029310 19.195848 
r1 -0.018975 -0.903814 -0.427504 255.538244 
r2 0.041384 0.426504 -0.903538 1170.947393 

Frame 180 
Patt 2 
r0 0.998963 -0.034836 0.029310 19.195848 
r1 -0.018975 -0.903814 -0.427504 255.538244 
r2 0.041384 0.426504 -0.903538 1170.947393 

Frame 181 
Patt 2 
r0 0.999841 -0.017100 -0.005104 22.974193 
r1 -0.017605 -0.898352 -0.438922 259.420720 
r2 0.002921 0.438942 -0.898510 1179.518583 

Frame 182 
Patt 2 
r0 0.999351 -0.022118 -0.028448 16.793924 
r1 -0.032096 -0.905245 -0.423675 258.005827 
r2 -0.016382 0.424313 -0.905367 1180.600042 

Frame 183 
Patt 2 
r0 0.997099 -0.023030 0.072545 25.645188 
r1 0.012807 -0.888770 -0.458174 252.794963 
r2 0.075027 0.457774 -0.885897 1166.531438 

Frame 184 
Patt 2 
r0 0.998545 -0.014761 0.051864 35.325641 
r1 0.009566 -0.898054 -0.439781 255.727949 
r2 0.053068 0.439637 -0.896606 1164.848314 

Frame 185 
Patt 2 
r0 0.996907 -0.020514 0.075871 41.993612 
r1 0.013157 -0.908160 -0.418417 260.385110 
r2 0.077486 0.418121 -0.905080 1180.569065 

Frame 186 
Patt 2 
r0 0.996907 -0.020514 0.075871 41.993612 
r1 0.013157 -0.908160 -0.418417 260.385110 
r2 0.077486 0.418121 -0.905080 1180.569065 

Frame 187 
Patt 2 
r0 0.999970 -0.007000 0.003423 43.815637 
r1 -0.004888 -0.905679 -0.423936 259.838375 
r2 0.006068 0.423906 -0.905686 1184.193025 

Frame 188 
Patt 2 
r0 0.998955 -0.005590 0.045354 48.083054 
r1 0.014633 -0.901103 -0.433358 256.660757 
r2 0.043292 0.433569 -0.900080 1174.760980 

Frame 189 
Patt 2 
r0 0.996952 -0.014094 0.076737 54.964898 
r1 0.018056 -0.915171 -0.402661 259.075842 
r2 0.075903 0.402819 -0.912127 1166.440058 

Frame 190 
Patt 2 
r0 0.997488 -0.007663 0.070413 63.881120 
r1 0.024959 -0.892336 -0.450681 262.992659 
r2 0.066286 0.451306 -0.889904 1160.043927 

Frame 191 
Patt 2 
r0 0.996818 -0.003987 0.079607 71.795573 
r1 0.028381 -0.915539 -0.401227 270.253228 
r2 0.074483 0.402210 -0.912513 1176.179515 

Frame 192 
Patt 2 
r0 0.999659 0.007988 0.024858 73.443040 
r1 0.017507 -0.911389 -0.411174 270.801059 
r2 0.019370 0.411469 -0.911218 1178.315063 

Frame 193 
Patt 2 
r0 0.996759 -0.000455 0.080447 76.210955 
r1 0.031759 -0.916538 -0.398684 271.930467 
r2 0.073914 0.399947 -0.913553 1178.760061 

Frame 194 
Patt 2 
r0 0.999481 0.016110 -0.027880 77.382747 
r1 0.003011 -0.908812 -0.417194 274.110473 
r2 -0.032058 0.416894 -0.908390 1181.390831 

Frame 195 
Patt 2 
r0 0.999481 0.016110 -0.027880 77.382747 
r1 0.003011 -0.908812 -0.417194 274.110473 
r2 -0.032058 0.416894 -0.908390 1181.390831 

Frame 196 
Patt 2 
r0 0.999788 0.016191 -0.012700 81.357002 
r1 0.009361 -0.907489 -0.419972 273.411231 
r2 -0.018325 0.419764 -0.907448 1180.741181 

Frame 197 
Patt 2 
r0 0.997834 0.014154 0.064239 84.765435 
r1 0.039496 -0.909859 -0.413033 271.167388 
r2 0.052602 0.414676 -0.908447 1177.970730 

Frame 198 
Patt 2 
r0 0.999747 0.019695 0.010898 86.688378 
r1 0.022412 -0.915893 -0.400797 273.755994 
r2 0.002088 0.400940 -0.916102 1179.325722 

Frame 199 
Patt 2 
r0 0.999120 0.022562 0.035348 87.631891 
r1 0.035342 -0.906742 -0.420202 274.772538 
r2 0.022571 0.421082 -0.906742 1179.228099 

Frame 200 
Patt 2 
r0 0.999118 0.020246 0.036781 90.329278 
r1 0.033924 -0.905448 -0.423100 272.109730 
r2 0.024737 0.423975 -0.905336 1174.153280 

Frame 201 
Patt 2 
r0 0.998285 0.026056 0.052424 95.827451 
r1 0.045919 -0.903969 -0.425126 273.487096 
r2 0.036312 0.426804 -0.903615 1172.544937 

Frame 202 
Patt 2 
r0 0.998285 0.026056 0.052424 95.827451 
r1 0.045919 -0.903969 -0.425126 273.487096 
r2 0.036312 0.426804 -0.903615 1172.544937 

Frame 203 
Patt 2 
r0 0.998282 0.026648 0.052182 97.955567 
r1 0.045067 -0.918351 -0.393192 276.979152 
r2 0.037444 0.394868 -0.917974 1176.640784 

Frame 204 
Patt 2 
r0 0.998575 0.032026 0.042694 99.364943 
r1 0.046870 -0.908836 -0.414513 279.235217 
r2 0.025527 0.415923 -0.909041 1175.715880 

Frame 205 
Patt 2 
r0 0.998883 0.034608 0.032177 103.617320 
r1 0.045118 -0.900912 -0.431650 278.385399 
r2 0.014050 0.432619 -0.901467 1172.572592 

Frame 210 
Patt 1 
r0 0.937102 -0.345107 0.052359 -272.727321 
r1 -0.280375 -0.833547 -0.476014 -42.909440 
r2 0.207919 0.431394 -0.877878 1350.764355 

Frame 212 
Patt 2 
r0 0.996048 0.060806 0.064732 123.469005 
r1 0.081872 -0.911120 -0.403927 284.088173 
r2 0.034418 0.407631 -0.912498 1173.515151 

Frame 215 
Patt 1 
r0 0.942719 -0.329707 0.050742 -261.477655 
r1 -0.268833 -0.840938 -0.469630 -42.655245 
r2 0.197511 0.429088 -0.881404 1353.114887 

Frame 217 
Patt 1 
r0 0.946274 -0.319385 0.050590 -252.563701 
r1 -0.259710 -0.843844 -0.469552 -39.614494 
r2 0.192658 0.431186 -0.881454 1362.023314 

Frame 218 
Patt 1 
r0 0.946769 -0.317540 0.052880 -246.508815 
r1 -0.255772 -0.841771 -0.475397 -40.363178 
r2 0.195470 0.436566 -0.878181 1355.846034 

Frame 219 
Patt 1 
r0 0.947497 -0.314111 0.059857 -238.784084 
r1 -0.248990 -0.842195 -0.478237 -42.904404 
r2 0.200631 0.438225 -0.876188 1356.810816 

Frame 220 
Patt 1 
r0 0.950487 -0.305243 0.058318 -226.228344 
r1 -0.244160 -0.849601 -0.467508 -39.683364 
r2 0.192250 0.430121 -0.882063 1364.820171 

Frame 221 
Patt 1 
r0 0.950487 -0.305243 0.058318 -226.228344 
r1 -0.244160 -0.849601 -0.467508 -39.683364 
r2 0.192250 0.430121 -0.882063 1364.820171 

Frame 222 
Patt 1 
r0 0.949054 -0.307282 0.069816 -218.581776 
r1 -0.237707 -0.843577 -0.481532 -39.177754 
r2 0.206861 0.440405 -0.873643 1357.484824 

Frame 223 
Patt 1 
r0 0.953025 -0.298327 0.052388 -208.687626 
r1 -0.237142 -0.842505 -0.483683 -40.738388 
r2 0.188433 0.448538 -0.873674 1354.478483 

Frame 224 
Patt 1 
r0 0.953184 -0.294995 0.066467 -200.759341 
r1 -0.231967 -0.854324 -0.465104 -41.160591 
r2 0.193988 0.427911 -0.882757 1361.541498 

Frame 225 
Patt 1 
r0 0.956299 -0.288204 0.049307 -191.143937 
r1 -0.232532 -0.851864 -0.469315 -38.788254 
r2 0.177262 0.437340 -0.881653 1359.524456 

Frame 226 
Patt 1 
r0 0.958581 -0.281073 0.046052 -183.087869 
r1 -0.226481 -0.850252 -0.475161 -37.367612 
r2 0.172710 0.445050 -0.878693 1362.976091 

Frame 227 
Patt 1 
r0 0.958215 -0.280468 0.056227 -178.773021 
r1 -0.221646 -0.852248 -0.473863 -39.800144 
r2 0.180823 0.441600 -0.878802 1363.704231 

Frame 228 
Patt 1 
r0 0.960738 -0.273791 0.044961 -173.703528 
r1 -0.221370 -0.854083 -0.470678 -42.303450 
r2 0.167268 0.442245 -0.881159 1363.682543 

Frame 229 
Patt 1 
r0 0.961597 -0.271581 0.039692 -169.250537 
r1 -0.221151 -0.852310 -0.473982 -42.755193 
r2 0.162554 0.447002 -0.879639 1360.225943 

Frame 230 
Patt 1 
r0 0.962512 -0.267568 0.044475 -166.182925 
r1 -0.216799 -0.857451 -0.466664 -41.687587 
r2 0.162999 0.439528 -0.883316 1364.645335 

Frame 231 
Patt 1 
r0 0.962911 -0.266112 0.044583 -164.484980 
r1 -0.214704 -0.855756 -0.470728 -42.680057 
r2 0.163418 0.443697 -0.881151 1364.094258 

Frame 232 
Patt 1 
r0 0.963957 -0.261974 0.046448 -162.915420 
r1 -0.210944 -0.858925 -0.466638 -47.301425 
r2 0.162143 0.440021 -0.883228 1363.117378 

Frame 233 
Patt 1 
r0 0.964264 -0.259778 0.052054 -162.245820 
r1 -0.206971 -0.861253 -0.464119 -51.902809 
r2 0.165400 0.436760 -0.884242 1361.999184 

Frame 234 
Patt 1 
r0 0.965761 -0.254990 0.047812 -164.433270 
r1 -0.205499 -0.864371 -0.458947 -51.490189 
r2 0.158354 0.433407 -0.887176 1359.042379 

Frame 235 
Patt 1 
r0 0.965080 -0.255888 0.056050 -169.205324 
r1 -0.202045 -0.863311 -0.462462 -47.853253 
r2 0.166727 0.434989 -0.884866 1360.404088 

Frame 236 
Patt 1 
r0 0.962475 -0.260180 0.077123 -159.406729 
r1 -0.197097 -0.865576 -0.460360 -43.245628 
r2 0.186532 0.427884 -0.884376 1356.654366 

Frame 237 
Patt 1 
r0 0.962475 -0.260180 0.077123 -159.406729 
r1 -0.197097 -0.865576 -0.460360 -43.245628 
r2 0.186532 0.427884 -0.884376 1356.654366 

Frame 238 
Patt 1 
r0 0.965956 -0.250081 0.066251 -154.631539 
r1 -0.191423 -0.863165 -0.467230 -40.087796 
r2 0.174031 0.438641 -0.881650 1367.684340 

Frame 239 
Patt 1 
r0 0.966274 -0.247302 0.071805 -152.452874 
r1 -0.186059 -0.863234 -0.469265 -39.016731 
r2 0.178034 0.440079 -0.880133 1366.115825 

Frame 240 
Patt 1 
r0 0.965923 -0.245856 0.080916 -145.637535 
r1 -0.181139 -0.865415 -0.467167 -38.201312 
r2 0.184882 0.436590 -0.880459 1363.554782 

Frame 241 
Patt 1 
r0 0.968008 -0.241045 0.069696 -134.597072 
r1 -0.179162 -0.858450 -0.480587 -38.453961 
r2 0.175673 0.452726 -0.874173 1359.094823 

Frame 242 
Patt 1 
r0 0.969827 -0.233700 0.069431 -128.062703 
r1 -0.175953 -0.868091 -0.464175 -37.973470 
r2 0.168750 0.437952 -0.883018 1368.356600 

Frame 243 
Patt 1 
r0 0.970447 -0.229937 0.073218 -124.623901 
r1 -0.170595 -0.868306 -0.465770 -34.553673 
r2 0.170673 0.439515 -0.881871 1368.258578 

Frame 244 
Patt 1 
r0 0.972234 -0.224588 0.065730 -118.698353 
r1 -0.170112 -0.871191 -0.460531 -31.433561 
r2 0.160693 0.436562 -0.885207 1370.308650 

Frame 245 
Patt 1 
r0 0.972246 -0.221220 0.076149 -109.945827 
r1 -0.159478 -0.864788 -0.476139 -30.250955 
r2 0.171184 0.450781 -0.876067 1366.271529 

Frame 246 
Patt 1 
r0 0.974123 -0.213975 0.072794 -102.927756 
r1 -0.154414 -0.865242 -0.476982 -30.266034 
r2 0.165047 0.453399 -0.875893 1366.255911 

Frame 247 
Patt 1 
r0 0.975282 -0.208345 0.073609 -98.417506 
r1 -0.151373 -0.872637 -0.464318 -28.255189 
r2 0.160972 0.441698 -0.882604 1372.714633 

Frame 248 
Patt 1 
r0 0.975437 -0.205868 0.078360 -95.351204 
r1 -0.146253 -0.871290 -0.468469 -24.539612 
r2 0.164717 0.445502 -0.879998 1371.961097 

Frame 249 
Patt 1 
r0 0.976986 -0.202986 0.065529 -88.666469 
r1 -0.147017 -0.863403 -0.482619 -21.484550 
r2 0.154543 0.461878 -0.873376 1365.001172 

Frame 250 
Patt 1 
r0 0.976579 -0.202271 0.073350 -78.187792 
r1 -0.141609 -0.860904 -0.488662 -21.615338 
r2 0.161990 0.466830 -0.869384 1361.397381 

Frame 251 
Patt 1 
r0 0.978344 -0.194512 0.070773 -68.420731 
r1 -0.138578 -0.869505 -0.474085 -21.954389 
r2 0.153753 0.454010 -0.877630 1367.388694 

Frame 252 
Patt 1 
r0 0.980378 -0.183144 0.072924 -65.804804 
r1 -0.127331 -0.870736 -0.474980 -17.296370 
r2 0.150488 0.456375 -0.876970 1373.204090 

Frame 253 
Patt 1 
r0 0.980367 -0.181608 0.076811 -63.515194 
r1 -0.124017 -0.870736 -0.475855 -19.897298 
r2 0.153301 0.456986 -0.876163 1370.898129 

Frame 254 
Patt 1 
r0 0.980367 -0.181608 0.076811 -63.515194 
r1 -0.124017 -0.870736 -0.475855 -19.897298 
r2 0.153301 0.456986 -0.876163 1370.898129 

Frame 255 
Patt 1 
r0 0.980533 -0.178137 0.082602 -58.234883 
r1 -0.118972 -0.873642 -0.471799 -25.011431 
r2 0.156210 0.452787 -0.877828 1367.252337 

Frame 256 
Patt 1 
r0 0.982432 -0.168694 0.079814 -53.672199 
r1 -0.112748 -0.877319 -0.466476 -27.420741 
r2 0.148713 0.449282 -0.880926 1367.438983 

Frame 257 
Patt 1 
r0 0.982432 -0.168694 0.079814 -53.672199 
r1 -0.112748 -0.877319 -0.466476 -27.420741 
r2 0.148713 0.449282 -0.880926 1367.438983 

Frame 258 
Patt 1 
r0 0.982554 -0.166098 0.083660 -50.352569 
r1 -0.108131 -0.876205 -0.469651 -28.608807 
r2 0.151311 0.452411 -0.878879 1363.255803 

Frame 259 
Patt 1 
r0 0.984311 -0.159452 0.075543 -45.378693 
r1 -0.107828 -0.882508 -0.457770 -29.024331 
r2 0.139660 0.442442 -0.885855 1366.747012 

Frame 260 
Patt 1 
r0 0.983622 -0.155811 0.090613 -41.263638 
r1 -0.097346 -0.882323 -0.460468 -28.951827 
r2 0.151696 0.444106 -0.883039 1363.899764 

Frame 261 
Patt 1 
r0 0.983910 -0.152410 0.093231 -38.208836 
r1 -0.093477 -0.883840 -0.458355 -27.626085 
r2 0.152259 0.442265 -0.883866 1364.757691 

Frame 262 
Patt 1 
r0 0.985554 -0.146357 0.085224 -25.378296 
r1 -0.093525 -0.889837 -0.446590 -25.683091 
r2 0.141196 0.432168 -0.890671 1367.165409 

Frame 263 
Patt 1 
r0 0.985554 -0.146357 0.085224 -25.378296 
r1 -0.093525 -0.889837 -0.446590 -25.683091 
r2 0.141196 0.432168 -0.890671 1367.165409 

Frame 264 
Patt 1 
r0 0.986538 -0.139539 0.085270 -21.422903 
r1 -0.083831 -0.879245 -0.468936 -24.421377 
r2 0.140408 0.455475 -0.879106 1358.660720 

Frame 265 
Patt 1 
r0 0.987467 -0.134764 0.082144 -18.733261 
r1 -0.083414 -0.887475 -0.453244 -22.318422 
r2 0.133981 0.440711 -0.887594 1365.721818 

Frame 266 
Patt 1 
r0 0.984593 -0.139375 0.105599 -11.661448 
r1 -0.075572 -0.883755 -0.461808 -19.934588 
r2 0.157688 0.446712 -0.880672 1360.152160 

Frame 267 
Patt 1 
r0 0.987781 -0.128451 0.088256 -9.571872 
r1 -0.073880 -0.884560 -0.460537 -21.945587 
r2 0.137224 0.448390 -0.883242 1364.487353 

Frame 268 
Patt 1 
r0 0.988651 -0.122420 0.087079 -16.070649 
r1 -0.070457 -0.889766 -0.450946 -31.065778 
r2 0.132685 0.439692 -0.888293 1356.116740 

Frame 269 
Patt 1 
r0 0.986222 -0.123928 0.109585 -24.243113 
r1 -0.063158 -0.894310 -0.442968 -34.504200 
r2 0.152899 0.429944 -0.889815 1363.664908 

Frame 270 
Patt 1 
r0 0.984982 -0.128976 0.114783 -21.961102 
r1 -0.065179 -0.893386 -0.444537 -30.706990 
r2 0.159881 0.430379 -0.888376 1361.140373 

Frame 271 
Patt 1 
r0 0.984813 -0.125962 0.119483 -11.894962 
r1 -0.057739 -0.886647 -0.458828 -27.662668 
r2 0.163734 0.444961 -0.880455 1349.236595 

Frame 272 
Patt 1 
r0 0.987000 -0.116702 0.110510 -2.966710 
r1 -0.055902 -0.893921 -0.444726 -24.869880 
r2 0.150688 0.432766 -0.888823 1363.233854 

Frame 273 
Patt 1 
r0 0.987902 -0.113620 0.105549 -3.209433 
r1 -0.053338 -0.888022 -0.456697 -24.929055 
r2 0.145620 0.445542 -0.883338 1359.281998 

Frame 274 
Patt 1 
r0 0.988017 -0.111996 0.106205 -4.476079 
r1 -0.052610 -0.891260 -0.450432 -26.106149 
r2 0.145103 0.439446 -0.886472 1359.580333 

Frame 275 
Patt 1 
r0 0.986379 -0.116749 0.115868 2.369615 
r1 -0.051685 -0.888734 -0.455501 -26.325606 
r2 0.156155 0.443308 -0.882663 1348.505765 

Frame 276 
Patt 1 
r0 0.987722 -0.105516 0.115199 12.105376 
r1 -0.044497 -0.896899 -0.439990 -26.710863 
r2 0.149747 0.429462 -0.890583 1359.899187 

Frame 277 
Patt 1 
r0 0.989420 -0.100659 0.104474 11.758345 
r1 -0.044860 -0.897115 -0.439513 -27.521470 
r2 0.137967 0.430177 -0.892140 1358.344462 

Frame 278 
Patt 1 
r0 0.987142 -0.097354 0.126775 14.083332 
r1 -0.032234 -0.898074 -0.438662 -26.490890 
r2 0.156559 0.428935 -0.889665 1356.634016 

Frame 279 
Patt 1 
r0 0.990872 -0.093331 0.097271 19.813129 
r1 -0.041172 -0.896616 -0.440891 -23.328954 
r2 0.128363 0.432862 -0.892274 1356.533692 

Frame 280 
Patt 1 
r0 0.988542 -0.089240 0.121745 28.867841 
r1 -0.026022 -0.895204 -0.444897 -20.402724 
r2 0.148689 0.436631 -0.887268 1352.405175 

Frame 281 
Patt 1 
r0 0.988743 -0.082233 0.125001 33.862001 
r1 -0.019503 -0.899136 -0.437235 -20.591217 
r2 0.148348 0.429875 -0.890618 1355.353453 

Frame 282 
Patt 1 
r0 0.987188 -0.077865 0.139270 29.269407 
r1 -0.009034 -0.898718 -0.438434 -18.700793 
r2 0.159303 0.431559 -0.887907 1359.973774 

Frame 283 
Patt 1 
r0 0.987188 -0.077865 0.139270 29.269407 
r1 -0.009034 -0.898718 -0.438434 -18.700793 
r2 0.159303 0.431559 -0.887907 1359.973774 

Frame 284 
Patt 1 
r0 0.987738 -0.076619 0.136025 34.564282 
r1 -0.010694 -0.902446 -0.430669 -19.583321 
r2 0.155753 0.423934 -0.892200 1353.157996 

Frame 285 
Patt 1 
r0 0.986941 -0.073929 0.143112 42.878446 
r1 -0.001382 -0.892310 -0.451421 -18.305709 
r2 0.161073 0.445329 -0.880760 1348.374791 

Frame 286 
Patt 1 
r0 0.990792 -0.069575 0.116151 48.625102 
r1 -0.010072 -0.893364 -0.449221 -16.720817 
r2 0.135019 0.443914 -0.885838 1361.147554 

Frame 287 
Patt 1 
r0 0.992251 -0.070379 0.102394 47.912348 
r1 -0.019768 -0.903028 -0.429126 -14.449761 
r2 0.122666 0.423776 -0.897422 1364.245759 

Frame 288 
Patt 1 
r0 0.991028 -0.061797 0.118512 44.694427 
r1 -0.000374 -0.887974 -0.459894 -12.445165 
r2 0.133655 0.455723 -0.880030 1362.679844 

Frame 289 
Patt 1 
r0 0.988475 -0.068295 0.135106 43.083656 
r1 0.001908 -0.886767 -0.462213 -12.518618 
r2 0.151375 0.457144 -0.876416 1359.531200 

Frame 290 
Patt 1 
r0 0.988053 -0.060478 0.141751 46.481070 
r1 0.007518 -0.899775 -0.436289 -13.773652 
r2 0.153930 0.432143 -0.888571 1357.807447 

Frame 291 
Patt 1 
r0 0.988886 -0.054882 0.138173 50.940028 
r1 0.013125 -0.893519 -0.448833 -13.018110 
r2 0.148093 0.445659 -0.882868 1361.065913 

Frame 292 
Patt 1 
r0 0.988725 -0.057353 0.138324 56.267683 
r1 0.007238 -0.904361 -0.426707 -9.612705 
r2 0.149568 0.422897 -0.893749 1357.347774 

Frame 293 
Patt 1 
r0 0.990946 -0.046874 0.125810 65.453317 
r1 0.015254 -0.891697 -0.452376 -8.088509 
r2 0.133389 0.450199 -0.882909 1360.976546 

Frame 294 
Patt 1 
r0 0.992572 -0.031260 0.117578 71.555171 
r1 0.022714 -0.901825 -0.431504 -8.511725 
r2 0.119524 0.430969 -0.894416 1368.469649 

Frame 295 
Patt 1 
r0 0.989811 -0.038409 0.137106 75.472665 
r1 0.023806 -0.904733 -0.425314 -4.303641 
r2 0.140380 0.424245 -0.894600 1370.216902 

Frame 296 
Patt 1 
r0 0.989811 -0.038409 0.137106 75.472665 
r1 0.023806 -0.904733 -0.425314 -4.303641 
r2 0.140380 0.424245 -0.894600 1370.216902 

Frame 297 
Patt 1 
r0 0.989876 -0.027585 0.139228 82.226060 
r1 0.037172 -0.896311 -0.441865 0.141333 
r2 0.136980 0.442567 -0.886211 1361.886134 

Frame 298 
Patt 1 
r0 0.991393 -0.007273 0.130720 96.295628 
r1 0.051333 -0.896914 -0.439215 2.871599 
r2 0.120439 0.442145 -0.888821 1368.342544 

Frame 299 
Patt 1 
r0 0.991393 -0.007273 0.130720 96.295628 
r1 0.051333 -0.896914 -0.439215 2.871599 
r2 0.120439 0.442145 -0.888821 1368.342544 

Frame 300 
Patt 1 
r0 0.989639 -0.005054 0.143486 101.122156 
r1 0.058813 -0.897415 -0.437249 3.956483 
r2 0.130976 0.441158 -0.887820 1365.563956 

Frame 301 
Patt 1 
r0 0.990626 0.002871 0.136570 106.058112 
r1 0.064323 -0.891802 -0.447830 4.001352 
r2 0.120508 0.452417 -0.883627 1353.817398 

Frame 302 
Patt 1 
r0 0.987667 -0.001500 0.156563 117.840441 
r1 0.070343 -0.889102 -0.452272 5.015179 
r2 0.139879 0.457707 -0.878031 1345.200620 

Frame 303 
Patt 1 
r0 0.989666 0.010186 0.143028 129.975614 
r1 0.072364 -0.896617 -0.436854 5.400386 
r2 0.123792 0.442690 -0.888088 1356.267780 

Frame 304 
Patt 1 
r0 0.989666 0.010186 0.143028 129.975614 
r1 0.072364 -0.896617 -0.436854 5.400386 
r2 0.123792 0.442690 -0.888088 1356.267780 

Frame 305 
Patt 1 
r0 0.989767 0.016241 0.141763 134.624170 
r1 0.076234 -0.900013 -0.429144 6.852945 
r2 0.120619 0.435560 -0.892042 1366.509863 

Frame 306 
Patt 1 
r0 0.989937 0.015128 0.140695 139.765173 
r1 0.074318 -0.901687 -0.425954 9.180421 
r2 0.120419 0.432124 -0.893738 1365.873776 

Frame 307 
Patt 1 
r0 0.988587 0.018371 0.149524 146.326148 
r1 0.084973 -0.887576 -0.452756 11.315199 
r2 0.124396 0.460294 -0.879008 1345.205286 

Frame 308 
Patt 1 
r0 0.987995 0.021457 0.152991 153.866958 
r1 0.087801 -0.892813 -0.441786 13.139116 
r2 0.127113 0.449915 -0.883979 1354.129398 

Frame 309 
Patt 1 
r0 0.990703 0.041932 0.129422 156.919463 
r1 0.093605 -0.900440 -0.424789 16.577246 
r2 0.098725 0.432954 -0.895993 1364.409211 

Frame 310 
Patt 1 
r0 0.990408 0.042791 0.131383 161.062993 
r1 0.096685 -0.893906 -0.437702 21.157548 
r2 0.098715 0.446206 -0.889469 1360.917888 

Frame 311 
Patt 1 
r0 0.989346 0.044661 0.138561 169.397926 
r1 0.102787 -0.888309 -0.447595 23.706499 
r2 0.103095 0.457069 -0.883436 1352.423055 

Frame 312 
Patt 1 
r0 0.990959 0.051180 0.124021 177.978521 
r1 0.100329 -0.896405 -0.431732 25.897518 
r2 0.089077 0.440271 -0.893435 1366.592038 

Frame 313 
Patt 1 
r0 0.989302 0.055586 0.134875 175.408917 
r1 0.109202 -0.895217 -0.432043 28.212804 
r2 0.096727 0.442149 -0.891711 1365.165372 

Frame 314 
Patt 1 
r0 0.988805 0.054620 0.138856 171.323640 
r1 0.110136 -0.895009 -0.432236 31.161105 
r2 0.100669 0.442690 -0.891006 1367.429003 

Frame 315 
Patt 1 
r0 0.987723 0.056040 0.145816 178.712431 
r1 0.117830 -0.880119 -0.459899 33.666238 
r2 0.102563 0.471434 -0.875917 1344.408829 

Frame 316 
Patt 1 
r0 0.986079 0.051539 0.158091 195.466740 
r1 0.120184 -0.877952 -0.463418 37.684006 
r2 0.114912 0.475967 -0.871924 1334.340277 

Frame 317 
Patt 1 
r0 0.987956 0.057551 0.143632 211.892060 
r1 0.116369 -0.888157 -0.444561 45.647591 
r2 0.101983 0.455921 -0.884158 1353.273997 

Frame 318 
Patt 1 
r0 0.989893 0.068624 0.124109 218.503542 
r1 0.117593 -0.886351 -0.447832 51.021311 
r2 0.079272 0.457900 -0.885463 1355.232096 

Frame 319 
Patt 1 
r0 0.989499 0.076304 0.122761 226.319397 
r1 0.123369 -0.888386 -0.442210 54.339553 
r2 0.075317 0.452712 -0.888470 1363.643848 

Frame 320 
Patt 1 
r0 0.987743 0.077968 0.135220 227.560604 
r1 0.130474 -0.887923 -0.441099 55.064330 
r2 0.085673 0.453336 -0.887213 1362.063997 

Frame 321 
Patt 1 
r0 0.986772 0.083478 0.138970 231.998332 
r1 0.137307 -0.886100 -0.442689 56.786434 
r2 0.086187 0.455914 -0.885841 1360.063289 

Frame 322 
Patt 1 
r0 0.985333 0.083588 0.148769 236.590561 
r1 0.142787 -0.881245 -0.450577 59.145875 
r2 0.093439 0.465211 -0.880255 1350.278545 

Frame 323 
Patt 1 
r0 0.987102 0.098747 0.126007 246.649829 
r1 0.145315 -0.882942 -0.446426 64.001755 
r2 0.067174 0.458979 -0.885904 1350.257881 

Frame 324 
Patt 1 
r0 0.985782 0.106302 0.130132 266.645790 
r1 0.153997 -0.881397 -0.446570 73.545634 
r2 0.067226 0.460261 -0.885235 1354.387761 

Frame 325 
Patt 1 
r0 0.985782 0.106302 0.130132 266.645790 
r1 0.153997 -0.881397 -0.446570 73.545634 
r2 0.067226 0.460261 -0.885235 1354.387761 

Frame 326 
Patt 1 
r0 0.986280 0.117514 0.115939 270.989759 
r1 0.156137 -0.892083 -0.424039 75.094902 
r2 0.053596 0.436323 -0.898192 1370.280615 

Frame 327 
Patt 1 
r0 0.983572 0.111523 0.141944 273.736762 
r1 0.163737 -0.882225 -0.441440 76.785055 
r2 0.075996 0.457430 -0.885992 1356.045597 

Frame 328 
Patt 1 
r0 0.983467 0.117969 0.137391 286.705914 
r1 0.168528 -0.873872 -0.456010 81.045836 
r2 0.066267 0.471625 -0.879306 1345.228269 

Frame 329 
Patt 1 
r0 0.983467 0.117969 0.137391 286.705914 
r1 0.168528 -0.873872 -0.456010 81.045836 
r2 0.066267 0.471625 -0.879306 1345.228269 

Frame 330 
Patt 1 
r0 0.983165 0.128220 0.130177 292.519001 
r1 0.172799 -0.884014 -0.434351 82.315243 
r2 0.059386 0.449533 -0.891288 1359.701039 

Frame 331 
Patt 1 
r0 0.982460 0.132565 0.131147 289.717005 
r1 0.177833 -0.877682 -0.445029 83.788428 
r2 0.056110 0.460545 -0.885861 1349.887925 

Frame 332 
