NumPatterns 4 
PN Data/hiro.patt 
PN Data/kanji.patt 
PN Data/sample1.patt 
PN Data/sample2.patt 
Frame 24 
Patt 0 
r0 0.786120 0.604811 0.127353 -191.555744 
r1 0.598403 -0.693200 -0.401731 -91.825314 
r2 -0.154691 0.392017 -0.906859 1202.946555 

Frame 26 
Patt 0 
r0 0.792212 0.591914 0.148451 -194.687269 
r1 0.599426 -0.709185 -0.371140 -86.375036 
r2 -0.114404 0.383007 -0.916634 1189.359838 

Frame 27 
Patt 0 
r0 0.798076 0.557316 0.229072 -185.196122 
r1 0.599804 -0.698483 -0.390330 -72.056955 
r2 -0.057534 0.448911 -0.891723 1180.141647 

Frame 28 
Patt 0 
r0 0.797684 0.573032 0.187975 -174.435059 
r1 0.596047 -0.701666 -0.390374 -54.886343 
r2 -0.091801 0.423437 -0.901262 1180.426187 

Frame 29 
Patt 0 
r0 0.795772 0.594310 0.116375 -173.250292 
r1 0.585209 -0.705206 -0.400269 -38.752202 
r2 -0.155815 0.386627 -0.908978 1208.368560 

Frame 30 
Patt 0 
r0 0.794785 0.602205 0.075266 -178.690795 
r1 0.573588 -0.704855 -0.417345 -30.041512 
r2 -0.198276 0.374871 -0.905626 1232.023937 

Frame 31 
Patt 0 
r0 0.797200 0.598827 0.076675 -188.068660 
r1 0.569279 -0.703357 -0.425689 -28.154373 
r2 -0.200984 0.383009 -0.901615 1226.048281 

Frame 32 
Patt 0 
r0 0.801348 0.593365 0.075889 -197.181885 
r1 0.566147 -0.711316 -0.416542 -23.081916 
r2 -0.193180 0.376759 -0.905944 1226.988642 

Frame 33 
Patt 0 
r0 0.808318 0.578187 0.111008 -199.526833 
r1 0.566454 -0.712369 -0.414318 -13.732903 
r2 -0.160475 0.397782 -0.903337 1232.150297 

Frame 34 
Patt 0 
r0 0.812839 0.575092 0.092529 -198.210338 
r1 0.551938 -0.709659 -0.437891 1.871024 
r2 -0.186164 0.407006 -0.894254 1246.511654 

Frame 35 
Patt 0 
r0 0.812839 0.575092 0.092529 -198.210338 
r1 0.551938 -0.709659 -0.437891 1.871024 
r2 -0.186164 0.407006 -0.894254 1246.511654 

Frame 36 
Patt 0 
r0 0.819307 0.563987 0.103225 -209.399505 
r1 0.543817 -0.707356 -0.451564 -3.058863 
r2 -0.181659 0.426105 -0.886247 1243.326769 

Frame 37 
Patt 0 
r0 0.819307 0.563987 0.103225 -209.399505 
r1 0.543817 -0.707356 -0.451564 -3.058863 
r2 -0.181659 0.426105 -0.886247 1243.326769 

Frame 38 
Patt 0 
r0 0.820053 0.563367 0.100656 -210.902189 
r1 0.543710 -0.712072 -0.444222 -5.937272 
r2 -0.178586 0.419013 -0.890245 1245.974895 

Frame 39 
Patt 0 
r0 0.822725 0.558182 0.107497 -211.140797 
r1 0.537875 -0.703267 -0.464872 -9.942939 
r2 -0.183884 0.440282 -0.878828 1234.129960 

Frame 40 
Patt 0 
r0 0.827300 0.546084 0.131787 -214.493919 
r1 0.538107 -0.702991 -0.465021 -18.970133 
r2 -0.161296 0.455627 -0.875436 1220.794289 

Frame 41 
Patt 0 
r0 0.828940 0.550429 0.099431 -223.047354 
r1 0.536460 -0.732052 -0.419894 -24.035305 
r2 -0.158333 0.401408 -0.902110 1245.124263 

Frame 42 
Patt 0 
r0 0.828940 0.550429 0.099431 -223.047354 
r1 0.536460 -0.732052 -0.419894 -24.035305 
r2 -0.158333 0.401408 -0.902110 1245.124263 

Frame 43 
Patt 0 
r0 0.831237 0.547011 0.099118 -222.976611 
r1 0.528663 -0.722675 -0.445260 -22.987462 
r2 -0.171932 0.422517 -0.889898 1238.773605 

Frame 44 
Patt 0 
r0 0.833621 0.542978 0.101249 -225.018503 
r1 0.523361 -0.717910 -0.459018 -25.629512 
r2 -0.176549 0.435637 -0.882639 1231.983862 

Frame 45 
Patt 0 
r0 0.838807 0.533665 0.107723 -231.849130 
r1 0.515936 -0.716020 -0.470239 -30.054878 
r2 -0.173819 0.450018 -0.875940 1224.850089 

Frame 46 
Patt 0 
r0 0.838807 0.533665 0.107723 -231.849130 
r1 0.515936 -0.716020 -0.470239 -30.054878 
r2 -0.173819 0.450018 -0.875940 1224.850089 

Frame 47 
Patt 0 
r0 0.840297 0.531653 0.106041 -230.571233 
r1 0.517001 -0.727016 -0.451838 -31.163887 
r2 -0.163128 0.434502 -0.885775 1231.612025 

Frame 49 
Patt 0 
r0 0.840655 0.529952 0.111581 -237.198580 
r1 0.517029 -0.724021 -0.456589 -32.694638 
r2 -0.161183 0.441525 -0.882653 1221.704812 

Frame 54 
Patt 1 
r0 0.969657 0.114601 0.215945 230.390692 
r1 0.191896 -0.904068 -0.381885 -167.481143 
r2 0.151464 0.411737 -0.898628 1442.837213 

Frame 55 
Patt 1 
r0 0.970974 0.109347 0.212726 227.652077 
r1 0.187070 -0.901381 -0.390535 -167.090585 
r2 0.149044 0.418994 -0.895673 1442.074130 

Frame 56 
Patt 1 
r0 0.973316 0.115172 0.198472 223.279987 
r1 0.186060 -0.902323 -0.388837 -170.686118 
r2 0.134303 0.415390 -0.899674 1443.933934 

Frame 60 
Patt 1 
r0 0.973663 0.101929 0.203937 205.770551 
r1 0.175288 -0.906655 -0.383733 -171.908183 
r2 0.145787 0.409375 -0.900643 1452.417245 

Frame 61 
Patt 1 
r0 0.971996 0.090230 0.216986 197.408408 
r1 0.171804 -0.902835 -0.394172 -170.599908 
r2 0.160337 0.420413 -0.893054 1445.053678 

Frame 62 
Patt 1 
r0 0.974361 0.092959 0.204888 192.442868 
r1 0.168746 -0.904265 -0.392212 -171.988102 
r2 0.148813 0.416730 -0.896767 1453.832342 

Frame 64 
Patt 1 
r0 0.972496 0.091811 0.214061 186.832259 
r1 0.171570 -0.903932 -0.391755 -173.264350 
r2 0.157529 0.417706 -0.894822 1455.029699 

Frame 65 
Patt 1 
r0 0.969656 0.084323 0.229470 184.513279 
r1 0.169652 -0.907932 -0.383247 -175.160324 
r2 0.176027 0.410548 -0.894687 1454.733025 

Frame 66 
Patt 1 
r0 0.969901 0.084432 0.228392 181.004182 
r1 0.172246 -0.900880 -0.398429 -173.222527 
r2 0.172113 0.425776 -0.888308 1442.213878 

Frame 67 
Patt 1 
r0 0.974384 0.096677 0.203051 171.571056 
r1 0.172804 -0.899687 -0.400877 -176.240597 
r2 0.143926 0.425696 -0.893346 1443.671936 

Frame 68 
Patt 1 
r0 0.971338 0.089791 0.220092 166.236645 
r1 0.169590 -0.910566 -0.376974 -182.333287 
r2 0.166559 0.403494 -0.899695 1463.527533 

Frame 69 
Patt 1 
r0 0.969173 0.071398 0.235808 171.122578 
r1 0.163573 -0.902191 -0.399117 -174.989349 
r2 0.184248 0.425385 -0.886059 1440.468449 

Frame 70 
Patt 1 
r0 0.969173 0.071398 0.235808 171.122578 
r1 0.163573 -0.902191 -0.399117 -174.989349 
r2 0.184248 0.425385 -0.886059 1440.468449 

Frame 71 
Patt 1 
r0 0.973525 0.083042 0.212965 177.156743 
r1 0.162896 -0.905642 -0.391507 -174.500509 
r2 0.160359 0.415833 -0.895191 1449.789507 

Frame 72 
Patt 1 
r0 0.972213 0.081137 0.219586 174.870745 
r1 0.163145 -0.907538 -0.386985 -176.008561 
r2 0.167884 0.412057 -0.895558 1458.570242 

Frame 73 
Patt 1 
r0 0.972756 0.078627 0.218092 169.149450 
r1 0.159700 -0.909196 -0.384525 -177.009438 
r2 0.168055 0.408878 -0.896982 1456.664782 

Frame 74 
Patt 1 
r0 0.972727 0.079431 0.217928 165.835601 
r1 0.161698 -0.905821 -0.391589 -178.245173 
r2 0.166299 0.416148 -0.893961 1453.790781 

Frame 75 
Patt 1 
r0 0.972727 0.079431 0.217928 165.835601 
r1 0.161698 -0.905821 -0.391589 -178.245173 
r2 0.166299 0.416148 -0.893961 1453.790781 

Frame 76 
Patt 1 
r0 0.974661 0.080781 0.208590 165.999415 
r1 0.158943 -0.906255 -0.391713 -176.781372 
r2 0.157393 0.414942 -0.896131 1455.012692 

Frame 77 
Patt 1 
r0 0.974661 0.080781 0.208590 165.999415 
r1 0.158943 -0.906255 -0.391713 -176.781372 
r2 0.157393 0.414942 -0.896131 1455.012692 

Frame 78 
Patt 1 
r0 0.971088 0.067138 0.229087 162.017355 
r1 0.155956 -0.904965 -0.395874 -176.861089 
r2 0.180737 0.420156 -0.889271 1448.445182 

Frame 79 
Patt 1 
r0 0.974328 0.073931 0.212647 160.159925 
r1 0.156447 -0.901557 -0.403384 -177.055728 
r2 0.161891 0.426297 -0.889979 1451.009922 

Frame 80 
Patt 1 
r0 0.973645 0.062890 0.219226 159.918749 
r1 0.150115 -0.900369 -0.408413 -175.678368 
r2 0.171699 0.430559 -0.886080 1442.728050 

Frame 81 
Patt 1 
r0 0.975671 0.064679 0.209484 160.321851 
r1 0.147183 -0.901406 -0.407192 -175.521745 
r2 0.162494 0.428118 -0.888994 1443.949747 

Frame 82 
Patt 1 
r0 0.976854 0.065056 0.203776 154.450113 
r1 0.144845 -0.902172 -0.406332 -178.190356 
r2 0.157406 0.426443 -0.890713 1446.738665 

Frame 83 
Patt 1 
r0 0.975240 0.057965 0.213419 146.561263 
r1 0.140919 -0.906629 -0.397702 -184.896363 
r2 0.170439 0.417929 -0.892349 1452.715368 

Frame 84 
Patt 1 
r0 0.975240 0.057965 0.213419 146.561263 
r1 0.140919 -0.906629 -0.397702 -184.896363 
r2 0.170439 0.417929 -0.892349 1452.715368 

Frame 85 
Patt 1 
r0 0.975108 0.055824 0.214588 146.689501 
r1 0.139341 -0.907090 -0.397205 -187.389707 
r2 0.172477 0.417219 -0.892289 1453.457429 

Frame 86 
Patt 1 
r0 0.975779 0.047849 0.213461 148.010251 
r1 0.131885 -0.907186 -0.399525 -187.675333 
r2 0.174532 0.418000 -0.891524 1450.929122 

Frame 87 
Patt 1 
r0 0.981381 0.056334 0.183624 132.870165 
r1 0.129488 -0.900148 -0.415893 -187.730450 
r2 0.141860 0.431926 -0.890683 1438.346890 

Frame 88 
Patt 1 
r0 0.981381 0.056334 0.183624 132.870165 
r1 0.129488 -0.900148 -0.415893 -187.730450 
r2 0.141860 0.431926 -0.890683 1438.346890 

Frame 89 
Patt 1 
r0 0.978485 0.044374 0.201490 119.656237 
r1 0.122678 -0.910335 -0.395271 -197.718068 
r2 0.165884 0.411485 -0.896193 1448.738934 

Frame 90 
Patt 1 
r0 0.974590 0.030704 0.221884 117.058288 
r1 0.119467 -0.909165 -0.398931 -201.656826 
r2 0.189480 0.415302 -0.889731 1443.334257 

Frame 91 
Patt 1 
r0 0.974590 0.030704 0.221884 117.058288 
r1 0.119467 -0.909165 -0.398931 -201.656826 
r2 0.189480 0.415302 -0.889731 1443.334257 

Frame 92 
Patt 1 
r0 0.975319 0.032639 0.218377 121.181471 
r1 0.117943 -0.913107 -0.390288 -200.756086 
r2 0.186663 0.406411 -0.894420 1449.922715 

Frame 95 
Patt 1 
r0 0.980905 0.020196 0.193435 91.382142 
r1 0.098109 -0.910154 -0.402485 -211.823021 
r2 0.167927 0.413778 -0.894756 1443.271017 

Frame 95 
Patt 2 
r0 0.893432 0.396195 0.211681 328.120386 
r1 0.447605 -0.824880 -0.345288 244.868686 
r2 0.037810 0.403241 -0.914313 1287.426820 

Frame 96 
Patt 1 
r0 0.980905 0.020196 0.193435 91.382142 
r1 0.098109 -0.910154 -0.402485 -211.823021 
r2 0.167927 0.413778 -0.894756 1443.271017 

Frame 96 
Patt 2 
r0 0.893432 0.396195 0.211681 328.120386 
r1 0.447605 -0.824880 -0.345288 244.868686 
r2 0.037810 0.403241 -0.914313 1287.426820 

Frame 99 
Patt 2 
r0 0.900735 0.390633 0.189950 326.492555 
r1 0.433608 -0.834486 -0.340025 241.067224 
r2 0.025686 0.388637 -0.921033 1291.627665 

Frame 101 
Patt 1 
r0 0.976938 -0.003515 0.213496 74.317440 
r1 0.082212 -0.916590 -0.391285 -221.428637 
r2 0.197064 0.399813 -0.895162 1449.825873 

Frame 101 
Patt 2 
r0 0.899224 0.383397 0.210719 316.797488 
r1 0.434956 -0.835227 -0.336464 235.520363 
r2 0.046999 0.394210 -0.917818 1289.373713 

Frame 102 
Patt 2 
r0 0.901372 0.379819 0.208005 314.758377 
r1 0.430581 -0.837258 -0.337046 233.871721 
r2 0.046137 0.393366 -0.918223 1291.869314 

Frame 103 
Patt 1 
r0 0.978848 -0.008174 0.204426 64.463513 
r1 0.074607 -0.916134 -0.393868 -223.786398 
r2 0.190501 0.400789 -0.896146 1442.733543 

Frame 103 
Patt 2 
r0 0.902567 0.375450 0.210736 312.357954 
r1 0.427690 -0.838143 -0.338523 230.623536 
r2 0.049528 0.395670 -0.917056 1289.655775 

Frame 104 
Patt 1 
r0 0.977914 -0.011679 0.208681 64.233083 
r1 0.072147 -0.918204 -0.389482 -225.307020 
r2 0.196160 0.395935 -0.897082 1446.122719 

Frame 104 
Patt 2 
r0 0.902560 0.374234 0.212919 312.937788 
r1 0.427410 -0.838479 -0.338043 229.842189 
r2 0.052021 0.396108 -0.916729 1287.167261 

Frame 105 
Patt 1 
r0 0.979208 -0.011751 0.202518 64.276753 
r1 0.070920 -0.915495 -0.396029 -223.955314 
r2 0.190058 0.402157 -0.895627 1441.987382 

Frame 105 
Patt 2 
r0 0.901647 0.374337 0.216576 312.966149 
r1 0.428995 -0.837550 -0.338340 229.867779 
r2 0.054740 0.397973 -0.915762 1285.676448 

Frame 106 
Patt 1 
r0 0.976498 -0.022014 0.214401 63.356061 
r1 0.065074 -0.918230 -0.390664 -225.329524 
r2 0.205470 0.395434 -0.895217 1447.725339 

Frame 106 
Patt 2 
r0 0.905352 0.374627 0.199982 312.637381 
r1 0.422502 -0.842062 -0.335297 229.465306 
r2 0.042786 0.388055 -0.920643 1292.624716 

Frame 107 
Patt 1 
r0 0.981082 -0.008831 0.193393 59.109687 
r1 0.070717 -0.913580 -0.400464 -227.150361 
r2 0.180217 0.406564 -0.895672 1443.259517 

Frame 107 
Patt 2 
r0 0.905360 0.372946 0.203063 309.136731 
r1 0.422359 -0.840404 -0.339610 225.976267 
r2 0.043999 0.393234 -0.918385 1291.011925 

Frame 108 
Patt 1 
r0 0.981416 -0.009793 0.191643 54.373934 
r1 0.066288 -0.919916 -0.386472 -229.657501 
r2 0.180081 0.391993 -0.902171 1449.513226 

Frame 108 
Patt 2 
r0 0.906139 0.370214 0.204580 305.151775 
r1 0.420167 -0.843513 -0.334583 224.693427 
r2 0.048699 0.389136 -0.919892 1292.947403 

Frame 109 
Patt 1 
r0 0.975046 -0.023106 0.220799 48.900203 
r1 0.063654 -0.923714 -0.377758 -229.564234 
r2 0.212683 0.382386 -0.899192 1450.613826 

Frame 109 
Patt 2 
r0 0.907130 0.364985 0.209525 300.992292 
r1 0.417405 -0.843845 -0.337192 223.805856 
r2 0.053736 0.393334 -0.917824 1293.843165 

Frame 110 
Patt 1 
r0 0.973940 -0.031564 0.224598 43.351733 
r1 0.058507 -0.921789 -0.383251 -229.538408 
r2 0.219129 0.386404 -0.895921 1449.758730 

Frame 110 
Patt 2 
r0 0.908321 0.360018 0.212931 298.464161 
r1 0.414368 -0.843919 -0.340734 222.433501 
r2 0.057026 0.397727 -0.915730 1294.808568 

Frame 111 
Patt 1 
r0 0.980351 -0.021046 0.196136 38.946885 
r1 0.058806 -0.917902 -0.392424 -230.335998 
r2 0.188293 0.396248 -0.898629 1450.267437 

Frame 111 
Patt 2 
r0 0.910326 0.356211 0.210763 296.674635 
r1 0.409929 -0.846258 -0.340301 220.898983 
r2 0.057141 0.396183 -0.916392 1294.601462 

Frame 112 
Patt 1 
r0 0.974226 -0.042928 0.221452 36.566430 
r1 0.049870 -0.916443 -0.397045 -229.189265 
r2 0.219993 0.397855 -0.890682 1441.925413 

Frame 112 
Patt 2 
r0 0.910742 0.355429 0.210282 295.489618 
r1 0.409167 -0.845598 -0.342851 219.768554 
r2 0.055954 0.398290 -0.915552 1294.661075 

Frame 113 
Patt 1 
r0 0.980826 -0.023952 0.193408 33.833855 
r1 0.055857 -0.916232 -0.396736 -231.591185 
r2 0.186710 0.399932 -0.897326 1448.214088 

Frame 113 
Patt 2 
r0 0.912827 0.354401 0.202844 293.970931 
r1 0.404992 -0.849264 -0.338722 218.074546 
r2 0.052224 0.391345 -0.918761 1298.326065 

Frame 114 
Patt 1 
r0 0.978227 -0.037417 0.204139 24.264363 
r1 0.047798 -0.916555 -0.397041 -235.150617 
r2 0.201961 0.398153 -0.894810 1444.174640 

Frame 114 
Patt 2 
r0 0.913805 0.347184 0.210770 287.032819 
r1 0.401579 -0.849995 -0.340943 213.009674 
r2 0.060784 0.396196 -0.916152 1296.914501 

Frame 115 
Patt 1 
r0 0.978227 -0.037417 0.204139 24.264363 
r1 0.047798 -0.916555 -0.397041 -235.150617 
r2 0.201961 0.398153 -0.894810 1444.174640 

Frame 115 
Patt 2 
r0 0.913805 0.347184 0.210770 287.032819 
r1 0.401579 -0.849995 -0.340943 213.009674 
r2 0.060784 0.396196 -0.916152 1296.914501 

Frame 116 
Patt 1 
r0 0.975554 -0.045615 0.214974 22.242232 
r1 0.043529 -0.918730 -0.392480 -235.522652 
r2 0.215406 0.392243 -0.894285 1445.465152 

Frame 116 
Patt 2 
r0 0.914777 0.345782 0.208848 286.144420 
r1 0.399371 -0.851839 -0.338930 212.798692 
r2 0.060708 0.393453 -0.917338 1296.161906 

Frame 117 
Patt 1 
r0 0.979372 -0.039411 0.198187 17.936311 
r1 0.044907 -0.913817 -0.403635 -234.693829 
r2 0.197015 0.404209 -0.893197 1441.329814 

Frame 117 
Patt 2 
r0 0.917519 0.348913 0.190835 280.223862 
r1 0.396100 -0.844646 -0.360109 210.383421 
r2 0.035541 0.405996 -0.913183 1293.216137 

Frame 118 
Patt 2 
r0 0.919045 0.345076 0.190472 271.615190 
r1 0.392221 -0.848461 -0.355353 206.150963 
r2 0.038984 0.401293 -0.915120 1300.190756 

Frame 119 
Patt 2 
r0 0.918299 0.335832 0.209627 267.529393 
r1 0.390350 -0.856354 -0.338062 203.076321 
r2 0.065983 0.392270 -0.917481 1304.019208 

Frame 120 
Patt 1 
r0 0.972762 -0.059891 0.223934 -4.250163 
r1 0.035515 -0.916133 -0.399297 -243.870050 
r2 0.229067 0.396374 -0.889053 1439.095377 

Frame 120 
Patt 2 
r0 0.917633 0.331906 0.218605 266.719399 
r1 0.390473 -0.855394 -0.340341 201.641854 
r2 0.074032 0.397668 -0.914538 1297.916331 

Frame 121 
Patt 1 
r0 0.974083 -0.056359 0.219055 -2.669959 
r1 0.034858 -0.919488 -0.391571 -243.281990 
r2 0.223487 0.389058 -0.893693 1439.544572 

Frame 121 
Patt 2 
r0 0.918589 0.335216 0.209342 268.019776 
r1 0.389516 -0.857526 -0.336045 203.251077 
r2 0.066868 0.390229 -0.918286 1300.768512 

Frame 122 
Patt 1 
r0 0.974349 -0.054100 0.218443 -5.442172 
r1 0.039152 -0.915120 -0.401275 -242.908816 
r2 0.221611 0.399534 -0.889529 1431.095891 

Frame 122 
Patt 2 
r0 0.920049 0.339316 0.195894 262.917497 
r1 0.388932 -0.851381 -0.351970 200.781235 
r2 0.047351 0.400019 -0.915283 1301.443815 

Frame 123 
Patt 2 
r0 0.921242 0.324512 0.214487 251.364716 
r1 0.381534 -0.861246 -0.335689 194.176047 
r2 0.075791 0.391086 -0.917228 1306.289194 

Frame 124 
Patt 2 
r0 0.921242 0.324512 0.214487 251.364716 
r1 0.381534 -0.861246 -0.335689 194.176047 
r2 0.075791 0.391086 -0.917228 1306.289194 

Frame 125 
Patt 2 
r0 0.922198 0.323179 0.212383 249.853083 
r1 0.379507 -0.861868 -0.336389 192.472474 
r2 0.074332 0.390819 -0.917461 1307.082263 

Frame 126 
Patt 2 
r0 0.925804 0.329393 0.185436 233.568619 
r1 0.376139 -0.851425 -0.365507 182.601322 
r2 0.037489 0.408138 -0.912150 1303.910228 

Frame 127 
Patt 2 
r0 0.923240 0.316426 0.217951 224.649257 
r1 0.375706 -0.862255 -0.339648 178.203693 
r2 0.080456 0.395462 -0.914952 1313.103310 

Frame 128 
Patt 2 
r0 0.923240 0.316426 0.217951 224.649257 
r1 0.375706 -0.862255 -0.339648 178.203693 
r2 0.080456 0.395462 -0.914952 1313.103310 

Frame 129 
Patt 2 
r0 0.920873 0.306624 0.240781 222.681764 
r1 0.375524 -0.863579 -0.336471 177.127554 
r2 0.104764 0.400266 -0.910391 1305.827011 

Frame 130 
Patt 2 
r0 0.923069 0.308625 0.229551 225.849023 
r1 0.372962 -0.864091 -0.338004 179.911349 
r2 0.094036 0.397615 -0.912721 1310.086471 

Frame 131 
Patt 2 
r0 0.925355 0.309659 0.218700 223.607173 
r1 0.369605 -0.865233 -0.338769 179.684453 
r2 0.084323 0.394314 -0.915099 1312.270027 

Frame 132 
Patt 2 
r0 0.927665 0.308022 0.211091 217.845989 
r1 0.364653 -0.868987 -0.334499 177.337992 
r2 0.080403 0.387278 -0.918450 1319.421405 

Frame 133 
Patt 2 
r0 0.927315 0.300138 0.223615 213.974350 
r1 0.362671 -0.868207 -0.338655 174.949971 
r2 0.092501 0.395138 -0.913953 1317.856553 

Frame 134 
Patt 2 
r0 0.925989 0.294972 0.235662 214.553801 
r1 0.363201 -0.866407 -0.342672 173.318934 
r2 0.103100 0.402903 -0.909417 1309.741998 

Frame 135 
Patt 2 
r0 0.927718 0.296526 0.226742 217.657888 
r1 0.360437 -0.869570 -0.337540 174.784423 
r2 0.097078 0.394868 -0.913595 1312.599320 

Frame 136 
Patt 2 
r0 0.928493 0.297353 0.222444 217.064580 
r1 0.359378 -0.870378 -0.336584 174.765108 
r2 0.093526 0.392457 -0.915003 1315.124720 

Frame 137 
Patt 2 
r0 0.929738 0.294156 0.221492 214.491852 
r1 0.356119 -0.871267 -0.337747 172.046119 
r2 0.093628 0.392894 -0.914805 1315.932080 

Frame 138 
Patt 2 
r0 0.931350 0.291940 0.217619 212.366818 
r1 0.352290 -0.873582 -0.335778 170.141475 
r2 0.092080 0.389392 -0.916458 1316.807121 

Frame 139 
Patt 2 
r0 0.931564 0.285408 0.225236 211.358303 
r1 0.349742 -0.872721 -0.340644 169.070267 
r2 0.099346 0.396106 -0.912815 1313.590717 

Frame 140 
Patt 2 
r0 0.933630 0.285639 0.216206 212.769481 
r1 0.346453 -0.873466 -0.342094 168.964668 
r2 0.091134 0.394295 -0.914454 1313.895420 

Frame 141 
Patt 2 
r0 0.933612 0.282209 0.220743 214.734365 
r1 0.345307 -0.873059 -0.344283 169.407053 
r2 0.095561 0.397651 -0.912547 1311.247334 

Frame 142 
Patt 2 
r0 0.936060 0.282867 0.209232 215.040270 
r1 0.341374 -0.874139 -0.345462 169.835263 
r2 0.085178 0.394799 -0.914810 1315.466098 

Frame 143 
Patt 2 
r0 0.937163 0.281007 0.206786 213.292580 
r1 0.338335 -0.876670 -0.342021 167.635318 
r2 0.085172 0.390493 -0.916658 1316.025669 

Frame 144 
Patt 2 
r0 0.937542 0.277757 0.209444 209.983129 
r1 0.336465 -0.876949 -0.343151 164.915311 
r2 0.088359 0.392189 -0.915631 1314.625304 

Frame 145 
Patt 2 
r0 0.939948 0.276744 0.199776 206.194639 
r1 0.331647 -0.878864 -0.342940 163.444182 
r2 0.080670 0.388601 -0.917868 1319.641549 

Frame 146 
Patt 2 
r0 0.939253 0.269234 0.212878 202.577870 
r1 0.329926 -0.879205 -0.343726 161.444729 
r2 0.094620 0.393080 -0.914623 1314.299221 

Frame 147 
Patt 2 
r0 0.941726 0.269828 0.200862 197.194387 
r1 0.326001 -0.879290 -0.347237 159.748136 
r2 0.082922 0.392483 -0.916014 1315.703427 

Frame 148 
Patt 2 
r0 0.941726 0.269828 0.200862 197.194387 
r1 0.326001 -0.879290 -0.347237 159.748136 
r2 0.082922 0.392483 -0.916014 1315.703427 

Frame 149 
Patt 2 
r0 0.942625 0.263619 0.204848 192.600680 
r1 0.321415 -0.882514 -0.343310 155.934232 
r2 0.090278 0.389453 -0.916611 1319.381747 

Frame 150 
Patt 2 
r0 0.943265 0.259551 0.207083 191.607277 
r1 0.319220 -0.880497 -0.350463 153.250745 
r2 0.091373 0.396684 -0.913396 1317.748162 

Frame 151 
Patt 2 
r0 0.943559 0.256019 0.210122 191.878951 
r1 0.316634 -0.883382 -0.345512 150.591847 
r2 0.097160 0.392542 -0.914588 1313.519337 

Frame 152 
Patt 2 
r0 0.947742 0.259590 0.185470 187.594446 
r1 0.311006 -0.881355 -0.355651 148.387139 
r2 0.071142 0.394748 -0.916031 1315.742461 

Frame 153 
Patt 2 
r0 0.947742 0.259590 0.185470 187.594446 
r1 0.311006 -0.881355 -0.355651 148.387139 
r2 0.071142 0.394748 -0.916031 1315.742461 

Frame 154 
Patt 2 
r0 0.946844 0.251174 0.200991 180.056273 
r1 0.308794 -0.884788 -0.348994 144.130551 
r2 0.090177 0.392508 -0.915317 1318.517607 

Frame 155 
Patt 2 
r0 0.947089 0.242968 0.209736 178.165221 
r1 0.304399 -0.887162 -0.346822 142.676679 
r2 0.101803 0.392314 -0.914180 1315.538728 

Frame 156 
Patt 2 
r0 0.946562 0.241781 0.213454 181.732061 
r1 0.305457 -0.884481 -0.352688 146.767897 
r2 0.103523 0.399042 -0.911070 1305.804237 

Frame 157 
Patt 2 
r0 0.948625 0.249963 0.193982 184.379505 
r1 0.304954 -0.885744 -0.349945 149.960471 
r2 0.084345 0.391122 -0.916466 1316.445946 

Frame 158 
Patt 2 
r0 0.952985 0.253707 0.165688 175.052461 
r1 0.298916 -0.876768 -0.376733 144.729452 
r2 0.049690 0.408547 -0.911383 1314.462168 

Frame 159 
Patt 2 
r0 0.952001 0.240773 0.189002 164.040093 
r1 0.295157 -0.885668 -0.358433 140.652310 
r2 0.081092 0.397014 -0.914223 1318.104921 

Frame 160 
Patt 2 
r0 0.950276 0.220875 0.219520 153.789923 
r1 0.288226 -0.890727 -0.351470 135.468298 
r2 0.117902 0.397265 -0.910099 1319.955504 

Frame 161 
Patt 2 
r0 0.950276 0.220875 0.219520 153.789923 
r1 0.288226 -0.890727 -0.351470 135.468298 
r2 0.117902 0.397265 -0.910099 1319.955504 

Frame 162 
Patt 2 
r0 0.952342 0.219338 0.211978 157.500465 
r1 0.284485 -0.889411 -0.357795 136.845534 
r2 0.110057 0.401048 -0.909422 1317.879840 

Frame 163 
Patt 2 
r0 0.953953 0.219865 0.204042 160.461019 
r1 0.282002 -0.889197 -0.360284 138.830999 
r2 0.102220 0.401234 -0.910254 1320.527331 

Frame 164 
Patt 2 
r0 0.954461 0.219453 0.202099 158.832658 
r1 0.280078 -0.892468 -0.353635 137.370354 
r2 0.102760 0.394135 -0.913290 1322.071430 

Frame 165 
Patt 2 
r0 0.956572 0.219638 0.191647 154.853605 
r1 0.276101 -0.893533 -0.354072 134.932727 
r2 0.093475 0.391609 -0.915371 1323.740981 

Frame 166 
Patt 2 
r0 0.957190 0.216567 0.192057 148.234901 
r1 0.273989 -0.891879 -0.359835 130.975874 
r2 0.093363 0.397052 -0.913035 1324.068653 

Frame 167 
Patt 2 
r0 0.955496 0.209987 0.207202 143.626984 
r1 0.273199 -0.894875 -0.352933 128.765516 
r2 0.111309 0.393834 -0.912417 1323.522488 

Frame 168 
Patt 2 
r0 0.956119 0.206519 0.207813 141.879070 
r1 0.270483 -0.894788 -0.355238 128.917725 
r2 0.112585 0.395859 -0.911384 1321.752909 

Frame 169 
Patt 2 
r0 0.956178 0.204800 0.209239 140.656383 
r1 0.269421 -0.895213 -0.354974 128.030540 
r2 0.114614 0.395792 -0.911160 1320.398757 

Frame 170 
Patt 2 
r0 0.958144 0.204951 0.199890 140.525818 
r1 0.265795 -0.896236 -0.355124 127.453454 
r2 0.106365 0.393390 -0.913198 1323.013096 

Frame 171 
Patt 2 
r0 0.959324 0.201195 0.198035 136.855402 
r1 0.261423 -0.897904 -0.354157 124.701445 
r2 0.106562 0.391522 -0.913978 1323.276827 

Frame 172 
Patt 2 
r0 0.961798 0.196303 0.190812 130.204678 
r1 0.254158 -0.899290 -0.355924 120.278232 
r2 0.101726 0.390824 -0.914827 1324.233067 

Frame 173 
Patt 2 
r0 0.961964 0.193120 0.193207 124.789174 
r1 0.252178 -0.899709 -0.356272 117.399321 
r2 0.105027 0.391443 -0.914189 1325.082783 

Frame 174 
Patt 2 
r0 0.961964 0.193120 0.193207 124.789174 
r1 0.252178 -0.899709 -0.356272 117.399321 
r2 0.105027 0.391443 -0.914189 1325.082783 

Frame 175 
Patt 2 
r0 0.962713 0.189849 0.192722 120.539788 
r1 0.248020 -0.903885 -0.348538 114.459118 
r2 0.108029 0.383341 -0.917268 1326.566332 

Frame 176 
Patt 2 
r0 0.962754 0.186038 0.196199 116.185822 
r1 0.246189 -0.903179 -0.351650 111.966066 
r2 0.111782 0.386855 -0.915340 1325.231244 

Frame 177 
Patt 2 
r0 0.966879 0.180036 0.180920 105.628822 
r1 0.236696 -0.897688 -0.371660 111.878952 
r2 0.095498 0.402173 -0.910570 1320.858594 

Frame 178 
Patt 2 
r0 0.966879 0.180036 0.180920 105.628822 
r1 0.236696 -0.897688 -0.371660 111.878952 
r2 0.095498 0.402173 -0.910570 1320.858594 

Frame 179 
Patt 2 
r0 0.965705 0.164908 0.200548 76.641704 
r1 0.227679 -0.909126 -0.348788 81.687439 
r2 0.124806 0.382487 -0.915493 1324.503693 

Frame 180 
Patt 2 
r0 0.965705 0.164908 0.200548 76.641704 
r1 0.227679 -0.909126 -0.348788 81.687439 
r2 0.124806 0.382487 -0.915493 1324.503693 

Frame 181 
Patt 2 
r0 0.962980 0.155808 0.219985 71.202984 
r1 0.224432 -0.915437 -0.334074 81.269481 
r2 0.149331 0.371078 -0.916516 1328.927043 

Frame 182 
Patt 2 
r0 0.962496 0.148253 0.227208 67.947891 
r1 0.222172 -0.911360 -0.346502 82.760964 
r2 0.155698 0.383986 -0.910117 1326.279337 

Frame 183 
Patt 2 
r0 0.961104 0.146064 0.234404 68.007537 
r1 0.222674 -0.911887 -0.344787 84.762366 
r2 0.163389 0.383572 -0.908943 1323.117688 

Frame 184 
Patt 2 
r0 0.964201 0.150586 0.218266 70.757283 
r1 0.221371 -0.910249 -0.349918 86.989325 
r2 0.145984 0.385709 -0.910998 1325.993167 

Frame 185 
Patt 2 
r0 0.964421 0.148593 0.218662 73.398196 
r1 0.219685 -0.910567 -0.350153 88.708021 
r2 0.147076 0.385731 -0.910813 1324.356501 

Frame 186 
Patt 2 
r0 0.967030 0.150011 0.205791 72.286918 
r1 0.217125 -0.907954 -0.358437 85.896398 
r2 0.133079 0.391301 -0.910589 1326.613302 

Frame 187 
Patt 2 
r0 0.967654 0.145130 0.206356 67.116457 
r1 0.212072 -0.910975 -0.353766 81.145990 
r2 0.136643 0.386085 -0.912287 1325.875021 

Frame 188 
Patt 2 
r0 0.967574 0.139962 0.210264 64.971030 
r1 0.208364 -0.912815 -0.351216 79.627421 
r2 0.142776 0.383639 -0.912379 1323.668078 

Frame 189 
Patt 2 
r0 0.966528 0.138830 0.215755 65.750203 
r1 0.208907 -0.914035 -0.347703 81.118680 
r2 0.148936 0.381137 -0.912443 1320.541602 

Frame 190 
Patt 2 
r0 0.967973 0.139899 0.208462 67.491478 
r1 0.207159 -0.914156 -0.348431 84.024834 
r2 0.141822 0.380456 -0.913860 1322.720807 

Frame 191 
Patt 2 
r0 0.970497 0.144572 0.192963 66.116312 
r1 0.206168 -0.912545 -0.353208 84.715520 
r2 0.125024 0.382570 -0.915428 1326.165261 

Frame 192 
Patt 2 
r0 0.969837 0.139966 0.199563 61.100979 
r1 0.204397 -0.913042 -0.352953 82.835975 
r2 0.132808 0.383097 -0.914111 1326.000094 

Frame 193 
Patt 2 
r0 0.969701 0.137673 0.201806 57.814046 
r1 0.201948 -0.916591 -0.345078 83.150966 
r2 0.137465 0.375376 -0.916622 1326.040905 

Frame 194 
Patt 2 
r0 0.967877 0.129288 0.215636 55.368901 
r1 0.201066 -0.912947 -0.355106 82.512131 
r2 0.150953 0.387056 -0.909616 1321.589515 

Frame 195 
Patt 2 
r0 0.969217 0.127956 0.210346 56.772182 
r1 0.198219 -0.912291 -0.358378 83.592701 
r2 0.146040 0.389041 -0.909571 1320.866123 

Frame 196 
Patt 2 
r0 0.968218 0.126524 0.215744 59.542415 
r1 0.198544 -0.913398 -0.355364 88.039716 
r2 0.152099 0.386904 -0.909489 1317.509522 

Frame 197 
Patt 2 
r0 0.972736 0.133960 0.189315 58.683993 
r1 0.195605 -0.912453 -0.359400 89.833069 
r2 0.124596 0.386633 -0.913778 1325.983834 

Frame 198 
Patt 2 
r0 0.971170 0.127374 0.201504 54.451467 
r1 0.193904 -0.913788 -0.356920 87.727262 
r2 0.138670 0.385703 -0.912142 1323.360569 

Frame 199 
Patt 2 
r0 0.972482 0.125999 0.195966 53.766305 
r1 0.190600 -0.913983 -0.358199 87.627279 
r2 0.133976 0.385694 -0.912848 1323.657479 

Frame 200 
Patt 2 
r0 0.974198 0.126432 0.186960 52.722052 
r1 0.187525 -0.914391 -0.358782 87.637549 
r2 0.125593 0.384584 -0.914506 1326.390391 

Frame 201 
Patt 2 
r0 0.975669 0.124562 0.180428 48.361140 
r1 0.183396 -0.914637 -0.360284 86.144707 
r2 0.120149 0.384608 -0.915227 1328.036193 

Frame 202 
Patt 2 
r0 0.973487 0.116316 0.196961 45.167393 
r1 0.182511 -0.914022 -0.362288 84.747611 
r2 0.137887 0.388630 -0.911018 1323.044032 

Frame 203 
Patt 2 
r0 0.975001 0.116074 0.189474 42.189302 
r1 0.178858 -0.915941 -0.359253 84.126444 
r2 0.131847 0.384161 -0.913804 1324.740723 

Frame 204 
Patt 2 
r0 0.976837 0.115830 0.179923 37.382612 
r1 0.175175 -0.915763 -0.361513 82.938520 
r2 0.122893 0.384657 -0.914842 1326.841819 

Frame 205 
Patt 2 
r0 0.976193 0.110432 0.186688 31.917621 
r1 0.172768 -0.916264 -0.361402 80.662924 
r2 0.131145 0.385052 -0.913529 1325.430454 

Frame 206 
Patt 2 
r0 0.977219 0.104768 0.184574 26.931730 
r1 0.166107 -0.918879 -0.357868 78.864642 
r2 0.132108 0.380374 -0.915349 1326.401244 

Frame 207 
Patt 2 
r0 0.977498 0.093859 0.188915 19.439506 
r1 0.159031 -0.916272 -0.367635 77.446200 
r2 0.138591 0.389405 -0.910580 1323.854329 

Frame 208 
Patt 2 
r0 0.977498 0.093859 0.188915 19.439506 
r1 0.159031 -0.916272 -0.367635 77.446200 
r2 0.138591 0.389405 -0.910580 1323.854329 

Frame 209 
Patt 2 
r0 0.977273 0.089368 0.192227 15.104537 
r1 0.155753 -0.917834 -0.365131 75.456261 
r2 0.143801 0.386773 -0.910894 1323.271137 

Frame 210 
Patt 2 
r0 0.978149 0.089025 0.187878 11.390213 
r1 0.153273 -0.919350 -0.362356 74.928801 
r2 0.140467 0.383235 -0.912907 1325.777942 

Frame 211 
Patt 2 
r0 0.979880 0.087539 0.179367 7.213138 
r1 0.148453 -0.920352 -0.361821 74.267763 
r2 0.133407 0.381169 -0.914829 1326.990957 

Frame 212 
Patt 2 
r0 0.981039 0.081343 0.175913 -2.583168 
r1 0.141203 -0.921711 -0.361262 71.184480 
r2 0.132755 0.379252 -0.915721 1328.272449 

Frame 213 
Patt 2 
r0 0.981039 0.081343 0.175913 -2.583168 
r1 0.141203 -0.921711 -0.361262 71.184480 
r2 0.132755 0.379252 -0.915721 1328.272449 

Frame 214 
Patt 2 
r0 0.979979 0.076381 0.183869 -6.751378 
r1 0.140548 -0.919491 -0.367126 69.379545 
r2 0.141025 0.385618 -0.911817 1325.950248 

Frame 215 
Patt 2 
r0 0.979242 0.064379 0.192198 -14.797640 
r1 0.132510 -0.920860 -0.366684 63.733832 
r2 0.153381 0.384541 -0.910276 1322.933358 

Frame 216 
Patt 2 
r0 0.980829 0.063841 0.184117 -17.766013 
r1 0.128300 -0.922700 -0.363545 62.161615 
r2 0.146676 0.380197 -0.913201 1325.728526 

Frame 217 
Patt 2 
r0 0.980829 0.063841 0.184117 -17.766013 
r1 0.128300 -0.922700 -0.363545 62.161615 
r2 0.146676 0.380197 -0.913201 1325.728526 

Frame 218 
Patt 2 
r0 0.979060 0.056449 0.195589 -21.060376 
r1 0.126838 -0.920650 -0.369208 58.612193 
r2 0.159228 0.386285 -0.908532 1320.709300 

Frame 219 
Patt 2 
r0 0.977983 0.043409 0.204122 -21.788297 
r1 0.118744 -0.920101 -0.373248 57.854336 
r2 0.171611 0.389268 -0.904997 1315.505499 

Frame 220 
Patt 2 
r0 0.978696 0.039224 0.201532 -21.206677 
r1 0.113236 -0.921914 -0.370476 60.249377 
r2 0.171263 0.385404 -0.906715 1317.490085 

Frame 221 
Patt 2 
r0 0.985650 0.047330 0.162032 -23.266421 
r1 0.106380 -0.919451 -0.378541 60.420706 
r2 0.131064 0.390345 -0.911292 1322.280356 

Frame 222 
Patt 2 
r0 0.988160 0.052542 0.144153 -30.257922 
r1 0.102220 -0.926104 -0.363157 57.815813 
r2 0.114420 0.373593 -0.920509 1328.224558 

Frame 223 
Patt 2 
r0 0.985898 0.036025 0.163423 -37.184476 
r1 0.097676 -0.916827 -0.387153 53.552717 
r2 0.135884 0.397656 -0.907417 1319.013404 

Frame 224 
Patt 2 
r0 0.982823 0.022814 0.183137 -41.028322 
r1 0.090209 -0.925091 -0.368876 51.810172 
r2 0.161003 0.379060 -0.911258 1319.620465 

Frame 225 
Patt 2 
r0 0.982823 0.022814 0.183137 -41.028322 
r1 0.090209 -0.925091 -0.368876 51.810172 
r2 0.161003 0.379060 -0.911258 1319.620465 

Frame 226 
Patt 2 
r0 0.985497 0.026587 0.167598 -43.964309 
r1 0.087997 -0.924548 -0.370766 51.317824 
r2 0.145095 0.380137 -0.913479 1321.983462 

Frame 227 
Patt 2 
r0 0.984050 0.025368 0.176073 -50.436365 
r1 0.089784 -0.925292 -0.368475 48.646493 
r2 0.153572 0.378407 -0.912811 1322.966104 

Frame 228 
Patt 2 
r0 0.985184 0.020750 0.170240 -55.760148 
r1 0.085347 -0.920323 -0.381734 45.264781 
r2 0.148755 0.390607 -0.908459 1314.503246 

Frame 229 
Patt 2 
r0 0.981986 0.008375 0.188769 -62.059135 
r1 0.079366 -0.924901 -0.371833 42.589096 
r2 0.171478 0.380117 -0.908904 1314.814220 

Frame 230 
Patt 2 
r0 0.981986 0.008375 0.188769 -62.059135 
r1 0.079366 -0.924901 -0.371833 42.589096 
r2 0.171478 0.380117 -0.908904 1314.814220 

Frame 231 
Patt 2 
r0 0.983260 0.011576 0.181838 -65.077999 
r1 0.078315 -0.927941 -0.364406 42.624587 
r2 0.164517 0.372547 -0.913314 1318.879022 

Frame 232 
Patt 2 
r0 0.986297 0.010806 0.164622 -70.383164 
r1 0.073452 -0.922258 -0.379532 40.313020 
r2 0.147723 0.386423 -0.910415 1310.235461 

Frame 233 
Patt 2 
r0 0.986373 -0.001120 0.164518 -80.159115 
r1 0.060644 -0.927090 -0.369901 39.275094 
r2 0.152937 0.374838 -0.914389 1315.518841 

Frame 234 
Patt 2 
r0 0.986373 -0.001120 0.164518 -80.159115 
r1 0.060644 -0.927090 -0.369901 39.275094 
r2 0.152937 0.374838 -0.914389 1315.518841 

Frame 235 
Patt 2 
r0 0.981924 -0.009874 0.189016 -83.105181 
r1 0.061202 -0.928427 -0.366440 40.013118 
r2 0.179106 0.371384 -0.911041 1317.291761 

Frame 236 
Patt 2 
r0 0.985335 -0.005480 0.170542 -84.903509 
r1 0.057500 -0.930359 -0.362114 39.955260 
r2 0.160650 0.366609 -0.916400 1317.749410 

Frame 237 
Patt 2 
r0 0.988983 0.001316 0.148024 -89.964946 
r1 0.054019 -0.934211 -0.352608 39.294330 
r2 0.137822 0.356720 -0.923989 1322.729552 

Frame 238 
Patt 2 
r0 0.986326 -0.013580 0.164246 -95.106038 
r1 0.048750 -0.927961 -0.369475 37.234764 
r2 0.157431 0.372430 -0.914610 1313.063852 

Frame 239 
Patt 2 
r0 0.986147 -0.015456 0.165153 -99.712824 
r1 0.045801 -0.931571 -0.360662 36.324289 
r2 0.159426 0.363230 -0.917958 1317.996069 

Frame 240 
Patt 2 
r0 0.981253 -0.028699 0.190576 -100.971370 
r1 0.045650 -0.926099 -0.374508 35.012794 
r2 0.187240 0.376187 -0.907427 1309.757807 

Frame 241 
Patt 2 
r0 0.986394 -0.026844 0.162190 -101.667452 
r1 0.036575 -0.926018 -0.375703 37.144619 
r2 0.160276 0.376523 -0.912437 1310.588566 

Frame 242 
Patt 2 
r0 0.982427 -0.033138 0.183680 -110.460384 
r1 0.041899 -0.919840 -0.390049 33.488732 
r2 0.181881 0.390891 -0.902288 1300.851125 

Frame 243 
Patt 2 
r0 0.986932 -0.035158 0.157255 -119.733446 
r1 0.025072 -0.930515 -0.365394 31.400501 
r2 0.159175 0.364562 -0.917474 1313.098472 

Frame 244 
Patt 2 
r0 0.982359 -0.048094 0.180714 -120.737846 
r1 0.022060 -0.929814 -0.367368 30.914113 
r2 0.185699 0.364874 -0.912350 1306.464748 

Frame 245 
Patt 2 
r0 0.986916 -0.041093 0.155912 -119.930528 
r1 0.022022 -0.923560 -0.382821 31.615205 
r2 0.159725 0.381246 -0.910571 1310.068035 

Frame 246 
Patt 2 
r0 0.986606 -0.043745 0.157148 -124.237699 
r1 0.020585 -0.922281 -0.385971 31.246100 
r2 0.161819 0.384036 -0.909027 1304.716820 

Frame 247 
Patt 2 
r0 0.985712 -0.049923 0.160869 -132.141118 
r1 0.015389 -0.924380 -0.381161 28.601506 
r2 0.167733 0.378191 -0.910405 1303.960059 

Frame 248 
Patt 2 
r0 0.980284 -0.066503 0.186066 -147.383758 
r1 0.009229 -0.925222 -0.379314 21.639510 
r2 0.197378 0.373553 -0.906366 1299.465951 

Frame 249 
Patt 2 
r0 0.977491 -0.077235 0.196332 -151.580908 
r1 0.001682 -0.927700 -0.373323 19.369071 
r2 0.210971 0.365250 -0.906688 1295.728696 

Frame 250 
Patt 2 
r0 0.979309 -0.076429 0.187382 -152.278117 
r1 -0.001385 -0.928449 -0.371456 20.548494 
r2 0.202364 0.363511 -0.909345 1298.750372 

Frame 251 
Patt 2 
r0 0.979309 -0.076429 0.187382 -152.278117 
r1 -0.001385 -0.928449 -0.371456 20.548494 
r2 0.202364 0.363511 -0.909345 1298.750372 

Frame 252 
Patt 2 
r0 0.979951 -0.079395 0.182738 -157.012567 
r1 -0.005440 -0.927492 -0.373803 19.849966 
r2 0.199166 0.365314 -0.909329 1299.812592 

Frame 253 
Patt 2 
r0 0.983798 -0.078737 0.161065 -164.499145 
r1 -0.011953 -0.925206 -0.379278 16.187394 
r2 0.178882 0.371208 -0.911156 1291.852603 

Frame 254 
Patt 2 
r0 0.977573 -0.088505 0.191097 -170.704114 
r1 -0.018301 -0.939674 -0.341582 12.924443 
r2 0.209801 0.330424 -0.920219 1296.354486 

Frame 255 
Patt 2 
r0 0.978194 -0.091845 0.186280 -174.549534 
r1 -0.018995 -0.932712 -0.360122 12.282462 
r2 0.206821 0.348731 -0.914118 1293.334232 

Frame 256 
Patt 2 
r0 0.981661 -0.097367 0.163896 -179.501119 
r1 -0.032427 -0.932486 -0.359747 11.685689 
r2 0.187859 0.347835 -0.918542 1293.663976 

Frame 257 
Patt 2 
r0 0.982401 -0.103387 0.155562 -183.943842 
r1 -0.042414 -0.934563 -0.353261 11.383600 
r2 0.181905 0.340446 -0.922500 1290.709604 

Frame 258 
Patt 2 
r0 0.981391 -0.108713 0.158283 -188.853218 
r1 -0.047289 -0.935746 -0.349491 10.850659 
r2 0.186106 0.335502 -0.923473 1289.803084 

Frame 259 
Patt 2 
r0 0.979718 -0.110353 0.167255 -193.759580 
r1 -0.044617 -0.933873 -0.354809 10.230770 
r2 0.195350 0.340151 -0.919857 1285.013013 

Frame 260 
Patt 2 
r0 0.973987 -0.118047 0.193426 -199.140716 
r1 -0.044129 -0.936061 -0.349060 10.058724 
r2 0.222264 0.331444 -0.916921 1283.691620 

Frame 261 
Patt 2 
r0 0.976606 -0.121408 0.177484 -203.508485 
r1 -0.053482 -0.936570 -0.346376 11.172655 
r2 0.208279 0.328781 -0.921153 1286.716979 

Frame 262 
Patt 2 
r0 0.976112 -0.127619 0.175837 -213.653020 
r1 -0.056731 -0.930942 -0.360733 11.155323 
r2 0.209730 0.342141 -0.915944 1277.293643 

Frame 263 
Patt 2 
r0 0.976112 -0.127619 0.175837 -213.653020 
r1 -0.056731 -0.930942 -0.360733 11.155323 
r2 0.209730 0.342141 -0.915944 1277.293643 

Frame 264 
Patt 2 
r0 0.969780 -0.138405 0.200926 -219.239059 
r1 -0.059948 -0.933454 -0.353653 11.574300 
r2 0.236503 0.330921 -0.913542 1277.781845 

Frame 265 
Patt 2 
r0 0.970538 -0.140091 0.196037 -222.957797 
r1 -0.065267 -0.936041 -0.345786 12.507645 
r2 0.231940 0.322804 -0.917606 1278.733469 

Frame 266 
Patt 2 
r0 0.969539 -0.143516 0.198488 -225.026058 
r1 -0.067139 -0.935040 -0.348128 12.913666 
r2 0.235556 0.324197 -0.916193 1277.087806 

Frame 267 
Patt 2 
r0 0.969572 -0.147345 0.195499 -228.372015 
r1 -0.071409 -0.934079 -0.349853 12.820205 
r2 0.234160 0.325247 -0.916178 1276.193566 

Frame 268 
Patt 2 
r0 0.968252 -0.155256 0.195915 -230.382187 
r1 -0.077922 -0.932148 -0.353593 13.223459 
r2 0.237519 0.327102 -0.914653 1275.361241 

Frame 269 
Patt 2 
r0 0.970281 -0.157890 0.183372 -234.454561 
r1 -0.084201 -0.930737 -0.355865 13.498303 
r2 0.226858 0.329849 -0.916371 1269.948510 

Frame 270 
Patt 2 
r0 0.971771 -0.159749 0.173613 -240.309660 
r1 -0.089342 -0.930249 -0.355887 13.473660 
r2 0.218356 0.330329 -0.918261 1266.945582 

Frame 271 
Patt 2 
r0 0.968248 -0.167020 0.186011 -246.470344 
r1 -0.092803 -0.931042 -0.352914 13.222590 
r2 0.232128 0.324446 -0.916979 1268.514318 

Frame 272 
Patt 2 
r0 0.966672 -0.171706 0.189899 -250.735985 
r1 -0.096762 -0.931763 -0.349935 13.685438 
r2 0.237027 0.319898 -0.917324 1267.147696 

Frame 273 
Patt 2 
r0 0.965238 -0.176081 0.193161 -254.513325 
r1 -0.099277 -0.930628 -0.352243 14.063268 
r2 0.241785 0.320822 -0.915759 1264.101715 

Frame 274 
Patt 2 
r0 0.965559 -0.180396 0.187492 -258.670756 
r1 -0.106382 -0.931347 -0.348247 14.413524 
r2 0.237442 0.316307 -0.918461 1263.141374 

Frame 275 
Patt 2 
r0 0.965829 -0.190104 0.176166 -266.189713 
r1 -0.116774 -0.925989 -0.359038 16.149691 
r2 0.231383 0.326198 -0.916546 1256.892718 

Frame 276 
Patt 2 
r0 0.965829 -0.190104 0.176166 -266.189713 
r1 -0.116774 -0.925989 -0.359038 16.149691 
r2 0.231383 0.326198 -0.916546 1256.892718 

Frame 277 
Patt 2 
r0 0.964563 -0.194554 0.178230 -273.088342 
r1 -0.122403 -0.928358 -0.350954 14.519434 
r2 0.233741 0.316702 -0.919274 1255.926008 

Frame 278 
Patt 2 
r0 0.960620 -0.199843 0.193057 -278.516268 
r1 -0.125758 -0.932247 -0.339264 14.408081 
r2 0.247777 0.301626 -0.920668 1259.686885 

Frame 279 
Patt 2 
r0 0.960924 -0.201434 0.189869 -280.278297 
r1 -0.129673 -0.933557 -0.334149 16.023844 
r2 0.244563 0.296471 -0.923198 1258.860094 

Frame 280 
Patt 2 
r0 0.961561 -0.207110 0.180295 -282.912434 
r1 -0.132126 -0.924558 -0.357400 17.485725 
r2 0.240714 0.319840 -0.916384 1250.210432 

Frame 281 
Patt 2 
r0 0.960499 -0.214248 0.177592 -289.939264 
r1 -0.141595 -0.925647 -0.350896 17.033418 
r2 0.239566 0.311889 -0.919420 1250.143571 

Frame 282 
Patt 2 
r0 0.956904 -0.221016 0.188376 -295.185813 
r1 -0.145991 -0.926859 -0.345860 17.797105 
r2 0.251039 0.303454 -0.919182 1252.002363 

Frame 283 
Patt 2 
r0 0.956339 -0.225416 0.186022 -299.482624 
r1 -0.151203 -0.926297 -0.345124 17.724090 
