NumPatterns 4 
PN Data/hiro.patt 
PN Data/kanji.patt 
PN Data/sample1.patt 
PN Data/sample2.patt 
Frame 93 
Patt 3 
r0 0.980992 0.020418 0.192971 -221.943578 
r1 0.130231 -0.806499 -0.576715 -18.521244 
r2 0.143855 0.590883 -0.793828 1431.840161 

Frame 94 
Patt 3 
r0 0.978835 0.021126 0.203558 -216.659935 
r1 0.136491 -0.808518 -0.572424 -17.366524 
r2 0.152488 0.588092 -0.794289 1426.815236 

Frame 95 
Patt 3 
r0 0.964642 0.005868 0.263499 -203.117519 
r1 0.161123 -0.804314 -0.571942 -12.084079 
r2 0.208580 0.594175 -0.776821 1400.022076 

Frame 96 
Patt 3 
r0 0.981576 0.041460 0.186520 -199.766532 
r1 0.143370 -0.805111 -0.575535 -7.338765 
r2 0.126308 0.591673 -0.796222 1439.593927 

Frame 97 
Patt 3 
r0 0.980033 0.042648 0.194209 -201.156739 
r1 0.149007 -0.804241 -0.575320 -7.396955 
r2 0.131654 0.592771 -0.794538 1443.824086 

Frame 98 
Patt 3 
r0 0.977814 0.040299 0.205562 -201.323590 
r1 0.153469 -0.805728 -0.572058 -6.633723 
r2 0.142573 0.590913 -0.794037 1443.652825 

Frame 99 
Patt 3 
r0 0.974951 0.029087 0.220512 -190.705988 
r1 0.157242 -0.791320 -0.590836 -3.949663 
r2 0.157309 0.610710 -0.776072 1421.002635 

Frame 100 
Patt 3 
r0 0.978688 0.049850 0.199211 -182.595152 
r1 0.157982 -0.802531 -0.575313 -0.429308 
r2 0.131194 0.594524 -0.793303 1449.119138 

Frame 101 
Patt 3 
r0 0.979228 0.052630 0.195812 -182.089774 
r1 0.158682 -0.800101 -0.578496 0.083283 
r2 0.126223 0.597552 -0.791833 1450.162087 

Frame 102 
Patt 3 
r0 0.978302 0.050736 0.200878 -177.730385 
r1 0.161783 -0.792759 -0.587673 0.592063 
r2 0.129432 0.607420 -0.783766 1437.497301 

Frame 103 
Patt 3 
r0 0.978302 0.050736 0.200878 -177.730385 
r1 0.161783 -0.792759 -0.587673 0.592063 
r2 0.129432 0.607420 -0.783766 1437.497301 

Frame 104 
Patt 3 
r0 0.978913 0.067072 0.192954 -163.258792 
r1 0.168447 -0.799400 -0.576702 6.026919 
r2 0.115566 0.597043 -0.793841 1455.573099 

Frame 105 
Patt 3 
r0 0.978913 0.067072 0.192954 -163.258792 
r1 0.168447 -0.799400 -0.576702 6.026919 
r2 0.115566 0.597043 -0.793841 1455.573099 

Frame 106 
Patt 3 
r0 0.978271 0.069904 0.195192 -162.991243 
r1 0.171655 -0.801084 -0.573410 3.385418 
r2 0.116282 0.594456 -0.795676 1457.364640 

Frame 107 
Patt 3 
r0 0.977166 0.068619 0.201092 -159.586897 
r1 0.174267 -0.800290 -0.573731 1.649731 
r2 0.121563 0.595674 -0.793974 1454.244018 

Frame 108 
Patt 3 
r0 0.975284 0.061900 0.212105 -151.958170 
r1 0.177227 -0.792428 -0.583651 1.396398 
r2 0.131950 0.606817 -0.783813 1437.358854 

Frame 109 
Patt 3 
r0 0.977705 0.080703 0.193853 -134.687318 
r1 0.180127 -0.796811 -0.576755 7.433190 
r2 0.107918 0.598815 -0.793583 1455.125469 

Frame 110 
Patt 3 
r0 0.977705 0.080703 0.193853 -134.687318 
r1 0.180127 -0.796811 -0.576755 7.433190 
r2 0.107918 0.598815 -0.793583 1455.125469 

Frame 111 
Patt 3 
r0 0.977448 0.088092 0.191926 -134.691758 
r1 0.184539 -0.798169 -0.573474 8.397904 
r2 0.102671 0.595959 -0.796425 1461.192205 

Frame 112 
Patt 3 
r0 0.976309 0.088127 0.197621 -136.283651 
r1 0.187838 -0.798546 -0.571876 9.982081 
r2 0.107412 0.595448 -0.796181 1461.191880 

Frame 113 
Patt 3 
r0 0.976371 0.087400 0.197637 -132.816312 
r1 0.188164 -0.793589 -0.578629 11.295290 
r2 0.106271 0.602145 -0.791283 1458.317206 

Frame 114 
Patt 3 
r0 0.975921 0.088428 0.199397 -126.732283 
r1 0.191533 -0.784822 -0.589381 10.532134 
r2 0.104373 0.613381 -0.782860 1449.928124 

Frame 115 
Patt 3 
r0 0.975663 0.096623 0.196842 -125.287132 
r1 0.194573 -0.795425 -0.573969 8.298839 
r2 0.101114 0.598300 -0.794866 1462.759192 

Frame 116 
Patt 3 
r0 0.974554 0.102048 0.199574 -130.833457 
r1 0.200017 -0.797796 -0.568783 -4.866507 
r2 0.101176 0.594229 -0.797907 1427.117003 

Frame 117 
Patt 3 
r0 0.972368 0.088763 0.215920 -144.568279 
r1 0.202071 -0.783180 -0.588044 -20.965392 
r2 0.116907 0.615427 -0.779476 1403.564180 

Frame 118 
Patt 3 
r0 0.968701 0.094574 0.229509 -161.245960 
r1 0.209584 -0.807047 -0.552041 -20.169990 
r2 0.133016 0.582864 -0.801608 1461.406885 

Frame 119 
Patt 3 
r0 0.968701 0.094574 0.229509 -161.245960 
r1 0.209584 -0.807047 -0.552041 -20.169990 
r2 0.133016 0.582864 -0.801608 1461.406885 

Frame 120 
Patt 3 
r0 0.965806 0.090192 0.243073 -158.876170 
r1 0.214928 -0.802860 -0.556077 -19.222840 
r2 0.145000 0.589305 -0.794792 1452.574469 

Frame 121 
Patt 3 
r0 0.966690 0.089852 0.239661 -148.902190 
r1 0.214560 -0.795008 -0.567386 -15.794086 
r2 0.139552 0.599908 -0.787804 1439.170580 

Frame 122 
Patt 3 
r0 0.966719 0.092483 0.238538 -139.326433 
r1 0.215587 -0.796502 -0.564896 -11.957680 
r2 0.137753 0.597521 -0.789932 1446.371158 

Frame 123 
Patt 3 
r0 0.968547 0.103989 0.226058 -135.362879 
r1 0.216206 -0.801400 -0.557685 -9.170183 
r2 0.123170 0.589020 -0.798677 1464.856690 

Frame 124 
Patt 3 
r0 0.966962 0.106768 0.231485 -135.303941 
r1 0.221161 -0.802958 -0.553485 -7.678355 
r2 0.126779 0.586395 -0.800043 1467.058227 

Frame 125 
Patt 3 
r0 0.968033 0.108297 0.226237 -136.826660 
r1 0.219867 -0.800459 -0.557605 -6.321907 
r2 0.120706 0.589522 -0.798682 1466.655885 

Frame 126 
Patt 3 
r0 0.964668 0.102304 0.242796 -135.257424 
r1 0.225031 -0.799216 -0.557329 -2.382653 
r2 0.137029 0.592274 -0.793999 1459.723557 

Frame 127 
Patt 3 
r0 0.966286 0.108879 0.233319 -130.668365 
r1 0.225659 -0.794468 -0.563824 2.001918 
r2 0.123976 0.597466 -0.792253 1465.113211 

Frame 128 
Patt 3 
r0 0.964839 0.109607 0.238897 -126.657312 
r1 0.229366 -0.794977 -0.561607 1.931015 
r2 0.128362 0.596655 -0.792165 1462.692978 

Frame 129 
Patt 3 
r0 0.966056 0.111868 0.232856 -119.490057 
r1 0.228298 -0.791536 -0.566878 4.841428 
r2 0.120899 0.600796 -0.790207 1457.416053 

Frame 130 
Patt 3 
r0 0.966261 0.116115 0.229908 -115.856444 
r1 0.229020 -0.795771 -0.560623 10.542483 
r2 0.117858 0.594362 -0.795515 1470.865540 

Frame 131 
Patt 3 
r0 0.966909 0.118846 0.225748 -116.444094 
r1 0.229573 -0.791284 -0.566715 12.045007 
r2 0.111279 0.599788 -0.792383 1470.790291 

Frame 132 
Patt 3 
r0 0.965485 0.117909 0.232243 -116.777618 
r1 0.232233 -0.793425 -0.562624 12.394443 
r2 0.117929 0.597139 -0.793422 1472.466048 

Frame 133 
Patt 3 
r0 0.965797 0.118482 0.230648 -113.042399 
r1 0.232097 -0.791624 -0.565211 14.787074 
r2 0.115619 0.599411 -0.792047 1470.177729 

Frame 134 
Patt 3 
r0 0.964336 0.118527 0.236661 -109.440620 
r1 0.235882 -0.790457 -0.565276 17.726835 
r2 0.120070 0.600940 -0.790224 1471.954702 

Frame 135 
Patt 3 
r0 0.965673 0.124040 0.228231 -105.843403 
r1 0.236185 -0.785018 -0.572681 19.055770 
r2 0.108130 0.606927 -0.787367 1472.030701 

Frame 136 
Patt 3 
r0 0.965218 0.121636 0.231428 -97.996835 
r1 0.236516 -0.783474 -0.574656 18.962561 
r2 0.111419 0.609404 -0.784992 1465.537784 

Frame 137 
Patt 3 
r0 0.965218 0.121636 0.231428 -97.996835 
r1 0.236516 -0.783474 -0.574656 18.962561 
r2 0.111419 0.609404 -0.784992 1465.537784 

Frame 138 
Patt 3 
r0 0.966017 0.126070 0.225650 -90.370755 
r1 0.236387 -0.784035 -0.573942 20.387229 
r2 0.104561 0.607779 -0.787193 1468.079334 

Frame 139 
Patt 3 
r0 0.965467 0.136015 0.222201 -85.000882 
r1 0.241920 -0.784578 -0.570887 23.921050 
r2 0.096685 0.604927 -0.790389 1481.543939 

Frame 140 
Patt 3 
r0 0.965467 0.136015 0.222201 -85.000882 
r1 0.241920 -0.784578 -0.570887 23.921050 
r2 0.096685 0.604927 -0.790389 1481.543939 

Frame 141 
Patt 3 
r0 0.964092 0.130223 0.231448 -84.088261 
r1 0.243160 -0.783243 -0.572191 21.917641 
r2 0.106768 0.607924 -0.786784 1474.486276 

Frame 142 
Patt 3 
r0 0.963088 0.141568 0.228953 -67.714782 
r1 0.250231 -0.784355 -0.567602 24.389292 
r2 0.099226 0.603942 -0.790827 1477.203673 

Frame 143 
Patt 3 
r0 0.963088 0.141568 0.228953 -67.714782 
r1 0.250231 -0.784355 -0.567602 24.389292 
r2 0.099226 0.603942 -0.790827 1477.203673 

Frame 144 
Patt 3 
r0 0.963678 0.148145 0.222211 -64.767616 
r1 0.251256 -0.784947 -0.566328 26.999170 
r2 0.090525 0.601590 -0.793659 1483.363989 

Frame 145 
Patt 3 
r0 0.962293 0.146638 0.229104 -62.275364 
r1 0.254789 -0.780862 -0.570384 28.250110 
r2 0.095258 0.607249 -0.788780 1479.423267 

Frame 146 
Patt 3 
r0 0.961554 0.146843 0.232057 -56.422933 
r1 0.257470 -0.775969 -0.575831 29.899399 
r2 0.095513 0.613440 -0.783944 1475.690771 

Frame 147 
Patt 3 
r0 0.961052 0.150512 0.231788 -52.178958 
r1 0.259295 -0.781279 -0.567776 32.256689 
r2 0.095634 0.605763 -0.789876 1482.995867 

Frame 148 
Patt 3 
r0 0.962106 0.155227 0.224182 -48.801274 
r1 0.258473 -0.781056 -0.568456 32.920526 
r2 0.086859 0.604860 -0.791581 1488.517934 

Frame 149 
Patt 3 
r0 0.960619 0.157332 0.229038 -46.619414 
r1 0.263166 -0.779707 -0.568156 31.390156 
r2 0.089194 0.606056 -0.790405 1487.273555 

Frame 150 
Patt 3 
r0 0.959628 0.155844 0.234152 -41.738612 
r1 0.264706 -0.781861 -0.564468 32.339468 
r2 0.095105 0.603660 -0.791549 1482.615109 

Frame 151 
Patt 3 
r0 0.959368 0.160227 0.232252 -34.806665 
r1 0.267122 -0.780879 -0.564689 33.754399 
r2 0.090882 0.603784 -0.791951 1484.467048 

Frame 152 
Patt 3 
r0 0.959428 0.166977 0.227194 -30.550192 
r1 0.269413 -0.780561 -0.564039 35.103190 
r2 0.083157 0.602364 -0.793878 1490.215626 

Frame 153 
Patt 3 
r0 0.959950 0.170114 0.222613 -28.838012 
r1 0.269340 -0.779113 -0.566073 35.994075 
r2 0.077144 0.603360 -0.793729 1490.940878 

Frame 154 
Patt 3 
r0 0.957155 0.168231 0.235698 -20.742517 
r1 0.276727 -0.771164 -0.573348 39.820907 
r2 0.085307 0.614007 -0.784677 1479.745626 

Frame 155 
Patt 3 
r0 0.957155 0.168231 0.235698 -20.742517 
r1 0.276727 -0.771164 -0.573348 39.820907 
r2 0.085307 0.614007 -0.784677 1479.745626 

Frame 156 
Patt 3 
r0 0.957437 0.171709 0.232013 -12.193665 
r1 0.277651 -0.767576 -0.577699 42.780987 
r2 0.078892 0.617529 -0.782581 1477.239509 

Frame 157 
Patt 3 
r0 0.956897 0.184105 0.224618 -7.321471 
r1 0.282180 -0.772359 -0.569066 43.888571 
r2 0.068718 0.607920 -0.791019 1493.902151 

Frame 158 
Patt 3 
r0 0.956321 0.186026 0.225486 -5.704006 
r1 0.283842 -0.775342 -0.564162 44.020396 
r2 0.069880 0.603522 -0.794278 1494.883803 

Frame 159 
Patt 3 
r0 0.954051 0.188672 0.232787 -1.893024 
r1 0.290784 -0.770484 -0.567274 45.837579 
r2 0.072330 0.608899 -0.789944 1490.294591 

Frame 160 
Patt 3 
r0 0.950865 0.193982 0.241301 15.736205 
r1 0.300388 -0.766787 -0.567279 49.087803 
r2 0.074985 0.611889 -0.787381 1485.620796 

Frame 161 
Patt 3 
r0 0.950865 0.193982 0.241301 15.736205 
r1 0.300388 -0.766787 -0.567279 49.087803 
r2 0.074985 0.611889 -0.787381 1485.620796 

Frame 162 
Patt 3 
r0 0.949225 0.207859 0.236151 29.135583 
r1 0.307785 -0.768968 -0.560318 49.387306 
r2 0.065126 0.604551 -0.793900 1492.671080 

Frame 163 
Patt 3 
r0 0.949225 0.207859 0.236151 29.135583 
r1 0.307785 -0.768968 -0.560318 49.387306 
r2 0.065126 0.604551 -0.793900 1492.671080 

Frame 164 
Patt 3 
r0 0.948658 0.206386 0.239694 32.973565 
r1 0.308708 -0.769207 -0.559482 51.364502 
r2 0.068905 0.604752 -0.793427 1492.347582 

Frame 165 
Patt 3 
r0 0.948234 0.210263 0.237995 38.135992 
r1 0.310853 -0.767881 -0.560115 54.426046 
r2 0.064981 0.605102 -0.793492 1493.153572 

Frame 166 
Patt 3 
r0 0.948015 0.214079 0.235452 52.884774 
r1 0.312920 -0.761667 -0.567402 58.445763 
r2 0.057867 0.611583 -0.789061 1484.265291 

Frame 167 
Patt 3 
r0 0.948015 0.214079 0.235452 52.884774 
r1 0.312920 -0.761667 -0.567402 58.445763 
r2 0.057867 0.611583 -0.789061 1484.265291 

Frame 168 
Patt 3 
r0 0.948718 0.220601 0.226428 60.355551 
r1 0.312695 -0.760070 -0.569662 62.920621 
r2 0.046433 0.611251 -0.790073 1487.134615 

Frame 169 
Patt 3 
r0 0.947220 0.229223 0.224122 65.525870 
r1 0.317848 -0.762636 -0.563347 66.404174 
r2 0.041792 0.604850 -0.795242 1500.113142 

Frame 170 
Patt 3 
r0 0.946645 0.229747 0.226008 66.053610 
r1 0.319443 -0.761730 -0.563669 66.894259 
r2 0.042655 0.605791 -0.794479 1501.098530 

Frame 171 
Patt 3 
r0 0.945323 0.230122 0.231101 67.428928 
r1 0.322779 -0.761547 -0.562014 68.345959 
r2 0.046663 0.605879 -0.794187 1499.060762 

Frame 172 
Patt 3 
r0 0.944513 0.230802 0.233723 70.836069 
r1 0.325029 -0.759501 -0.563485 71.219486 
r2 0.047459 0.608185 -0.792375 1498.595883 

Frame 173 
Patt 3 
r0 0.945304 0.235764 0.225422 75.051887 
r1 0.323953 -0.759355 -0.564300 74.249684 
r2 0.038134 0.606461 -0.794198 1501.632789 

Frame 174 
Patt 3 
r0 0.943118 0.239221 0.230873 75.681790 
r1 0.329815 -0.760635 -0.559158 71.596031 
r2 0.041847 0.603497 -0.796267 1502.567997 

Frame 175 
Patt 3 
r0 0.943118 0.239221 0.230873 75.681790 
r1 0.329815 -0.760635 -0.559158 71.596031 
r2 0.041847 0.603497 -0.796267 1502.567997 

Frame 176 
Patt 3 
r0 0.942852 0.237786 0.233428 73.509597 
r1 0.330115 -0.761875 -0.557288 70.846460 
r2 0.045328 0.602498 -0.796832 1501.581778 

Frame 177 
Patt 3 
r0 0.943044 0.235777 0.234684 71.978695 
r1 0.329420 -0.760179 -0.560009 70.677267 
r2 0.046365 0.605423 -0.794552 1500.027117 

Frame 178 
Patt 3 
r0 0.942483 0.231670 0.240945 74.887150 
r1 0.330041 -0.759086 -0.561126 70.539798 
r2 0.052902 0.608373 -0.791886 1495.216101 

Frame 179 
Patt 3 
r0 0.941529 0.235985 0.240488 84.751686 
r1 0.332710 -0.763812 -0.553078 68.115353 
r2 0.053170 0.600752 -0.797665 1497.063101 

Frame 180 
Patt 3 
r0 0.941529 0.235985 0.240488 84.751686 
r1 0.332710 -0.763812 -0.553078 68.115353 
r2 0.053170 0.600752 -0.797665 1497.063101 

Frame 181 
Patt 3 
r0 0.941481 0.240923 0.235732 86.269976 
r1 0.333639 -0.765571 -0.550079 68.881089 
r2 0.047943 0.596538 -0.801152 1498.516973 

Frame 182 
Patt 3 
r0 0.940228 0.243131 0.238449 87.126979 
r1 0.337142 -0.763303 -0.551094 70.827541 
r2 0.048020 0.598545 -0.799649 1496.393498 

Frame 183 
Patt 3 
r0 0.938168 0.244312 0.245259 89.422961 
r1 0.342395 -0.759338 -0.553327 71.712231 
r2 0.051050 0.603090 -0.796038 1493.565446 

Frame 184 
Patt 3 
r0 0.936699 0.249213 0.245945 98.054516 
r1 0.347032 -0.754128 -0.557548 75.835570 
r2 0.046525 0.607605 -0.792875 1486.294008 

Frame 185 
Patt 3 
r0 0.936072 0.246141 0.251364 106.690297 
r1 0.349253 -0.736129 -0.579773 80.246114 
r2 0.042330 0.630499 -0.775035 1452.383100 

Frame 186 
Patt 3 
r0 0.936223 0.258561 0.237975 124.459667 
r1 0.349662 -0.752829 -0.557661 89.183585 
r2 0.034965 0.605306 -0.795225 1491.990050 

Frame 187 
Patt 3 
r0 0.935235 0.269038 0.230118 125.338621 
r1 0.353152 -0.754648 -0.552983 89.288315 
r2 0.024885 0.598435 -0.800784 1502.573175 

Frame 188 
Patt 3 
r0 0.928721 0.272719 0.251201 125.647386 
r1 0.368585 -0.752669 -0.545560 93.382932 
r2 0.040287 0.599261 -0.799539 1500.377911 

Frame 189 
Patt 3 
r0 0.928217 0.277185 0.248157 127.605561 
r1 0.370486 -0.749570 -0.548529 96.562697 
r2 0.033967 0.601093 -0.798457 1503.999769 

Frame 190 
Patt 3 
r0 0.926812 0.278824 0.251547 131.121369 
r1 0.373965 -0.746281 -0.550650 98.683764 
r2 0.034190 0.604419 -0.795933 1502.605417 

Frame 191 
Patt 3 
r0 0.926359 0.281430 0.250312 133.917251 
r1 0.375318 -0.745417 -0.550899 99.619212 
r2 0.031547 0.604277 -0.796149 1503.838840 

Frame 192 
Patt 3 
r0 0.920703 0.289314 0.261923 150.564381 
r1 0.388583 -0.741821 -0.546538 102.798765 
r2 0.036179 0.604978 -0.795419 1498.559822 

Frame 193 
Patt 3 
r0 0.920629 0.293597 0.257376 155.843793 
r1 0.389472 -0.736910 -0.552518 104.063438 
r2 0.027445 0.608905 -0.792769 1491.118274 

Frame 194 
Patt 3 
r0 0.918010 0.304575 0.253951 169.518537 
r1 0.396043 -0.736736 -0.548059 112.034124 
r2 0.020170 0.603700 -0.796957 1501.739345 

Frame 195 
Patt 3 
r0 0.911792 0.310938 0.268241 176.289943 
r1 0.409709 -0.733059 -0.542920 119.116704 
r2 0.027822 0.604931 -0.795791 1493.402353 

Frame 196 
Patt 3 
r0 0.911792 0.310938 0.268241 176.289943 
r1 0.409709 -0.733059 -0.542920 119.116704 
r2 0.027822 0.604931 -0.795791 1493.402353 

Frame 197 
Patt 3 
r0 0.911730 0.317500 0.260655 182.821579 
r1 0.410477 -0.728878 -0.547946 127.154510 
r2 0.016013 0.606572 -0.794867 1500.453864 

Frame 198 
Patt 3 
r0 0.909859 0.320793 0.263151 188.038844 
r1 0.414721 -0.722650 -0.552977 131.174910 
r2 0.012775 0.612265 -0.790549 1494.356524 

Frame 199 
Patt 3 
r0 0.906593 0.333710 0.258315 205.599286 
r1 0.421985 -0.723020 -0.546965 141.842075 
r2 0.004239 0.604880 -0.796306 1504.012360 

Frame 200 
Patt 3 
r0 0.906593 0.333710 0.258315 205.599286 
r1 0.421985 -0.723020 -0.546965 141.842075 
r2 0.004239 0.604880 -0.796306 1504.012360 

Frame 201 
Patt 3 
r0 0.902631 0.341746 0.261661 214.128616 
r1 0.430408 -0.719899 -0.544513 147.816475 
r2 0.002284 0.604115 -0.796894 1503.982521 

Frame 202 
Patt 3 
r0 0.901990 0.346749 0.257253 219.104470 
r1 0.431706 -0.715222 -0.549624 150.908654 
r2 -0.006589 0.606813 -0.794817 1505.092221 

Frame 203 
Patt 3 
r0 0.901029 0.350174 0.255980 223.676776 
r1 0.433622 -0.712297 -0.551911 153.937378 
r2 -0.010931 0.608286 -0.793643 1504.372915 

Frame 204 
Patt 3 
r0 0.900581 0.352663 0.254133 227.947393 
r1 0.434517 -0.713935 -0.549082 157.097359 
r2 -0.012207 0.604918 -0.796194 1507.928428 

Frame 205 
Patt 3 
r0 0.898268 0.355611 0.258177 230.341926 
r1 0.439274 -0.710068 -0.550310 158.753855 
r2 -0.012373 0.607737 -0.794042 1503.753078 

Frame 206 
Patt 3 
r0 0.896728 0.358107 0.260074 235.139452 
r1 0.442358 -0.706467 -0.552470 161.779577 
r2 -0.014110 0.610461 -0.791921 1498.148757 

Frame 207 
Patt 3 
r0 0.893042 0.369423 0.256908 241.573910 
r1 0.449608 -0.709607 -0.542504 165.709658 
r2 -0.018110 0.599987 -0.799805 1509.049251 

Frame 208 
Patt 3 
r0 0.893042 0.369423 0.256908 241.573910 
r1 0.449608 -0.709607 -0.542504 165.709658 
r2 -0.018110 0.599987 -0.799805 1509.049251 

Frame 209 
Patt 3 
r0 0.889935 0.368178 0.269186 243.540238 
r1 0.455941 -0.703244 -0.545495 167.982621 
r2 -0.011536 0.608188 -0.793709 1500.747482 

Frame 210 
Patt 3 
r0 0.887175 0.374184 0.270011 253.372914 
r1 0.460968 -0.692458 -0.554987 174.922635 
r2 -0.020696 0.616838 -0.786818 1482.552732 

Frame 211 
Patt 3 
r0 0.887175 0.374184 0.270011 253.372914 
r1 0.460968 -0.692458 -0.554987 174.922635 
r2 -0.020696 0.616838 -0.786818 1482.552732 

Frame 212 
Patt 3 
r0 0.878423 0.396247 0.267136 275.056509 
r1 0.477077 -0.694643 -0.538395 189.264808 
r2 -0.027773 0.600383 -0.799230 1500.583839 

Frame 213 
Patt 3 
r0 0.876671 0.398734 0.269184 276.637313 
r1 0.480088 -0.688970 -0.542988 192.631098 
r2 -0.031048 0.605254 -0.795427 1494.251660 

Frame 214 
Patt 3 
r0 0.873734 0.398786 0.278494 280.170524 
r1 0.485190 -0.674124 -0.556909 195.598810 
r2 -0.034348 0.621713 -0.782492 1468.058167 

Frame 215 
Patt 3 
r0 0.872061 0.401417 0.279953 291.498305 
r1 0.487844 -0.667490 -0.562552 204.015543 
r2 -0.038952 0.627153 -0.777921 1459.837485 

Frame 216 
Patt 3 
r0 0.871912 0.420428 0.251016 304.620083 
r1 0.486325 -0.683786 -0.543989 214.650487 
r2 -0.057067 0.596386 -0.800666 1505.134681 

Frame 217 
Patt 3 
r0 0.871912 0.420428 0.251016 304.620083 
r1 0.486325 -0.683786 -0.543989 214.650487 
r2 -0.057067 0.596386 -0.800666 1505.134681 

Frame 218 
Patt 3 
r0 0.869913 0.417114 0.263187 302.699807 
r1 0.491069 -0.682895 -0.540838 215.433776 
r2 -0.045862 0.599725 -0.798891 1501.958419 

Frame 219 
Patt 3 
r0 0.866936 0.417037 0.272950 303.894652 
r1 0.496831 -0.679388 -0.539991 216.890578 
r2 -0.039757 0.603748 -0.796183 1497.089505 

Frame 220 
Patt 3 
r0 0.865963 0.422551 0.267503 306.978049 
r1 0.497609 -0.674619 -0.545229 219.485928 
r2 -0.049925 0.605260 -0.794461 1494.763616 

Frame 221 
Patt 3 
r0 0.864280 0.425136 0.268847 310.513148 
r1 0.500029 -0.668039 -0.551085 222.222912 
r2 -0.054685 0.610723 -0.789954 1485.988904 

Frame 222 
Patt 3 
r0 0.862016 0.425851 0.274917 317.067199 
r1 0.504076 -0.663229 -0.553203 225.545297 
r2 -0.053249 0.615449 -0.786376 1476.734039 

Frame 223 
Patt 3 
r0 0.860899 0.431367 0.269769 323.916005 
r1 0.504397 -0.654221 -0.563541 228.907481 
r2 -0.066605 0.621223 -0.780798 1465.038144 

Frame 224 
Patt 3 
r0 0.861082 0.436566 0.260667 337.533430 
r1 0.503737 -0.662690 -0.554158 238.839299 
r2 -0.069185 0.608483 -0.790545 1480.333770 

Frame 225 
Patt 3 
r0 0.858582 0.442663 0.258625 343.704458 
r1 0.508210 -0.668421 -0.543080 244.370554 
r2 -0.067531 0.597714 -0.798860 1493.820344 

Frame 226 
Patt 2 
r0 0.965850 0.000855 0.259100 -149.512359 
r1 0.143897 -0.833367 -0.533660 335.839914 
r2 0.215469 0.552719 -0.805031 1222.419698 

Frame 226 
Patt 3 
r0 0.852859 0.449051 0.266430 347.921313 
r1 0.516889 -0.653906 -0.552479 252.929117 
r2 -0.073871 0.608902 -0.789799 1477.928967 

Frame 227 
Patt 2 
r0 0.965850 0.000855 0.259100 -149.512359 
r1 0.143897 -0.833367 -0.533660 335.839914 
r2 0.215469 0.552719 -0.805031 1222.419698 

Frame 227 
Patt 3 
r0 0.852859 0.449051 0.266430 347.921313 
r1 0.516889 -0.653906 -0.552479 252.929117 
r2 -0.073871 0.608902 -0.789799 1477.928967 

Frame 228 
Patt 3 
r0 0.849882 0.451254 0.272158 353.378031 
r1 0.520917 -0.641337 -0.563322 256.386675 
r2 -0.079656 0.620529 -0.780127 1462.445726 

Frame 229 
Patt 3 
r0 0.849069 0.461194 0.257647 366.328211 
r1 0.520867 -0.649417 -0.554035 264.899668 
r2 -0.088197 0.604614 -0.791621 1484.711088 

Frame 230 
Patt 2 
r0 0.965689 0.011084 0.259463 -134.006461 
r1 0.153606 -0.829966 -0.536247 343.941593 
r2 0.209402 0.557704 -0.803192 1226.510806 

Frame 230 
Patt 3 
r0 0.847779 0.463517 0.257725 369.903670 
r1 0.523446 -0.653151 -0.547172 267.407052 
r2 -0.085290 0.598786 -0.796355 1488.406020 

Frame 231 
Patt 2 
r0 0.964494 0.011923 0.263836 -133.743175 
r1 0.157147 -0.828802 -0.537022 345.637509 
r2 0.212265 0.559415 -0.801248 1227.170218 

Frame 231 
Patt 3 
r0 0.845606 0.465607 0.261076 370.740383 
r1 0.527579 -0.654467 -0.541603 270.757166 
r2 -0.081309 0.595721 -0.799066 1490.458840 

Frame 232 
Patt 3 
r0 0.846451 0.462004 0.264715 369.689290 
r1 0.526421 -0.651393 -0.546414 273.831076 
r2 -0.080012 0.601864 -0.794580 1486.442559 

Frame 233 
Patt 2 
r0 0.962953 0.013921 0.269310 -128.944933 
r1 0.165004 -0.820316 -0.547590 348.789737 
r2 0.213296 0.571740 -0.792223 1224.069310 

Frame 233 
Patt 3 
r0 0.843437 0.466754 0.265997 373.379880 
r1 0.530206 -0.643431 -0.552157 277.971625 
r2 -0.086571 0.606743 -0.790170 1482.458539 

Frame 234 
Patt 3 
r0 0.841909 0.471469 0.262501 379.115896 
r1 0.532237 -0.645319 -0.547985 283.619633 
r2 -0.088961 0.601066 -0.794233 1490.450939 

Frame 235 
Patt 3 
r0 0.839832 0.472594 0.267090 380.668470 
r1 0.535333 -0.639446 -0.551840 287.090199 
r2 -0.090006 0.606435 -0.790022 1482.043326 

Frame 236 
Patt 2 
r0 0.960088 0.020489 0.278945 -119.835861 
r1 0.175985 -0.819406 -0.545531 356.633123 
r2 0.217392 0.572848 -0.790308 1226.600689 

Frame 236 
Patt 3 
r0 0.838611 0.476322 0.264290 385.489395 
r1 0.536383 -0.637445 -0.553134 292.201640 
r2 -0.094999 0.605625 -0.790059 1485.641480 

Frame 237 
Patt 2 
r0 0.960783 0.028189 0.275866 -118.159833 
r1 0.179904 -0.820411 -0.542734 359.028128 
r2 0.211025 0.571079 -0.793308 1229.797377 

Frame 237 
Patt 3 
r0 0.835572 0.478908 0.269196 389.325271 
r1 0.541812 -0.637295 -0.547992 296.497036 
r2 -0.090881 0.603741 -0.791984 1490.637897 

Frame 238 
Patt 2 
r0 0.962698 0.033231 0.268531 -117.106281 
r1 0.178639 -0.823454 -0.538527 359.274173 
r2 0.203227 0.566409 -0.798674 1233.930331 

Frame 238 
Patt 3 
r0 0.834928 0.479681 0.269817 390.505131 
r1 0.542637 -0.635658 -0.549076 297.086924 
r2 -0.091870 0.604852 -0.791021 1488.544672 

Frame 239 
Patt 3 
r0 0.832892 0.482897 0.270373 397.166063 
r1 0.544878 -0.629920 -0.553452 296.510955 
r2 -0.096947 0.608286 -0.787775 1476.523537 

Frame 240 
Patt 3 
r0 0.832892 0.482897 0.270373 397.166063 
r1 0.544878 -0.629920 -0.553452 296.510955 
r2 -0.096947 0.608286 -0.787775 1476.523537 

Frame 241 
Patt 3 
r0 0.833947 0.484952 0.263352 402.825178 
r1 0.542798 -0.634790 -0.549920 300.114603 
r2 -0.099512 0.601551 -0.792612 1484.062457 

Frame 242 
Patt 3 
r0 0.831776 0.487846 0.264868 406.044421 
r1 0.546240 -0.634344 -0.547019 301.404010 
r2 -0.098844 0.599679 -0.794113 1483.756602 

Frame 243 
Patt 2 
r0 0.959885 0.042965 0.277083 -102.801534 
r1 0.190323 -0.825515 -0.531321 362.550104 
r2 0.205907 0.562742 -0.800577 1232.033288 

Frame 243 
Patt 3 
r0 0.830452 0.490358 0.264382 406.847864 
r1 0.548248 -0.635156 -0.544060 304.109663 
r2 -0.098860 0.596762 -0.796305 1484.935872 

Frame 244 
Patt 3 
r0 0.829885 0.491571 0.263909 406.489265 
r1 0.549117 -0.635861 -0.542357 306.939021 
r2 -0.098797 0.595011 -0.797622 1484.341824 

Frame 245 
Patt 2 
r0 0.959115 0.044715 0.279461 -102.170570 
r1 0.193022 -0.825498 -0.530373 366.220210 
r2 0.206978 0.562631 -0.800379 1230.649959 

Frame 245 
Patt 3 
r0 0.832941 0.487928 0.261027 407.578312 
r1 0.544333 -0.637603 -0.545127 310.013886 
r2 -0.099551 0.596145 -0.796681 1486.258921 

Frame 246 
Patt 3 
r0 0.828279 0.488804 0.273907 408.034665 
r1 0.551708 -0.626108 -0.551006 311.747622 
r2 -0.097838 0.607503 -0.788269 1478.261018 

Frame 247 
Patt 2 
r0 0.959930 0.042110 0.277058 -96.572241 
r1 0.192188 -0.818448 -0.541485 369.588835 
r2 0.203956 0.573035 -0.793746 1229.697471 

Frame 247 
Patt 3 
r0 0.830786 0.489961 0.264070 412.647713 
r1 0.546993 -0.630987 -0.550140 314.057042 
r2 -0.102923 0.601493 -0.792220 1483.085394 

Frame 249 
Patt 3 
r0 0.834670 0.492649 0.246217 417.660378 
r1 0.538219 -0.634809 -0.554381 317.429511 
r2 -0.116815 0.595244 -0.795009 1481.951989 

Frame 250 
Patt 2 
r0 0.958097 0.039028 0.283772 -87.942446 
r1 0.197235 -0.808296 -0.554757 371.825698 
r2 0.207720 0.587481 -0.782124 1219.750666 

Frame 266 
Patt 3 
r0 0.824367 0.481348 0.297865 403.179586 
r1 0.560141 -0.617800 -0.551874 317.910337 
r2 -0.081623 0.621793 -0.778917 1457.120705 

Frame 267 
Patt 3 
r0 0.833098 0.473741 0.285514 405.917455 
r1 0.548211 -0.638529 -0.540135 322.064191 
r2 -0.073576 0.606507 -0.791666 1493.758752 

Frame 269 
Patt 3 
r0 0.834416 0.474681 0.280050 412.642232 
r1 0.545709 -0.640456 -0.540388 317.661053 
r2 -0.077152 0.603734 -0.793444 1488.739271 

Frame 270 
Patt 3 
r0 0.834416 0.474681 0.280050 412.642232 
r1 0.545709 -0.640456 -0.540388 317.661053 
r2 -0.077152 0.603734 -0.793444 1488.739271 

Frame 275 
Patt 2 
r0 0.949993 0.065272 0.305373 -80.173401 
r1 0.226176 -0.818084 -0.528756 369.248759 
r2 0.215307 0.571382 -0.791937 1233.834183 

Frame 289 
Patt 1 
r0 0.925349 -0.210199 0.315510 -338.804997 
r1 0.007366 -0.822095 -0.569303 11.587288 
r2 0.379046 0.529128 -0.759176 1410.177470 

Frame 291 
Patt 1 
r0 0.932686 -0.197036 0.302115 -327.421764 
r1 0.002541 -0.833995 -0.551766 20.909916 
r2 0.360680 0.515393 -0.777355 1424.360767 

Frame 292 
Patt 1 
r0 0.931276 -0.194226 0.308222 -325.341411 
r1 0.013623 -0.826876 -0.562219 22.020044 
r2 0.364059 0.527780 -0.767404 1428.381660 

Frame 293 
Patt 1 
r0 0.939746 -0.190244 0.284051 -310.822833 
r1 0.003938 -0.824786 -0.565431 28.758799 
r2 0.341851 0.532481 -0.774340 1430.274916 

Frame 294 
Patt 1 
r0 0.939746 -0.190244 0.284051 -310.822833 
r1 0.003938 -0.824786 -0.565431 28.758799 
r2 0.341851 0.532481 -0.774340 1430.274916 

Frame 295 
Patt 1 
r0 0.938179 -0.186592 0.291552 -300.203869 
r1 0.008332 -0.829856 -0.557915 35.682298 
r2 0.346049 0.525854 -0.776999 1424.557840 

Frame 296 
Patt 1 
r0 0.945115 -0.174657 0.276138 -297.073668 
r1 0.017516 -0.816840 -0.576598 39.155371 
r2 0.326268 0.549789 -0.768949 1442.718036 

Frame 297 
Patt 1 
r0 0.948604 -0.171990 0.265650 -297.977267 
r1 0.012435 -0.818522 -0.574340 35.358083 
r2 0.316221 0.548125 -0.774315 1445.334219 

Frame 298 
Patt 1 
r0 0.939430 -0.181260 0.290887 -293.409796 
r1 0.023684 -0.812352 -0.582686 34.188669 
r2 0.341921 0.554282 -0.758856 1437.311323 

Frame 299 
Patt 1 
r0 0.942224 -0.173933 0.286287 -284.349732 
r1 0.024644 -0.816327 -0.577064 37.934460 
r2 0.334075 0.550779 -0.764877 1428.610745 

Frame 300 
Patt 1 
r0 0.947498 -0.164560 0.274165 -276.015434 
r1 0.026283 -0.814429 -0.579668 41.320509 
r2 0.318678 0.556441 -0.767345 1438.302401 

Frame 301 
Patt 1 
r0 0.947020 -0.163041 0.276714 -271.550460 
r1 0.030136 -0.812659 -0.581960 39.829711 
r2 0.319758 0.559467 -0.764691 1446.230819 

Frame 302 
Patt 1 
r0 0.945954 -0.164531 0.279463 -264.412312 
r1 0.030054 -0.813560 -0.580703 39.641839 
r2 0.322904 0.557718 -0.764646 1444.165969 

Frame 303 
Patt 1 
r0 0.950014 -0.151184 0.273162 -257.367381 
r1 0.038070 -0.812311 -0.581981 40.700024 
r2 0.309879 0.563289 -0.765951 1443.429454 

Frame 304 
Patt 1 
r0 0.947094 -0.159019 0.278793 -249.107551 
r1 0.036522 -0.809596 -0.585851 40.607448 
r2 0.318871 0.565038 -0.760955 1441.216243 

Frame 305 
Patt 1 
r0 0.958965 -0.134840 0.249410 -244.120226 
r1 0.033649 -0.819329 -0.572336 39.772551 
r2 0.281522 0.557242 -0.781170 1454.100727 

Frame 306 
Patt 1 
r0 0.951550 -0.131650 0.277888 -234.384972 
r1 0.052387 -0.821097 -0.568380 41.396906 
r2 0.303000 0.555399 -0.774418 1453.615526 

Frame 307 
Patt 1 
r0 0.951550 -0.131650 0.277888 -234.384972 
r1 0.052387 -0.821097 -0.568380 41.396906 
r2 0.303000 0.555399 -0.774418 1453.615526 

Frame 308 
Patt 1 
r0 0.954120 -0.132391 0.268565 -223.274118 
r1 0.048756 -0.816274 -0.575604 44.265606 
r2 0.295427 0.562290 -0.772368 1448.386156 

Frame 309 
Patt 1 
r0 0.956437 -0.120761 0.265790 -214.525244 
r1 0.055458 -0.818700 -0.571538 46.589629 
r2 0.286622 0.561380 -0.776338 1457.710189 

Frame 310 
Patt 1 
r0 0.952878 -0.123696 0.276989 -207.090018 
r1 0.062670 -0.813122 -0.578710 48.005357 
r2 0.296809 0.568799 -0.767054 1454.554321 

Frame 311 
Patt 1 
r0 0.956184 -0.117009 0.268369 -204.763731 
r1 0.061315 -0.816298 -0.574367 48.337159 
r2 0.286275 0.565655 -0.773357 1459.749594 

Frame 312 
Patt 1 
r0 0.958502 -0.114874 0.260916 -202.741550 
r1 0.061320 -0.810727 -0.582204 48.412715 
r2 0.278412 0.574043 -0.770040 1451.110827 

Frame 313 
Patt 1 
r0 0.957938 -0.110526 0.264837 -180.387973 
r1 0.064618 -0.816084 -0.574309 52.823715 
r2 0.279606 0.567266 -0.774616 1460.750279 

Frame 314 
Patt 1 
r0 0.964055 -0.092763 0.248983 -177.004955 
r1 0.069242 -0.816987 -0.572484 52.637660 
r2 0.256521 0.569146 -0.781198 1467.716026 

Frame 315 
Patt 1 
r0 0.964055 -0.092763 0.248983 -177.004955 
r1 0.069242 -0.816987 -0.572484 52.637660 
r2 0.256521 0.569146 -0.781198 1467.716026 

Frame 316 
Patt 1 
r0 0.964502 -0.092905 0.247192 -172.215634 
r1 0.070751 -0.810935 -0.580843 52.636946 
r2 0.254420 0.577714 -0.775576 1460.444153 

Frame 317 
Patt 1 
r0 0.957886 -0.097762 0.269994 -155.452928 
r1 0.084317 -0.803051 -0.589915 54.291463 
r2 0.274490 0.587836 -0.760989 1442.783822 

Frame 318 
Patt 1 
r0 0.957886 -0.097762 0.269994 -155.452928 
r1 0.084317 -0.803051 -0.589915 54.291463 
r2 0.274490 0.587836 -0.760989 1442.783822 

Frame 319 
Patt 1 
r0 0.966500 -0.079257 0.244121 -146.226457 
r1 0.080005 -0.810711 -0.579954 59.767433 
r2 0.243877 0.580057 -0.777212 1458.480515 

Frame 320 
Patt 1 
r0 0.967429 -0.074608 0.241897 -143.537976 
r1 0.080220 -0.815974 -0.572495 64.453587 
r2 0.240095 0.573254 -0.783412 1468.941529 

Frame 321 
Patt 1 
r0 0.960463 -0.081789 0.266124 -143.839525 
r1 0.090991 -0.811167 -0.577693 67.300463 
r2 0.263119 0.579068 -0.771653 1465.226076 

Frame 322 
Patt 1 
r0 0.961433 -0.079551 0.263284 -138.821972 
r1 0.091937 -0.809242 -0.580237 70.477632 
r2 0.259218 0.582065 -0.770718 1461.848212 

Frame 323 
Patt 1 
r0 0.961543 -0.077449 0.263507 -125.721396 
r1 0.095706 -0.804803 -0.585775 75.538974 
r2 0.257439 0.588468 -0.766440 1446.943905 

Frame 324 
Patt 1 
r0 0.964002 -0.072225 0.255898 -113.774863 
r1 0.096422 -0.801939 -0.589574 85.028629 
r2 0.247796 0.593024 -0.766107 1468.245746 

Frame 325 
Patt 1 
r0 0.966586 -0.061670 0.248815 -125.671005 
r1 0.096253 -0.812294 -0.575251 78.205851 
r2 0.237587 0.579979 -0.779216 1480.008577 

Frame 326 
Patt 1 
r0 0.965432 -0.056821 0.254388 -122.585792 
r1 0.105599 -0.807013 -0.581016 79.916982 
r2 0.238308 0.587794 -0.773116 1471.996786 

Frame 327 
Patt 1 
r0 0.965432 -0.056821 0.254388 -122.585792 
r1 0.105599 -0.807013 -0.581016 79.916982 
r2 0.238308 0.587794 -0.773116 1471.996786 

Frame 328 
Patt 1 
r0 0.967677 -0.050910 0.246999 -125.116503 
r1 0.105112 -0.808868 -0.578519 84.791212 
r2 0.229242 0.585782 -0.777372 1477.908134 

Frame 329 
Patt 1 
r0 0.967677 -0.050910 0.246999 -125.116503 
r1 0.105112 -0.808868 -0.578519 84.791212 
r2 0.229242 0.585782 -0.777372 1477.908134 

Frame 330 
Patt 1 
r0 0.962633 -0.057320 0.264672 -123.170773 
r1 0.113414 -0.802173 -0.586222 89.303069 
r2 0.245915 0.594334 -0.765697 1473.440025 

Frame 331 
Patt 1 
r0 0.964635 -0.049255 0.258948 -120.825208 
r1 0.114110 -0.807527 -0.578687 89.111304 
r2 0.237610 0.587770 -0.773348 1486.270704 

Frame 332 
Patt 1 
r0 0.964635 -0.049255 0.258948 -120.825208 
r1 0.114110 -0.807527 -0.578687 89.111304 
r2 0.237610 0.587770 -0.773348 1486.270704 

Frame 333 
Patt 1 
r0 0.965011 -0.048199 0.257742 -116.635075 
r1 0.117220 -0.799968 -0.588482 87.853315 
r2 0.234549 0.598104 -0.766328 1472.363764 

Frame 334 
Patt 1 
r0 0.961877 -0.048394 0.269168 -103.957296 
r1 0.125548 -0.796245 -0.591804 90.937604 
r2 0.242964 0.603036 -0.759813 1466.141902 

Frame 335 
Patt 1 
r0 0.964128 -0.032897 0.263392 -82.441638 
r1 0.133650 -0.797167 -0.588781 95.626880 
r2 0.229337 0.602862 -0.764174 1472.465411 

Frame 336 
Patt 1 
r0 0.964128 -0.032897 0.263392 -82.441638 
r1 0.133650 -0.797167 -0.588781 95.626880 
r2 0.229337 0.602862 -0.764174 1472.465411 

Frame 337 
Patt 1 
r0 0.964201 -0.022694 0.264201 -73.760838 
r1 0.141449 -0.798730 -0.584827 99.687118 
r2 0.224297 0.601262 -0.766926 1477.723544 

Frame 338 
Patt 1 
r0 0.965812 -0.014808 0.258820 -70.908331 
r1 0.143636 -0.800553 -0.581794 101.040610 
r2 0.215815 0.599079 -0.771056 1484.876037 

Frame 339 
Patt 1 
r0 0.969419 -0.002220 0.245403 -69.629584 
r1 0.144335 -0.803573 -0.577440 101.347490 
r2 0.198481 0.595201 -0.778679 1491.271741 

Frame 340 
Patt 1 
r0 0.963167 -0.005315 0.268850 -48.277245 
r1 0.159529 -0.793559 -0.587209 107.214596 
r2 0.216469 0.608470 -0.763482 1465.479841 

Frame 341 
Patt 1 
r0 0.969359 0.018367 0.244961 -37.708852 
r1 0.161092 -0.800368 -0.577461 116.388852 
r2 0.185453 0.599228 -0.778802 1495.247855 

Frame 342 
Patt 1 
r0 0.969359 0.018367 0.244961 -37.708852 
r1 0.161092 -0.800368 -0.577461 116.388852 
r2 0.185453 0.599228 -0.778802 1495.247855 

Frame 343 
Patt 1 
r0 0.967032 0.021315 0.253761 -37.562264 
r1 0.169491 -0.797588 -0.578901 113.968408 
r2 0.190057 0.602826 -0.774906 1492.916159 

Frame 344 
Patt 1 
r0 0.965274 0.022631 0.260258 -37.343649 
r1 0.172545 -0.803248 -0.570106 111.452414 
r2 0.196150 0.595214 -0.779259 1495.015853 

Frame 345 
Patt 1 
r0 0.965470 0.019649 0.259773 -23.480909 
r1 0.177577 -0.779241 -0.601041 110.767569 
r2 0.190616 0.626416 -0.755823 1451.803858 

Frame 346 
Patt 1 
r0 0.965849 0.025402 0.257857 -7.568648 
r1 0.180397 -0.780284 -0.598844 118.144614 
r2 0.185990 0.624909 -0.758219 1454.691671 

Frame 347 
Patt 1 
r0 0.966206 0.040380 0.254589 0.141388 
r1 0.185123 -0.795978 -0.576323 123.620133 
r2 0.179375 0.603977 -0.776554 1491.083943 

Frame 348 
Patt 1 
r0 0.966706 0.055581 0.249781 -1.575072 
r1 0.196151 -0.787815 -0.583843 121.299130 
r2 0.164331 0.613399 -0.772488 1490.891100 

Frame 349 
Patt 1 
r0 0.966706 0.055581 0.249781 -1.575072 
r1 0.196151 -0.787815 -0.583843 121.299130 
r2 0.164331 0.613399 -0.772488 1490.891100 

Frame 350 
Patt 1 
r0 0.959607 0.042225 0.278156 5.145796 
r1 0.204468 -0.783784 -0.586409 121.185698 
r2 0.193253 0.619596 -0.760759 1471.024490 

Frame 351 
Patt 1 
r0 0.964088 0.063206 0.257953 21.926009 
r1 0.208707 -0.780963 -0.588675 128.532880 
r2 0.164245 0.621371 -0.766108 1468.325156 

Frame 352 
Patt 1 
r0 0.962883 0.069283 0.260877 31.642290 
r1 0.214630 -0.782609 -0.584344 133.235666 
r2 0.163679 0.618646 -0.768431 1484.688626 

Frame 353 
Patt 1 
r0 0.964133 0.087162 0.250698 35.689145 
r1 0.220310 -0.789569 -0.572752 136.327500 
r2 0.148022 0.607441 -0.780452 1497.535944 

Frame 354 
Patt 1 
r0 0.962253 0.088567 0.257340 40.515116 
r1 0.225499 -0.788873 -0.571690 139.338781 
r2 0.152376 0.608141 -0.779068 1497.379842 

Frame 355 
Patt 1 
r0 0.961442 0.093460 0.258642 47.095719 
r1 0.230552 -0.786617 -0.572782 143.961565 
r2 0.149920 0.610327 -0.777834 1498.944558 

Frame 356 
Patt 1 
r0 0.961085 0.097975 0.258296 52.665426 
r1 0.235355 -0.779976 -0.579867 148.080829 
r2 0.144652 0.618093 -0.772682 1499.085244 

Frame 357 
Patt 1 
r0 0.959658 0.102743 0.261725 57.668248 
r1 0.240718 -0.781244 -0.575945 152.741258 
r2 0.145297 0.615712 -0.774460 1501.424472 

Frame 358 
Patt 1 
r0 0.958349 0.102511 0.266568 63.210127 
r1 0.245560 -0.772351 -0.585811 156.039442 
r2 0.145832 0.626870 -0.765354 1490.728395 

Frame 359 
Patt 1 
r0 0.955537 0.099814 0.277462 74.675058 
r1 0.252081 -0.764698 -0.593036 160.997805 
r2 0.152981 0.636611 -0.755859 1475.127461 

Frame 360 
Patt 1 
r0 0.956213 0.115825 0.268776 86.341682 
r1 0.257766 -0.768230 -0.585986 170.183518 
r2 0.138610 0.629609 -0.764447 1495.839148 

Frame 361 
Patt 1 
r0 0.956813 0.123505 0.263164 91.621830 
r1 0.259827 -0.769332 -0.583625 173.434843 
r2 0.130380 0.626798 -0.768197 1505.307521 

Frame 362 
Patt 1 
r0 0.954602 0.127034 0.269440 95.594806 
r1 0.267099 -0.765482 -0.585402 174.321922 
r2 0.131886 0.630792 -0.764661 1499.529777 

Frame 363 
Patt 1 
r0 0.955684 0.136613 0.260778 103.756076 
r1 0.269817 -0.760785 -0.590258 177.123737 
r2 0.117759 0.634463 -0.763931 1492.236213 

Frame 364 
Patt 1 
r0 0.953851 0.138932 0.266207 114.168985 
r1 0.276412 -0.752620 -0.597629 182.866215 
r2 0.117323 0.643632 -0.756290 1485.948290 

Frame 365 
Patt 1 
r0 0.955168 0.156872 0.251087 125.234949 
r1 0.278082 -0.766423 -0.579022 189.288882 
r2 0.101606 0.622886 -0.775686 1511.898797 

Frame 366 
Patt 1 
r0 0.952120 0.161034 0.259877 128.085203 
r1 0.287795 -0.758920 -0.584136 188.013068 
r2 0.103160 0.630959 -0.768927 1510.420731 

Frame 367 
Patt 1 
r0 0.949598 0.161132 0.268887 124.838777 
r1 0.293218 -0.759901 -0.580149 186.758038 
r2 0.110847 0.629751 -0.768848 1510.522854 

Frame 368 
Patt 1 
r0 0.946614 0.167247 0.275590 137.539998 
r1 0.305685 -0.737154 -0.602628 195.584133 
r2 0.102365 0.654700 -0.748925 1470.931355 

Frame 369 
Patt 1 
r0 0.947287 0.172462 0.270007 155.867262 
r1 0.307491 -0.726083 -0.615023 205.909197 
r2 0.089979 0.665628 -0.740839 1465.033714 

Frame 370 
Patt 1 
r0 0.947287 0.172462 0.270007 155.867262 
r1 0.307491 -0.726083 -0.615023 205.909197 
r2 0.089979 0.665628 -0.740839 1465.033714 

Frame 371 
Patt 1 
r0 0.947771 0.192862 0.254036 169.738871 
r1 0.309776 -0.746273 -0.589165 215.751286 
r2 0.075952 0.637088 -0.767040 1514.390195 

Frame 372 
Patt 1 
r0 0.944764 0.192047 0.265593 165.864197 
r1 0.316476 -0.745271 -0.586868 213.328337 
r2 0.085232 0.638506 -0.764883 1513.943598 

Frame 373 
Patt 1 
r0 0.942640 0.202743 0.265188 171.970449 
r1 0.324395 -0.743728 -0.584497 214.470990 
r2 0.078725 0.636996 -0.766837 1516.003101 

Frame 374 
Patt 1 
r0 0.941978 0.212224 0.260074 163.248161 
r1 0.328169 -0.745157 -0.580557 200.554843 
r2 0.070588 0.632220 -0.771567 1512.327363 

Frame 375 
Patt 1 
r0 0.936005 0.205351 0.285879 156.588774 
r1 0.338520 -0.747689 -0.571284 194.277730 
r2 0.096435 0.631500 -0.769355 1518.155187 

Frame 376 
Patt 1 
r0 0.936005 0.205351 0.285879 156.588774 
r1 0.338520 -0.747689 -0.571284 194.277730 
r2 0.096435 0.631500 -0.769355 1518.155187 

Frame 377 
Patt 1 
r0 0.934168 0.201041 0.294809 171.693092 
r1 0.344223 -0.725407 -0.596066 205.314894 
r2 0.094023 0.658306 -0.746855 1481.498051 

Frame 378 
Patt 1 
r0 0.934168 0.201041 0.294809 171.693092 
r1 0.344223 -0.725407 -0.596066 205.314894 
r2 0.094023 0.658306 -0.746855 1481.498051 

Frame 379 
Patt 1 
r0 0.935189 0.220656 0.277006 186.219357 
r1 0.345287 -0.741976 -0.574673 215.230139 
r2 0.078727 0.633074 -0.770077 1518.150300 

Frame 380 
Patt 1 
r0 0.933944 0.222358 0.279831 182.830594 
r1 0.348411 -0.741048 -0.573984 211.537402 
r2 0.079738 0.633565 -0.769570 1519.481543 

Frame 381 
Patt 1 
r0 0.933944 0.222358 0.279831 182.830594 
r1 0.348411 -0.741048 -0.573984 211.537402 
r2 0.079738 0.633565 -0.769570 1519.481543 

Frame 382 
Patt 1 
r0 0.935802 0.220858 0.274767 189.523380 
r1 0.344307 -0.739938 -0.577879 210.690212 
r2 0.075682 0.635384 -0.768478 1519.606310 

